"Fecha_de_reporte","Codigo_pais","Paises","Region","Casos_nuevos","Casos_acumulados","defunciones_nuevas","defunciones_acumuladas"
"2020-01-03","AT","Austria","EURO",0,0,0,0
"2020-01-04","AT","Austria","EURO",0,0,0,0
"2020-01-05","AT","Austria","EURO",0,0,0,0
"2020-01-06","AT","Austria","EURO",0,0,0,0
"2020-01-07","AT","Austria","EURO",0,0,0,0
"2020-01-08","AT","Austria","EURO",0,0,0,0
"2020-01-09","AT","Austria","EURO",0,0,0,0
"2020-01-10","AT","Austria","EURO",0,0,0,0
"2020-01-11","AT","Austria","EURO",0,0,0,0
"2020-01-12","AT","Austria","EURO",0,0,0,0
"2020-01-13","AT","Austria","EURO",0,0,0,0
"2020-01-14","AT","Austria","EURO",0,0,0,0
"2020-01-15","AT","Austria","EURO",0,0,0,0
"2020-01-16","AT","Austria","EURO",0,0,0,0
"2020-01-17","AT","Austria","EURO",0,0,0,0
"2020-01-18","AT","Austria","EURO",0,0,0,0
"2020-01-19","AT","Austria","EURO",0,0,0,0
"2020-01-20","AT","Austria","EURO",0,0,0,0
"2020-01-21","AT","Austria","EURO",0,0,0,0
"2020-01-22","AT","Austria","EURO",0,0,0,0
"2020-01-23","AT","Austria","EURO",0,0,0,0
"2020-01-24","AT","Austria","EURO",0,0,0,0
"2020-01-25","AT","Austria","EURO",0,0,0,0
"2020-01-26","AT","Austria","EURO",0,0,0,0
"2020-01-27","AT","Austria","EURO",0,0,0,0
"2020-01-28","AT","Austria","EURO",0,0,0,0
"2020-01-29","AT","Austria","EURO",0,0,0,0
"2020-01-30","AT","Austria","EURO",0,0,0,0
"2020-01-31","AT","Austria","EURO",0,0,0,0
"2020-02-01","AT","Austria","EURO",0,0,0,0
"2020-02-02","AT","Austria","EURO",0,0,0,0
"2020-02-03","AT","Austria","EURO",0,0,0,0
"2020-02-04","AT","Austria","EURO",0,0,0,0
"2020-02-05","AT","Austria","EURO",0,0,0,0
"2020-02-06","AT","Austria","EURO",0,0,0,0
"2020-02-07","AT","Austria","EURO",0,0,0,0
"2020-02-08","AT","Austria","EURO",0,0,0,0
"2020-02-09","AT","Austria","EURO",0,0,0,0
"2020-02-10","AT","Austria","EURO",0,0,0,0
"2020-02-11","AT","Austria","EURO",0,0,0,0
"2020-02-12","AT","Austria","EURO",0,0,0,0
"2020-02-13","AT","Austria","EURO",0,0,0,0
"2020-02-14","AT","Austria","EURO",0,0,0,0
"2020-02-15","AT","Austria","EURO",0,0,0,0
"2020-02-16","AT","Austria","EURO",0,0,0,0
"2020-02-17","AT","Austria","EURO",0,0,0,0
"2020-02-18","AT","Austria","EURO",0,0,0,0
"2020-02-19","AT","Austria","EURO",0,0,0,0
"2020-02-20","AT","Austria","EURO",0,0,0,0
"2020-02-21","AT","Austria","EURO",0,0,0,0
"2020-02-22","AT","Austria","EURO",0,0,0,0
"2020-02-23","AT","Austria","EURO",0,0,0,0
"2020-02-24","AT","Austria","EURO",0,0,0,0
"2020-02-25","AT","Austria","EURO",0,0,0,0
"2020-02-26","AT","Austria","EURO",2,2,0,0
"2020-02-27","AT","Austria","EURO",0,2,0,0
"2020-02-28","AT","Austria","EURO",3,5,0,0
"2020-02-29","AT","Austria","EURO",2,7,0,0
"2020-03-01","AT","Austria","EURO",3,10,0,0
"2020-03-02","AT","Austria","EURO",4,14,0,0
"2020-03-03","AT","Austria","EURO",4,18,0,0
"2020-03-04","AT","Austria","EURO",6,24,0,0
"2020-03-05","AT","Austria","EURO",5,29,0,0
"2020-03-06","AT","Austria","EURO",12,41,0,0
"2020-03-07","AT","Austria","EURO",33,74,0,0
"2020-03-08","AT","Austria","EURO",25,99,0,0
"2020-03-09","AT","Austria","EURO",3,102,0,0
"2020-03-10","AT","Austria","EURO",29,131,0,0
"2020-03-11","AT","Austria","EURO",51,182,0,0
"2020-03-12","AT","Austria","EURO",64,246,0,0
"2020-03-13","AT","Austria","EURO",115,361,1,1
"2020-03-14","AT","Austria","EURO",143,504,0,1
"2020-03-15","AT","Austria","EURO",151,655,0,1
"2020-03-16","AT","Austria","EURO",205,860,0,1
"2020-03-17","AT","Austria","EURO",156,1016,2,3
"2020-03-18","AT","Austria","EURO",316,1332,0,3
"2020-03-19","AT","Austria","EURO",314,1646,1,4
"2020-03-20","AT","Austria","EURO",550,2196,2,6
"2020-03-21","AT","Austria","EURO",453,2649,0,6
"2020-03-22","AT","Austria","EURO",375,3024,2,8
"2020-03-23","AT","Austria","EURO",607,3631,8,16
"2020-03-24","AT","Austria","EURO",855,4486,9,25
"2020-03-25","AT","Austria","EURO",796,5282,5,30
"2020-03-26","AT","Austria","EURO",606,5888,4,34
"2020-03-27","AT","Austria","EURO",1141,7029,18,52
"2020-03-28","AT","Austria","EURO",668,7697,16,68
"2020-03-29","AT","Austria","EURO",594,8291,0,68
"2020-03-30","AT","Austria","EURO",522,8813,18,86
"2020-03-31","AT","Austria","EURO",805,9618,22,108
"2020-04-01","AT","Austria","EURO",564,10182,20,128
"2020-04-02","AT","Austria","EURO",529,10711,18,146
"2020-04-03","AT","Austria","EURO",418,11129,12,158
"2020-04-04","AT","Austria","EURO",396,11525,10,168
"2020-04-05","AT","Austria","EURO",241,11766,18,186
"2020-04-06","AT","Austria","EURO",217,11983,18,204
"2020-04-07","AT","Austria","EURO",314,12297,16,220
"2020-04-08","AT","Austria","EURO",343,12640,23,243
"2020-04-09","AT","Austria","EURO",329,12969,30,273
"2020-04-10","AT","Austria","EURO",279,13248,22,295
"2020-04-11","AT","Austria","EURO",312,13560,24,319
"2020-04-12","AT","Austria","EURO",247,13807,18,337
"2020-04-13","AT","Austria","EURO",130,13937,13,350
"2020-04-14","AT","Austria","EURO",106,14043,18,368
"2020-04-15","AT","Austria","EURO",191,14234,16,384
"2020-04-16","AT","Austria","EURO",136,14370,9,393
"2020-04-17","AT","Austria","EURO",78,14448,17,410
"2020-04-18","AT","Austria","EURO",155,14603,21,431
"2020-04-19","AT","Austria","EURO",59,14662,12,443
"2020-04-20","AT","Austria","EURO",48,14710,9,452
"2020-04-21","AT","Austria","EURO",73,14783,10,462
"2020-04-22","AT","Austria","EURO",50,14833,1,463
"2020-04-23","AT","Austria","EURO",91,14924,31,494
"2020-04-24","AT","Austria","EURO",61,14985,14,508
"2020-04-25","AT","Austria","EURO",83,15068,5,513
"2020-04-26","AT","Austria","EURO",66,15134,23,536
"2020-04-27","AT","Austria","EURO",55,15189,6,542
"2020-04-28","AT","Austria","EURO",67,15256,7,549
"2020-04-29","AT","Austria","EURO",58,15314,20,569
"2020-04-30","AT","Austria","EURO",50,15364,11,580
"2020-05-01","AT","Austria","EURO",60,15424,4,584
"2020-05-02","AT","Austria","EURO",34,15458,5,589
"2020-05-03","AT","Austria","EURO",12,15470,7,596
"2020-05-04","AT","Austria","EURO",68,15538,2,598
"2020-05-05","AT","Austria","EURO",31,15569,2,600
"2020-05-06","AT","Austria","EURO",17,15586,6,606
"2020-05-07","AT","Austria","EURO",65,15651,2,608
"2020-05-08","AT","Austria","EURO",22,15673,1,609
"2020-05-09","AT","Austria","EURO",62,15735,5,614
"2020-05-10","AT","Austria","EURO",42,15777,1,615
"2020-05-11","AT","Austria","EURO",10,15787,3,618
"2020-05-12","AT","Austria","EURO",87,15874,2,620
"2020-05-13","AT","Austria","EURO",36,15910,3,623
"2020-05-14","AT","Austria","EURO",54,15964,1,624
"2020-05-15","AT","Austria","EURO",41,16005,2,626
"2020-05-16","AT","Austria","EURO",63,16068,2,628
"2020-05-17","AT","Austria","EURO",72,16140,0,628
"2020-05-18","AT","Austria","EURO",14,16154,1,629
"2020-05-19","AT","Austria","EURO",25,16179,0,629
"2020-05-20","AT","Austria","EURO",78,16257,3,632
"2020-05-21","AT","Austria","EURO",18,16275,1,633
"2020-05-22","AT","Austria","EURO",57,16332,0,633
"2020-05-23","AT","Austria","EURO",29,16361,2,635
"2020-05-24","AT","Austria","EURO",46,16407,4,639
"2020-05-25","AT","Austria","EURO",32,16439,1,640
"2020-05-26","AT","Austria","EURO",20,16459,1,641
"2020-05-27","AT","Austria","EURO",38,16497,2,643
"2020-05-28","AT","Austria","EURO",18,16515,2,645
"2020-05-29","AT","Austria","EURO",28,16543,23,668
"2020-05-30","AT","Austria","EURO",51,16594,0,668
"2020-05-31","AT","Austria","EURO",44,16638,0,668
"2020-06-01","AT","Austria","EURO",4,16642,0,668
"2020-06-02","AT","Austria","EURO",21,16663,0,668
"2020-06-03","AT","Austria","EURO",11,16674,1,669
"2020-06-04","AT","Austria","EURO",31,16705,1,670
"2020-06-05","AT","Austria","EURO",36,16741,0,670
"2020-06-06","AT","Austria","EURO",62,16803,2,672
"2020-06-07","AT","Austria","EURO",19,16822,0,672
"2020-06-08","AT","Austria","EURO",46,16868,0,672
"2020-06-09","AT","Austria","EURO",21,16889,0,672
"2020-06-10","AT","Austria","EURO",13,16902,0,672
"2020-06-11","AT","Austria","EURO",34,16936,1,673
"2020-06-12","AT","Austria","EURO",28,16964,1,674
"2020-06-13","AT","Austria","EURO",30,16994,1,675
"2020-06-14","AT","Austria","EURO",20,17014,2,677
"2020-06-15","AT","Austria","EURO",24,17038,0,677
"2020-06-16","AT","Austria","EURO",27,17065,1,678
"2020-06-17","AT","Austria","EURO",33,17098,3,681
"2020-06-18","AT","Austria","EURO",17,17115,6,687
"2020-06-19","AT","Austria","EURO",40,17155,1,688
"2020-06-20","AT","Austria","EURO",30,17185,0,688
"2020-06-21","AT","Austria","EURO",62,17247,0,688
"2020-06-22","AT","Austria","EURO",38,17285,2,690
"2020-06-23","AT","Austria","EURO",35,17320,0,690
"2020-06-24","AT","Austria","EURO",31,17351,3,693
"2020-06-25","AT","Austria","EURO",33,17384,0,693
"2020-06-26","AT","Austria","EURO",47,17431,5,698
"2020-06-27","AT","Austria","EURO",67,17498,0,698
"2020-06-28","AT","Austria","EURO",64,17562,2,700
"2020-06-29","AT","Austria","EURO",63,17625,2,702
"2020-06-30","AT","Austria","EURO",41,17666,1,703
"2020-07-01","AT","Austria","EURO",111,17777,2,705
"2020-07-02","AT","Austria","EURO",37,17814,0,705
"2020-07-03","AT","Austria","EURO",138,17952,0,705
"2020-07-04","AT","Austria","EURO",121,18073,0,705
"2020-07-05","AT","Austria","EURO",123,18196,0,705
"2020-07-06","AT","Austria","EURO",73,18269,1,706
"2020-07-07","AT","Austria","EURO",57,18326,0,706
"2020-07-08","AT","Austria","EURO",89,18415,0,706
"2020-07-09","AT","Austria","EURO",101,18516,0,706
"2020-07-10","AT","Austria","EURO",97,18613,0,706
"2020-07-11","AT","Austria","EURO",74,18687,0,706
"2020-07-12","AT","Austria","EURO",108,18795,0,706
"2020-07-13","AT","Austria","EURO",52,18847,2,708
"2020-07-14","AT","Austria","EURO",12,18859,0,708
"2020-07-15","AT","Austria","EURO",201,19060,1,709
"2020-07-16","AT","Austria","EURO",55,19115,1,710
"2020-07-17","AT","Austria","EURO",153,19268,0,710
"2020-07-18","AT","Austria","EURO",138,19406,0,710
"2020-07-19","AT","Austria","EURO",102,19508,0,710
"2020-07-20","AT","Austria","EURO",63,19571,0,710
"2020-07-21","AT","Austria","EURO",108,19679,0,710
"2020-07-22","AT","Austria","EURO",139,19818,0,710
"2020-07-23","AT","Austria","EURO",140,19958,1,711
"2020-07-24","AT","Austria","EURO",164,20122,0,711
"2020-07-25","AT","Austria","EURO",107,20229,0,711
"2020-07-26","AT","Austria","EURO",120,20349,1,712
"2020-07-27","AT","Austria","EURO",137,20486,0,712
"2020-07-28","AT","Austria","EURO",64,20550,1,713
"2020-07-29","AT","Austria","EURO",132,20682,0,713
"2020-07-30","AT","Austria","EURO",164,20846,3,716
"2020-07-31","AT","Austria","EURO",163,21009,2,718
"2020-08-01","AT","Austria","EURO",89,21098,0,718
"2020-08-02","AT","Austria","EURO",126,21224,0,718
"2020-08-03","AT","Austria","EURO",85,21309,0,718
"2020-08-04","AT","Austria","EURO",32,21341,0,718
"2020-08-05","AT","Austria","EURO",131,21472,1,719
"2020-08-06","AT","Austria","EURO",103,21575,0,719
"2020-08-07","AT","Austria","EURO",114,21689,0,719
"2020-08-08","AT","Austria","EURO",130,21819,1,720
"2020-08-09","AT","Austria","EURO",116,21935,1,721
"2020-08-10","AT","Austria","EURO",76,22011,0,721
"2020-08-11","AT","Austria","EURO",111,22122,2,723
"2020-08-12","AT","Austria","EURO",138,22260,0,723
"2020-08-13","AT","Austria","EURO",241,22501,1,724
"2020-08-14","AT","Austria","EURO",229,22730,1,725
"2020-08-15","AT","Austria","EURO",221,22951,0,725
"2020-08-16","AT","Austria","EURO",260,23211,3,728
"2020-08-17","AT","Austria","EURO",162,23373,0,728
"2020-08-18","AT","Austria","EURO",344,23717,1,729
"2020-08-19","AT","Austria","EURO",158,23875,0,729
"2020-08-20","AT","Austria","EURO",425,24300,0,729
"2020-08-21","AT","Austria","EURO",308,24608,0,729
"2020-08-22","AT","Austria","EURO",275,24883,1,730
"2020-08-23","AT","Austria","EURO",216,25099,2,732
"2020-08-24","AT","Austria","EURO",140,25239,0,732
"2020-08-25","AT","Austria","EURO",308,25547,1,733
"2020-08-26","AT","Austria","EURO",291,25838,0,733
"2020-08-27","AT","Austria","EURO",316,26154,0,733
"2020-08-28","AT","Austria","EURO",227,26381,0,733
"2020-08-29","AT","Austria","EURO",382,26763,0,733
"2020-08-30","AT","Austria","EURO",174,26937,0,733
"2020-08-31","AT","Austria","EURO",281,27218,0,733
"2020-09-01","AT","Austria","EURO",186,27404,0,733
"2020-09-02","AT","Austria","EURO",337,27741,1,734
"2020-09-03","AT","Austria","EURO",442,28183,0,734
"2020-09-04","AT","Austria","EURO",312,28495,1,735
"2020-09-05","AT","Austria","EURO",271,28766,0,735
"2020-09-06","AT","Austria","EURO",208,28974,0,735
"2020-09-07","AT","Austria","EURO",220,29194,1,736
"2020-09-08","AT","Austria","EURO",511,29705,10,746
"2020-09-09","AT","Austria","EURO",495,30200,1,747
"2020-09-10","AT","Austria","EURO",754,30954,0,747
"2020-09-11","AT","Austria","EURO",497,31451,1,748
"2020-09-12","AT","Austria","EURO",1005,32456,2,750
"2020-09-13","AT","Austria","EURO",495,32951,4,754
"2020-09-14","AT","Austria","EURO",384,33335,2,756
"2020-09-15","AT","Austria","EURO",549,33884,1,757
"2020-09-16","AT","Austria","EURO",860,34744,0,757
"2020-09-17","AT","Austria","EURO",704,35448,1,758
"2020-09-18","AT","Austria","EURO",922,36370,0,758
"2020-09-19","AT","Austria","EURO",821,37191,5,763
"2020-09-20","AT","Austria","EURO",757,37948,2,765
"2020-09-21","AT","Austria","EURO",609,38557,1,766
"2020-09-22","AT","Austria","EURO",593,39150,1,767
"2020-09-23","AT","Austria","EURO",747,39897,4,771
"2020-09-24","AT","Austria","EURO",661,40558,6,777
"2020-09-25","AT","Austria","EURO",688,41246,6,783
"2020-09-26","AT","Austria","EURO",1071,42317,3,786
"2020-09-27","AT","Austria","EURO",623,42940,1,787
"2020-09-28","AT","Austria","EURO",526,43466,0,787
"2020-09-29","AT","Austria","EURO",419,43885,3,790
"2020-09-30","AT","Austria","EURO",722,44607,6,796
"2020-10-01","AT","Austria","EURO",1146,45753,3,799
"2020-10-02","AT","Austria","EURO",564,46317,3,802
"2020-10-03","AT","Austria","EURO",872,47189,1,803
"2020-10-04","AT","Austria","EURO",830,48019,6,809
"2020-10-05","AT","Austria","EURO",599,48618,4,813
"2020-10-06","AT","Austria","EURO",1268,49886,5,818
"2020-10-07","AT","Austria","EURO",549,50435,22,840
"2020-10-08","AT","Austria","EURO",947,51382,4,844
"2020-10-09","AT","Austria","EURO",1221,52603,9,853
"2020-10-10","AT","Austria","EURO",1181,53784,4,857
"2020-10-11","AT","Austria","EURO",901,54685,1,858
"2020-10-12","AT","Austria","EURO",1298,55983,6,864
"2020-10-13","AT","Austria","EURO",608,56591,5,869
"2020-10-14","AT","Austria","EURO",1171,57762,10,879
"2020-10-15","AT","Austria","EURO",1606,59368,9,888
"2020-10-16","AT","Austria","EURO",1396,60764,6,894
"2020-10-17","AT","Austria","EURO",1691,62455,7,901
"2020-10-18","AT","Austria","EURO",2040,64495,6,907
"2020-10-19","AT","Austria","EURO",1062,65557,3,910
"2020-10-20","AT","Austria","EURO",1054,66611,9,919
"2020-10-21","AT","Austria","EURO",1803,68414,8,927
"2020-10-22","AT","Austria","EURO",2355,70769,13,940
"2020-10-23","AT","Austria","EURO",2570,73339,17,957
"2020-10-24","AT","Austria","EURO",3442,76781,15,972
"2020-10-25","AT","Austria","EURO",2989,79770,6,978
"2020-10-26","AT","Austria","EURO",2766,82536,6,984
"2020-10-27","AT","Austria","EURO",2512,85048,4,988
"2020-10-28","AT","Austria","EURO",2698,87746,18,1006
"2020-10-29","AT","Austria","EURO",4149,91895,34,1040
"2020-10-30","AT","Austria","EURO",4305,96200,24,1064
"2020-10-31","AT","Austria","EURO",5243,101443,15,1079
"2020-11-01","AT","Austria","EURO",5141,106584,18,1097
"2020-11-02","AT","Austria","EURO",4526,111110,17,1114
"2020-11-03","AT","Austria","EURO",3160,114270,21,1135
"2020-11-04","AT","Austria","EURO",4445,118715,34,1169
"2020-11-05","AT","Austria","EURO",6514,125229,35,1204
"2020-11-06","AT","Austria","EURO",7051,132280,47,1251
"2020-11-07","AT","Austria","EURO",6324,138604,44,1295
"2020-11-08","AT","Austria","EURO",7898,146502,23,1318
"2020-11-09","AT","Austria","EURO",6006,152508,17,1335
"2020-11-10","AT","Austria","EURO",5704,158212,48,1383
"2020-11-11","AT","Austria","EURO",3839,162051,35,1418
"2020-11-12","AT","Austria","EURO",9643,171694,55,1473
"2020-11-13","AT","Austria","EURO",10368,182062,37,1510
"2020-11-14","AT","Austria","EURO",8962,191024,64,1574
"2020-11-15","AT","Austria","EURO",7192,198216,55,1629
"2020-11-16","AT","Austria","EURO",5278,203494,50,1679
"2020-11-17","AT","Austria","EURO",4304,207798,62,1741
"2020-11-18","AT","Austria","EURO",5664,213462,74,1815
"2020-11-19","AT","Austria","EURO",7766,221228,113,1928
"2020-11-20","AT","Austria","EURO",6830,228058,90,2018
"2020-11-21","AT","Austria","EURO",6612,234670,79,2097
"2020-11-22","AT","Austria","EURO",6239,240909,58,2155
"2020-11-23","AT","Austria","EURO",5215,246124,44,2199
"2020-11-24","AT","Austria","EURO",3090,249214,94,2293
"2020-11-25","AT","Austria","EURO",4135,253349,115,2408
"2020-11-26","AT","Austria","EURO",5896,259245,94,2502
"2020-11-27","AT","Austria","EURO",5447,264692,114,2616
"2020-11-28","AT","Austria","EURO",4818,269510,148,2764
"2020-11-29","AT","Austria","EURO",4765,274275,58,2822
"2020-11-30","AT","Austria","EURO",3907,278182,82,2904
"2020-12-01","AT","Austria","EURO",2348,280530,79,2983
"2020-12-02","AT","Austria","EURO",3464,283994,213,3196
"2020-12-03","AT","Austria","EURO",3660,287654,133,3329
"2020-12-04","AT","Austria","EURO",3783,291437,118,3447
"2020-12-05","AT","Austria","EURO",3634,295071,140,3587
"2020-12-06","AT","Austria","EURO",3160,298231,87,3674
"2020-12-07","AT","Austria","EURO",2745,300976,58,3732
"2020-12-08","AT","Austria","EURO",2181,303157,95,3827
"2020-12-09","AT","Austria","EURO",2531,305688,80,3907
"2020-12-10","AT","Austria","EURO",2913,308601,126,4033
"2020-12-11","AT","Austria","EURO",2466,311067,125,4158
"2020-12-12","AT","Austria","EURO",3026,314093,101,4259
