"Fecha_de_reporte","Codigo_pais","Paises","Region","Casos_nuevos","Casos_acumulados","defunciones_nuevas","defunciones_acumuladas"
"2020-01-03","AZ","Azerbaijan","EURO",0,0,0,0
"2020-01-04","AZ","Azerbaijan","EURO",0,0,0,0
"2020-01-05","AZ","Azerbaijan","EURO",0,0,0,0
"2020-01-06","AZ","Azerbaijan","EURO",0,0,0,0
"2020-01-07","AZ","Azerbaijan","EURO",0,0,0,0
"2020-01-08","AZ","Azerbaijan","EURO",0,0,0,0
"2020-01-09","AZ","Azerbaijan","EURO",0,0,0,0
"2020-01-10","AZ","Azerbaijan","EURO",0,0,0,0
"2020-01-11","AZ","Azerbaijan","EURO",0,0,0,0
"2020-01-12","AZ","Azerbaijan","EURO",0,0,0,0
"2020-01-13","AZ","Azerbaijan","EURO",0,0,0,0
"2020-01-14","AZ","Azerbaijan","EURO",0,0,0,0
"2020-01-15","AZ","Azerbaijan","EURO",0,0,0,0
"2020-01-16","AZ","Azerbaijan","EURO",0,0,0,0
"2020-01-17","AZ","Azerbaijan","EURO",0,0,0,0
"2020-01-18","AZ","Azerbaijan","EURO",0,0,0,0
"2020-01-19","AZ","Azerbaijan","EURO",0,0,0,0
"2020-01-20","AZ","Azerbaijan","EURO",0,0,0,0
"2020-01-21","AZ","Azerbaijan","EURO",0,0,0,0
"2020-01-22","AZ","Azerbaijan","EURO",0,0,0,0
"2020-01-23","AZ","Azerbaijan","EURO",0,0,0,0
"2020-01-24","AZ","Azerbaijan","EURO",0,0,0,0
"2020-01-25","AZ","Azerbaijan","EURO",0,0,0,0
"2020-01-26","AZ","Azerbaijan","EURO",0,0,0,0
"2020-01-27","AZ","Azerbaijan","EURO",0,0,0,0
"2020-01-28","AZ","Azerbaijan","EURO",0,0,0,0
"2020-01-29","AZ","Azerbaijan","EURO",0,0,0,0
"2020-01-30","AZ","Azerbaijan","EURO",0,0,0,0
"2020-01-31","AZ","Azerbaijan","EURO",0,0,0,0
"2020-02-01","AZ","Azerbaijan","EURO",0,0,0,0
"2020-02-02","AZ","Azerbaijan","EURO",0,0,0,0
"2020-02-03","AZ","Azerbaijan","EURO",0,0,0,0
"2020-02-04","AZ","Azerbaijan","EURO",0,0,0,0
"2020-02-05","AZ","Azerbaijan","EURO",0,0,0,0
"2020-02-06","AZ","Azerbaijan","EURO",0,0,0,0
"2020-02-07","AZ","Azerbaijan","EURO",0,0,0,0
"2020-02-08","AZ","Azerbaijan","EURO",0,0,0,0
"2020-02-09","AZ","Azerbaijan","EURO",0,0,0,0
"2020-02-10","AZ","Azerbaijan","EURO",0,0,0,0
"2020-02-11","AZ","Azerbaijan","EURO",0,0,0,0
"2020-02-12","AZ","Azerbaijan","EURO",0,0,0,0
"2020-02-13","AZ","Azerbaijan","EURO",0,0,0,0
"2020-02-14","AZ","Azerbaijan","EURO",0,0,0,0
"2020-02-15","AZ","Azerbaijan","EURO",0,0,0,0
"2020-02-16","AZ","Azerbaijan","EURO",0,0,0,0
"2020-02-17","AZ","Azerbaijan","EURO",0,0,0,0
"2020-02-18","AZ","Azerbaijan","EURO",0,0,0,0
"2020-02-19","AZ","Azerbaijan","EURO",0,0,0,0
"2020-02-20","AZ","Azerbaijan","EURO",0,0,0,0
"2020-02-21","AZ","Azerbaijan","EURO",0,0,0,0
"2020-02-22","AZ","Azerbaijan","EURO",0,0,0,0
"2020-02-23","AZ","Azerbaijan","EURO",0,0,0,0
"2020-02-24","AZ","Azerbaijan","EURO",0,0,0,0
"2020-02-25","AZ","Azerbaijan","EURO",0,0,0,0
"2020-02-26","AZ","Azerbaijan","EURO",0,0,0,0
"2020-02-27","AZ","Azerbaijan","EURO",0,0,0,0
"2020-02-28","AZ","Azerbaijan","EURO",0,0,0,0
"2020-02-29","AZ","Azerbaijan","EURO",1,1,0,0
"2020-03-01","AZ","Azerbaijan","EURO",2,3,0,0
"2020-03-02","AZ","Azerbaijan","EURO",0,3,0,0
"2020-03-03","AZ","Azerbaijan","EURO",0,3,0,0
"2020-03-04","AZ","Azerbaijan","EURO",0,3,0,0
"2020-03-05","AZ","Azerbaijan","EURO",0,3,0,0
"2020-03-06","AZ","Azerbaijan","EURO",3,6,0,0
"2020-03-07","AZ","Azerbaijan","EURO",3,9,0,0
"2020-03-08","AZ","Azerbaijan","EURO",0,9,0,0
"2020-03-09","AZ","Azerbaijan","EURO",0,9,0,0
"2020-03-10","AZ","Azerbaijan","EURO",0,9,0,0
"2020-03-11","AZ","Azerbaijan","EURO",0,9,0,0
"2020-03-12","AZ","Azerbaijan","EURO",0,9,0,0
"2020-03-13","AZ","Azerbaijan","EURO",2,11,0,0
"2020-03-14","AZ","Azerbaijan","EURO",0,11,0,0
"2020-03-15","AZ","Azerbaijan","EURO",8,19,0,0
"2020-03-16","AZ","Azerbaijan","EURO",0,19,0,0
"2020-03-17","AZ","Azerbaijan","EURO",0,19,0,0
"2020-03-18","AZ","Azerbaijan","EURO",9,28,0,0
"2020-03-19","AZ","Azerbaijan","EURO",0,28,0,0
"2020-03-20","AZ","Azerbaijan","EURO",6,34,1,1
"2020-03-21","AZ","Azerbaijan","EURO",19,53,0,1
"2020-03-22","AZ","Azerbaijan","EURO",0,53,0,1
"2020-03-23","AZ","Azerbaijan","EURO",19,72,0,1
"2020-03-24","AZ","Azerbaijan","EURO",0,72,0,1
"2020-03-25","AZ","Azerbaijan","EURO",15,87,0,1
"2020-03-26","AZ","Azerbaijan","EURO",6,93,1,2
"2020-03-27","AZ","Azerbaijan","EURO",29,122,1,3
"2020-03-28","AZ","Azerbaijan","EURO",25,147,0,3
"2020-03-29","AZ","Azerbaijan","EURO",17,164,1,4
"2020-03-30","AZ","Azerbaijan","EURO",26,190,0,4
"2020-03-31","AZ","Azerbaijan","EURO",83,273,0,4
"2020-04-01","AZ","Azerbaijan","EURO",25,298,1,5
"2020-04-02","AZ","Azerbaijan","EURO",61,359,0,5
"2020-04-03","AZ","Azerbaijan","EURO",41,400,0,5
"2020-04-04","AZ","Azerbaijan","EURO",43,443,0,5
"2020-04-05","AZ","Azerbaijan","EURO",69,512,0,5
"2020-04-06","AZ","Azerbaijan","EURO",72,584,0,5
"2020-04-07","AZ","Azerbaijan","EURO",57,641,2,7
"2020-04-08","AZ","Azerbaijan","EURO",76,717,1,8
"2020-04-09","AZ","Azerbaijan","EURO",105,822,0,8
"2020-04-10","AZ","Azerbaijan","EURO",104,926,1,9
"2020-04-11","AZ","Azerbaijan","EURO",65,991,1,10
"2020-04-12","AZ","Azerbaijan","EURO",67,1058,1,11
"2020-04-13","AZ","Azerbaijan","EURO",40,1098,0,11
"2020-04-14","AZ","Azerbaijan","EURO",50,1148,1,12
"2020-04-15","AZ","Azerbaijan","EURO",49,1197,1,13
"2020-04-16","AZ","Azerbaijan","EURO",56,1253,0,13
"2020-04-17","AZ","Azerbaijan","EURO",30,1283,2,15
"2020-04-18","AZ","Azerbaijan","EURO",57,1340,0,15
"2020-04-19","AZ","Azerbaijan","EURO",33,1373,3,18
"2020-04-20","AZ","Azerbaijan","EURO",25,1398,1,19
"2020-04-21","AZ","Azerbaijan","EURO",38,1436,0,19
"2020-04-22","AZ","Azerbaijan","EURO",44,1480,1,20
"2020-04-23","AZ","Azerbaijan","EURO",38,1518,0,20
"2020-04-24","AZ","Azerbaijan","EURO",30,1548,0,20
"2020-04-25","AZ","Azerbaijan","EURO",44,1592,1,21
"2020-04-26","AZ","Azerbaijan","EURO",25,1617,0,21
"2020-04-27","AZ","Azerbaijan","EURO",28,1645,0,21
"2020-04-28","AZ","Azerbaijan","EURO",33,1678,1,22
"2020-04-29","AZ","Azerbaijan","EURO",39,1717,0,22
"2020-04-30","AZ","Azerbaijan","EURO",49,1766,1,23
"2020-05-01","AZ","Azerbaijan","EURO",38,1804,1,24
"2020-05-02","AZ","Azerbaijan","EURO",50,1854,1,25
"2020-05-03","AZ","Azerbaijan","EURO",40,1894,0,25
"2020-05-04","AZ","Azerbaijan","EURO",38,1932,0,25
"2020-05-05","AZ","Azerbaijan","EURO",52,1984,1,26
"2020-05-06","AZ","Azerbaijan","EURO",76,2060,0,26
"2020-05-07","AZ","Azerbaijan","EURO",67,2127,2,28
"2020-05-08","AZ","Azerbaijan","EURO",77,2204,0,28
"2020-05-09","AZ","Azerbaijan","EURO",75,2279,0,28
"2020-05-10","AZ","Azerbaijan","EURO",143,2422,3,31
"2020-05-11","AZ","Azerbaijan","EURO",97,2519,1,32
"2020-05-12","AZ","Azerbaijan","EURO",70,2589,0,32
"2020-05-13","AZ","Azerbaijan","EURO",104,2693,1,33
"2020-05-14","AZ","Azerbaijan","EURO",65,2758,2,35
"2020-05-15","AZ","Azerbaijan","EURO",121,2879,0,35
"2020-05-16","AZ","Azerbaijan","EURO",101,2980,1,36
"2020-05-17","AZ","Azerbaijan","EURO",158,3138,0,36
"2020-05-18","AZ","Azerbaijan","EURO",136,3274,3,39
"2020-05-19","AZ","Azerbaijan","EURO",113,3387,1,40
"2020-05-20","AZ","Azerbaijan","EURO",131,3518,1,41
"2020-05-21","AZ","Azerbaijan","EURO",113,3631,2,43
"2020-05-22","AZ","Azerbaijan","EURO",118,3749,1,44
"2020-05-23","AZ","Azerbaijan","EURO",106,3855,2,46
"2020-05-24","AZ","Azerbaijan","EURO",127,3982,3,49
"2020-05-25","AZ","Azerbaijan","EURO",140,4122,0,49
"2020-05-26","AZ","Azerbaijan","EURO",149,4271,2,51
"2020-05-27","AZ","Azerbaijan","EURO",132,4403,1,52
"2020-05-28","AZ","Azerbaijan","EURO",165,4568,2,54
"2020-05-29","AZ","Azerbaijan","EURO",191,4759,2,56
"2020-05-30","AZ","Azerbaijan","EURO",230,4989,2,58
"2020-05-31","AZ","Azerbaijan","EURO",257,5246,3,61
"2020-06-01","AZ","Azerbaijan","EURO",248,5494,2,63
"2020-06-02","AZ","Azerbaijan","EURO",168,5662,5,68
"2020-06-03","AZ","Azerbaijan","EURO",273,5935,3,71
"2020-06-04","AZ","Azerbaijan","EURO",325,6260,5,76
"2020-06-05","AZ","Azerbaijan","EURO",262,6522,2,78
"2020-06-06","AZ","Azerbaijan","EURO",338,6860,4,82
"2020-06-07","AZ","Azerbaijan","EURO",379,7239,2,84
"2020-06-08","AZ","Azerbaijan","EURO",314,7553,4,88
"2020-06-09","AZ","Azerbaijan","EURO",323,7876,5,93
"2020-06-10","AZ","Azerbaijan","EURO",315,8191,5,98
"2020-06-11","AZ","Azerbaijan","EURO",339,8530,4,102
"2020-06-12","AZ","Azerbaijan","EURO",352,8882,6,108
"2020-06-13","AZ","Azerbaijan","EURO",336,9218,5,113
"2020-06-14","AZ","Azerbaijan","EURO",352,9570,2,115
"2020-06-15","AZ","Azerbaijan","EURO",387,9957,4,119
"2020-06-16","AZ","Azerbaijan","EURO",367,10324,3,122
"2020-06-17","AZ","Azerbaijan","EURO",338,10662,4,126
"2020-06-18","AZ","Azerbaijan","EURO",329,10991,7,133
"2020-06-19","AZ","Azerbaijan","EURO",338,11329,6,139
"2020-06-20","AZ","Azerbaijan","EURO",438,11767,4,143
"2020-06-21","AZ","Azerbaijan","EURO",471,12238,5,148
"2020-06-22","AZ","Azerbaijan","EURO",491,12729,6,154
"2020-06-23","AZ","Azerbaijan","EURO",478,13207,7,161
"2020-06-24","AZ","Azerbaijan","EURO",508,13715,6,167
"2020-06-25","AZ","Azerbaijan","EURO",590,14305,7,174
"2020-06-26","AZ","Azerbaijan","EURO",547,14852,6,180
"2020-06-27","AZ","Azerbaijan","EURO",517,15369,7,187
"2020-06-28","AZ","Azerbaijan","EURO",521,15890,6,193
"2020-06-29","AZ","Azerbaijan","EURO",534,16424,5,198
"2020-06-30","AZ","Azerbaijan","EURO",544,16968,8,206
"2020-07-01","AZ","Azerbaijan","EURO",556,17524,7,213
"2020-07-02","AZ","Azerbaijan","EURO",588,18112,7,220
"2020-07-03","AZ","Azerbaijan","EURO",572,18684,8,228
"2020-07-04","AZ","Azerbaijan","EURO",583,19267,7,235
"2020-07-05","AZ","Azerbaijan","EURO",534,19801,6,241
"2020-07-06","AZ","Azerbaijan","EURO",523,20324,9,250
"2020-07-07","AZ","Azerbaijan","EURO",513,20837,8,258
"2020-07-08","AZ","Azerbaijan","EURO",537,21374,7,265
"2020-07-09","AZ","Azerbaijan","EURO",542,21916,9,274
"2020-07-10","AZ","Azerbaijan","EURO",548,22464,10,284
"2020-07-11","AZ","Azerbaijan","EURO",526,22990,8,292
"2020-07-12","AZ","Azerbaijan","EURO",531,23521,6,298
"2020-07-13","AZ","Azerbaijan","EURO",520,24041,8,306
"2020-07-14","AZ","Azerbaijan","EURO",529,24570,7,313
"2020-07-15","AZ","Azerbaijan","EURO",543,25113,6,319
"2020-07-16","AZ","Azerbaijan","EURO",559,25672,7,326
"2020-07-17","AZ","Azerbaijan","EURO",493,26165,8,334
"2020-07-18","AZ","Azerbaijan","EURO",471,26636,7,341
"2020-07-19","AZ","Azerbaijan","EURO",497,27133,8,349
"2020-07-20","AZ","Azerbaijan","EURO",388,27521,5,354
"2020-07-21","AZ","Azerbaijan","EURO",369,27890,9,363
"2020-07-22","AZ","Azerbaijan","EURO",352,28242,13,376
"2020-07-23","AZ","Azerbaijan","EURO",391,28633,9,385
"2020-07-24","AZ","Azerbaijan","EURO",347,28980,6,391
"2020-07-25","AZ","Azerbaijan","EURO",332,29312,9,400
"2020-07-26","AZ","Azerbaijan","EURO",321,29633,8,408
"2020-07-27","AZ","Azerbaijan","EURO",417,30050,9,417
"2020-07-28","AZ","Azerbaijan","EURO",396,30446,6,423
"2020-07-29","AZ","Azerbaijan","EURO",412,30858,7,430
"2020-07-30","AZ","Azerbaijan","EURO",363,31221,8,438
"2020-07-31","AZ","Azerbaijan","EURO",339,31560,3,441
"2020-08-01","AZ","Azerbaijan","EURO",318,31878,7,448
"2020-08-02","AZ","Azerbaijan","EURO",279,32157,6,454
"2020-08-03","AZ","Azerbaijan","EURO",286,32443,8,462
"2020-08-04","AZ","Azerbaijan","EURO",241,32684,6,468
"2020-08-05","AZ","Azerbaijan","EURO",226,32910,5,473
"2020-08-06","AZ","Azerbaijan","EURO",193,33103,3,476
"2020-08-07","AZ","Azerbaijan","EURO",144,33247,3,479
"2020-08-08","AZ","Azerbaijan","EURO",129,33376,4,483
"2020-08-09","AZ","Azerbaijan","EURO",105,33481,5,488
"2020-08-10","AZ","Azerbaijan","EURO",87,33568,2,490
"2020-08-11","AZ","Azerbaijan","EURO",79,33647,2,492
"2020-08-12","AZ","Azerbaijan","EURO",84,33731,3,495
"2020-08-13","AZ","Azerbaijan","EURO",93,33824,2,497
"2020-08-14","AZ","Azerbaijan","EURO",91,33915,3,500
"2020-08-15","AZ","Azerbaijan","EURO",103,34018,4,504
"2020-08-16","AZ","Azerbaijan","EURO",89,34107,2,506
"2020-08-17","AZ","Azerbaijan","EURO",112,34219,0,506
"2020-08-18","AZ","Azerbaijan","EURO",124,34343,2,508
"2020-08-19","AZ","Azerbaijan","EURO",131,34474,1,509
"2020-08-20","AZ","Azerbaijan","EURO",146,34620,1,510
"2020-08-21","AZ","Azerbaijan","EURO",139,34759,0,510
"2020-08-22","AZ","Azerbaijan","EURO",162,34921,2,512
"2020-08-23","AZ","Azerbaijan","EURO",184,35105,3,515
"2020-08-24","AZ","Azerbaijan","EURO",169,35274,3,518
"2020-08-25","AZ","Azerbaijan","EURO",152,35426,1,519
"2020-08-26","AZ","Azerbaijan","EURO",133,35559,2,521
"2020-08-27","AZ","Azerbaijan","EURO",148,35707,1,522
"2020-08-28","AZ","Azerbaijan","EURO",137,35844,2,524
"2020-08-29","AZ","Azerbaijan","EURO",142,35986,3,527
"2020-08-30","AZ","Azerbaijan","EURO",188,36174,2,529
"2020-08-31","AZ","Azerbaijan","EURO",135,36309,2,531
"2020-09-01","AZ","Azerbaijan","EURO",126,36435,3,534
"2020-09-02","AZ","Azerbaijan","EURO",143,36578,2,536
"2020-09-03","AZ","Azerbaijan","EURO",154,36732,2,538
"2020-09-04","AZ","Azerbaijan","EURO",167,36899,3,541
"2020-09-05","AZ","Azerbaijan","EURO",132,37031,2,543
"2020-09-06","AZ","Azerbaijan","EURO",161,37192,2,545
"2020-09-07","AZ","Azerbaijan","EURO",137,37329,3,548
"2020-09-08","AZ","Azerbaijan","EURO",89,37418,3,551
"2020-09-09","AZ","Azerbaijan","EURO",139,37557,1,552
"2020-09-10","AZ","Azerbaijan","EURO",175,37732,3,555
"2020-09-11","AZ","Azerbaijan","EURO",142,37874,1,556
"2020-09-12","AZ","Azerbaijan","EURO",163,38037,1,557
"2020-09-13","AZ","Azerbaijan","EURO",135,38172,2,559
"2020-09-14","AZ","Azerbaijan","EURO",155,38327,3,562
"2020-09-15","AZ","Azerbaijan","EURO",76,38403,2,564
"2020-09-16","AZ","Azerbaijan","EURO",114,38517,2,566
"2020-09-17","AZ","Azerbaijan","EURO",141,38658,3,569
"2020-09-18","AZ","Azerbaijan","EURO",119,38777,2,571
"2020-09-19","AZ","Azerbaijan","EURO",117,38894,1,572
"2020-09-20","AZ","Azerbaijan","EURO",148,39042,2,574
"2020-09-21","AZ","Azerbaijan","EURO",146,39188,1,575
"2020-09-22","AZ","Azerbaijan","EURO",92,39280,1,576
"2020-09-23","AZ","Azerbaijan","EURO",98,39378,2,578
"2020-09-24","AZ","Azerbaijan","EURO",146,39524,2,580
"2020-09-25","AZ","Azerbaijan","EURO",162,39686,1,581
"2020-09-26","AZ","Azerbaijan","EURO",101,39787,2,583
"2020-09-27","AZ","Azerbaijan","EURO",108,39895,2,585
"2020-09-28","AZ","Azerbaijan","EURO",128,40023,1,586
"2020-09-29","AZ","Azerbaijan","EURO",38,40061,2,588
"2020-09-30","AZ","Azerbaijan","EURO",58,40119,2,590
"2020-10-01","AZ","Azerbaijan","EURO",110,40229,1,591
"2020-10-02","AZ","Azerbaijan","EURO",80,40309,2,593
"2020-10-03","AZ","Azerbaijan","EURO",144,40453,1,594
"2020-10-04","AZ","Azerbaijan","EURO",108,40561,1,595
"2020-10-05","AZ","Azerbaijan","EURO",130,40691,1,596
"2020-10-06","AZ","Azerbaijan","EURO",97,40788,2,598
"2020-10-07","AZ","Azerbaijan","EURO",143,40931,2,600
"2020-10-08","AZ","Azerbaijan","EURO",182,41113,2,602
"2020-10-09","AZ","Azerbaijan","EURO",191,41304,1,603
"2020-10-10","AZ","Azerbaijan","EURO",215,41519,2,605
"2020-10-11","AZ","Azerbaijan","EURO",233,41752,3,608
"2020-10-12","AZ","Azerbaijan","EURO",230,41982,1,609
"2020-10-13","AZ","Azerbaijan","EURO",122,42104,0,609
"2020-10-14","AZ","Azerbaijan","EURO",277,42381,3,612
"2020-10-15","AZ","Azerbaijan","EURO",369,42750,4,616
"2020-10-16","AZ","Azerbaijan","EURO",530,43280,3,619
"2020-10-17","AZ","Azerbaijan","EURO",509,43789,2,621
"2020-10-18","AZ","Azerbaijan","EURO",528,44317,2,623
"2020-10-19","AZ","Azerbaijan","EURO",647,44964,3,626
"2020-10-20","AZ","Azerbaijan","EURO",331,45295,4,630
"2020-10-21","AZ","Azerbaijan","EURO",584,45879,5,635
"2020-10-22","AZ","Azerbaijan","EURO",714,46593,7,642
"2020-10-23","AZ","Azerbaijan","EURO",825,47418,6,648
"2020-10-24","AZ","Azerbaijan","EURO",803,48221,8,656
"2020-10-25","AZ","Azerbaijan","EURO",792,49013,8,664
"2020-10-26","AZ","Azerbaijan","EURO",946,49959,7,671
"2020-10-27","AZ","Azerbaijan","EURO",527,50486,8,679
"2020-10-28","AZ","Azerbaijan","EURO",663,51149,9,688
"2020-10-29","AZ","Azerbaijan","EURO",988,52137,11,699
"2020-10-30","AZ","Azerbaijan","EURO",1015,53152,9,708
"2020-10-31","AZ","Azerbaijan","EURO",1022,54174,10,718
"2020-11-01","AZ","Azerbaijan","EURO",1095,55269,12,730
"2020-11-02","AZ","Azerbaijan","EURO",1175,56444,10,740
"2020-11-03","AZ","Azerbaijan","EURO",596,57040,13,753
"2020-11-04","AZ","Azerbaijan","EURO",1242,58282,15,768
"2020-11-05","AZ","Azerbaijan","EURO",1227,59509,12,780
"2020-11-06","AZ","Azerbaijan","EURO",1364,60873,14,794
"2020-11-07","AZ","Azerbaijan","EURO",1465,62338,17,811
"2020-11-08","AZ","Azerbaijan","EURO",1410,63748,13,824
"2020-11-09","AZ","Azerbaijan","EURO",1663,65411,16,840
"2020-11-10","AZ","Azerbaijan","EURO",635,66046,12,852
"2020-11-11","AZ","Azerbaijan","EURO",1346,67392,15,867
"2020-11-12","AZ","Azerbaijan","EURO",1202,68594,18,885
"2020-11-13","AZ","Azerbaijan","EURO",1622,70216,20,905
"2020-11-14","AZ","Azerbaijan","EURO",1364,71580,22,927
"2020-11-15","AZ","Azerbaijan","EURO",1849,73429,19,946
"2020-11-16","AZ","Azerbaijan","EURO",2259,75688,21,967
"2020-11-17","AZ","Azerbaijan","EURO",1395,77083,18,985
"2020-11-18","AZ","Azerbaijan","EURO",2075,79158,20,1005
"2020-11-19","AZ","Azerbaijan","EURO",2239,81397,25,1030
"2020-11-20","AZ","Azerbaijan","EURO",2597,83994,23,1053
"2020-11-21","AZ","Azerbaijan","EURO",3169,87163,26,1079
"2020-11-22","AZ","Azerbaijan","EURO",2735,89898,28,1107
"2020-11-23","AZ","Azerbaijan","EURO",3196,93094,24,1131
"2020-11-24","AZ","Azerbaijan","EURO",2187,95281,29,1160
"2020-11-25","AZ","Azerbaijan","EURO",3646,98927,34,1194
"2020-11-26","AZ","Azerbaijan","EURO",3469,102396,30,1224
"2020-11-27","AZ","Azerbaijan","EURO",3705,106101,32,1256
"2020-11-28","AZ","Azerbaijan","EURO",3712,109813,35,1291
"2020-11-29","AZ","Azerbaijan","EURO",4212,114025,32,1323
"2020-11-30","AZ","Azerbaijan","EURO",4170,118195,38,1361
"2020-12-01","AZ","Azerbaijan","EURO",2981,121176,31,1392
"2020-12-02","AZ","Azerbaijan","EURO",4426,125602,41,1433
"2020-12-03","AZ","Azerbaijan","EURO",3942,129544,37,1470
"2020-12-04","AZ","Azerbaijan","EURO",4189,133733,40,1510
"2020-12-05","AZ","Azerbaijan","EURO",4267,138000,41,1551
"2020-12-06","AZ","Azerbaijan","EURO",4323,142323,42,1593
"2020-12-07","AZ","Azerbaijan","EURO",4356,146679,39,1632
"2020-12-08","AZ","Azerbaijan","EURO",3086,149765,43,1675
"2020-12-09","AZ","Azerbaijan","EURO",4387,154152,38,1713
"2020-12-10","AZ","Azerbaijan","EURO",4403,158555,42,1755
"2020-12-11","AZ","Azerbaijan","EURO",4219,162774,38,1793
"2020-12-12","AZ","Azerbaijan","EURO",4381,167155,47,1840
