"Fecha_de_reporte","Codigo_pais","Paises","Region","Casos_nuevos","Casos_acumulados","defunciones_nuevas","defunciones_acumuladas"
"2020-01-03","BY","Belarus","EURO",0,0,0,0
"2020-01-04","BY","Belarus","EURO",0,0,0,0
"2020-01-05","BY","Belarus","EURO",0,0,0,0
"2020-01-06","BY","Belarus","EURO",0,0,0,0
"2020-01-07","BY","Belarus","EURO",0,0,0,0
"2020-01-08","BY","Belarus","EURO",0,0,0,0
"2020-01-09","BY","Belarus","EURO",0,0,0,0
"2020-01-10","BY","Belarus","EURO",0,0,0,0
"2020-01-11","BY","Belarus","EURO",0,0,0,0
"2020-01-12","BY","Belarus","EURO",0,0,0,0
"2020-01-13","BY","Belarus","EURO",0,0,0,0
"2020-01-14","BY","Belarus","EURO",0,0,0,0
"2020-01-15","BY","Belarus","EURO",0,0,0,0
"2020-01-16","BY","Belarus","EURO",0,0,0,0
"2020-01-17","BY","Belarus","EURO",0,0,0,0
"2020-01-18","BY","Belarus","EURO",0,0,0,0
"2020-01-19","BY","Belarus","EURO",0,0,0,0
"2020-01-20","BY","Belarus","EURO",0,0,0,0
"2020-01-21","BY","Belarus","EURO",0,0,0,0
"2020-01-22","BY","Belarus","EURO",0,0,0,0
"2020-01-23","BY","Belarus","EURO",0,0,0,0
"2020-01-24","BY","Belarus","EURO",0,0,0,0
"2020-01-25","BY","Belarus","EURO",0,0,0,0
"2020-01-26","BY","Belarus","EURO",0,0,0,0
"2020-01-27","BY","Belarus","EURO",0,0,0,0
"2020-01-28","BY","Belarus","EURO",0,0,0,0
"2020-01-29","BY","Belarus","EURO",0,0,0,0
"2020-01-30","BY","Belarus","EURO",0,0,0,0
"2020-01-31","BY","Belarus","EURO",0,0,0,0
"2020-02-01","BY","Belarus","EURO",0,0,0,0
"2020-02-02","BY","Belarus","EURO",0,0,0,0
"2020-02-03","BY","Belarus","EURO",0,0,0,0
"2020-02-04","BY","Belarus","EURO",0,0,0,0
"2020-02-05","BY","Belarus","EURO",0,0,0,0
"2020-02-06","BY","Belarus","EURO",0,0,0,0
"2020-02-07","BY","Belarus","EURO",0,0,0,0
"2020-02-08","BY","Belarus","EURO",0,0,0,0
"2020-02-09","BY","Belarus","EURO",0,0,0,0
"2020-02-10","BY","Belarus","EURO",0,0,0,0
"2020-02-11","BY","Belarus","EURO",0,0,0,0
"2020-02-12","BY","Belarus","EURO",0,0,0,0
"2020-02-13","BY","Belarus","EURO",0,0,0,0
"2020-02-14","BY","Belarus","EURO",0,0,0,0
"2020-02-15","BY","Belarus","EURO",0,0,0,0
"2020-02-16","BY","Belarus","EURO",0,0,0,0
"2020-02-17","BY","Belarus","EURO",0,0,0,0
"2020-02-18","BY","Belarus","EURO",0,0,0,0
"2020-02-19","BY","Belarus","EURO",0,0,0,0
"2020-02-20","BY","Belarus","EURO",0,0,0,0
"2020-02-21","BY","Belarus","EURO",0,0,0,0
"2020-02-22","BY","Belarus","EURO",0,0,0,0
"2020-02-23","BY","Belarus","EURO",0,0,0,0
"2020-02-24","BY","Belarus","EURO",0,0,0,0
"2020-02-25","BY","Belarus","EURO",0,0,0,0
"2020-02-26","BY","Belarus","EURO",0,0,0,0
"2020-02-27","BY","Belarus","EURO",0,0,0,0
"2020-02-28","BY","Belarus","EURO",0,0,0,0
"2020-02-29","BY","Belarus","EURO",1,1,0,0
"2020-03-01","BY","Belarus","EURO",0,1,0,0
"2020-03-02","BY","Belarus","EURO",0,1,0,0
"2020-03-03","BY","Belarus","EURO",0,1,0,0
"2020-03-04","BY","Belarus","EURO",0,1,0,0
"2020-03-05","BY","Belarus","EURO",5,6,0,0
"2020-03-06","BY","Belarus","EURO",0,6,0,0
"2020-03-07","BY","Belarus","EURO",0,6,0,0
"2020-03-08","BY","Belarus","EURO",0,6,0,0
"2020-03-09","BY","Belarus","EURO",0,6,0,0
"2020-03-10","BY","Belarus","EURO",0,6,0,0
"2020-03-11","BY","Belarus","EURO",3,9,0,0
"2020-03-12","BY","Belarus","EURO",3,12,0,0
"2020-03-13","BY","Belarus","EURO",0,12,0,0
"2020-03-14","BY","Belarus","EURO",9,21,0,0
"2020-03-15","BY","Belarus","EURO",0,21,0,0
"2020-03-16","BY","Belarus","EURO",0,21,0,0
"2020-03-17","BY","Belarus","EURO",15,36,0,0
"2020-03-18","BY","Belarus","EURO",0,36,0,0
"2020-03-19","BY","Belarus","EURO",0,36,0,0
"2020-03-20","BY","Belarus","EURO",0,36,0,0
"2020-03-21","BY","Belarus","EURO",0,36,0,0
"2020-03-22","BY","Belarus","EURO",40,76,0,0
"2020-03-23","BY","Belarus","EURO",5,81,0,0
"2020-03-24","BY","Belarus","EURO",0,81,0,0
"2020-03-25","BY","Belarus","EURO",0,81,0,0
"2020-03-26","BY","Belarus","EURO",5,86,0,0
"2020-03-27","BY","Belarus","EURO",8,94,0,0
"2020-03-28","BY","Belarus","EURO",0,94,0,0
"2020-03-29","BY","Belarus","EURO",0,94,0,0
"2020-03-30","BY","Belarus","EURO",0,94,0,0
"2020-03-31","BY","Belarus","EURO",58,152,0,0
"2020-04-01","BY","Belarus","EURO",40,192,2,2
"2020-04-02","BY","Belarus","EURO",0,192,0,2
"2020-04-03","BY","Belarus","EURO",62,254,2,4
"2020-04-04","BY","Belarus","EURO",0,254,0,4
"2020-04-05","BY","Belarus","EURO",186,440,0,4
"2020-04-06","BY","Belarus","EURO",122,562,4,8
"2020-04-07","BY","Belarus","EURO",138,700,5,13
"2020-04-08","BY","Belarus","EURO",161,861,0,13
"2020-04-09","BY","Belarus","EURO",205,1066,0,13
"2020-04-10","BY","Belarus","EURO",0,1066,0,13
"2020-04-11","BY","Belarus","EURO",915,1981,6,19
"2020-04-12","BY","Belarus","EURO",245,2226,4,23
"2020-04-13","BY","Belarus","EURO",352,2578,3,26
"2020-04-14","BY","Belarus","EURO",341,2919,3,29
"2020-04-15","BY","Belarus","EURO",362,3281,4,33
"2020-04-16","BY","Belarus","EURO",447,3728,3,36
"2020-04-17","BY","Belarus","EURO",476,4204,4,40
"2020-04-18","BY","Belarus","EURO",575,4779,3,43
"2020-04-19","BY","Belarus","EURO",510,5289,2,45
"2020-04-20","BY","Belarus","EURO",518,5807,2,47
"2020-04-21","BY","Belarus","EURO",457,6264,4,51
"2020-04-22","BY","Belarus","EURO",459,6723,4,55
"2020-04-23","BY","Belarus","EURO",558,7281,5,60
"2020-04-24","BY","Belarus","EURO",741,8022,0,60
"2020-04-25","BY","Belarus","EURO",751,8773,3,63
"2020-04-26","BY","Belarus","EURO",817,9590,4,67
"2020-04-27","BY","Belarus","EURO",873,10463,5,72
"2020-04-28","BY","Belarus","EURO",1745,12208,7,79
"2020-04-29","BY","Belarus","EURO",0,12208,0,79
"2020-04-30","BY","Belarus","EURO",973,13181,5,84
"2020-05-01","BY","Belarus","EURO",846,14027,5,89
"2020-05-02","BY","Belarus","EURO",890,14917,4,93
"2020-05-03","BY","Belarus","EURO",911,15828,4,97
"2020-05-04","BY","Belarus","EURO",1661,17489,6,103
"2020-05-05","BY","Belarus","EURO",0,17489,0,103
"2020-05-06","BY","Belarus","EURO",1766,19255,9,112
"2020-05-07","BY","Belarus","EURO",0,19255,0,112
"2020-05-08","BY","Belarus","EURO",913,20168,4,116
"2020-05-09","BY","Belarus","EURO",933,21101,5,121
"2020-05-10","BY","Belarus","EURO",1872,22973,10,131
"2020-05-11","BY","Belarus","EURO",933,23906,4,135
"2020-05-12","BY","Belarus","EURO",0,23906,0,135
"2020-05-13","BY","Belarus","EURO",1934,25840,14,149
"2020-05-14","BY","Belarus","EURO",0,25840,0,149
"2020-05-15","BY","Belarus","EURO",932,26772,2,151
"2020-05-16","BY","Belarus","EURO",958,27730,5,156
"2020-05-17","BY","Belarus","EURO",951,28681,4,160
"2020-05-18","BY","Belarus","EURO",969,29650,5,165
"2020-05-19","BY","Belarus","EURO",922,30572,6,171
"2020-05-20","BY","Belarus","EURO",936,31508,4,175
"2020-05-21","BY","Belarus","EURO",1863,33371,10,185
"2020-05-22","BY","Belarus","EURO",932,34303,5,190
"2020-05-23","BY","Belarus","EURO",0,34303,0,190
"2020-05-24","BY","Belarus","EURO",941,35244,4,194
"2020-05-25","BY","Belarus","EURO",954,36198,5,199
"2020-05-26","BY","Belarus","EURO",946,37144,5,204
"2020-05-27","BY","Belarus","EURO",915,38059,4,208
"2020-05-28","BY","Belarus","EURO",897,38956,6,214
"2020-05-29","BY","Belarus","EURO",902,39858,5,219
"2020-05-30","BY","Belarus","EURO",906,40764,5,224
"2020-05-31","BY","Belarus","EURO",894,41658,5,229
"2020-06-01","BY","Belarus","EURO",898,42556,6,235
"2020-06-02","BY","Belarus","EURO",847,43403,5,240
"2020-06-03","BY","Belarus","EURO",852,44255,3,243
"2020-06-04","BY","Belarus","EURO",861,45116,5,248
"2020-06-05","BY","Belarus","EURO",865,45981,5,253
"2020-06-06","BY","Belarus","EURO",887,46868,6,259
"2020-06-07","BY","Belarus","EURO",0,46868,0,259
"2020-06-08","BY","Belarus","EURO",1762,48630,10,269
"2020-06-09","BY","Belarus","EURO",823,49453,7,276
"2020-06-10","BY","Belarus","EURO",812,50265,6,282
"2020-06-11","BY","Belarus","EURO",801,51066,6,288
"2020-06-12","BY","Belarus","EURO",750,51816,5,293
"2020-06-13","BY","Belarus","EURO",704,52520,5,298
"2020-06-14","BY","Belarus","EURO",721,53241,5,303
"2020-06-15","BY","Belarus","EURO",732,53973,5,308
"2020-06-16","BY","Belarus","EURO",707,54680,4,312
"2020-06-17","BY","Belarus","EURO",689,55369,6,318
"2020-06-18","BY","Belarus","EURO",663,56032,6,324
"2020-06-19","BY","Belarus","EURO",625,56657,7,331
"2020-06-20","BY","Belarus","EURO",676,57333,6,337
"2020-06-21","BY","Belarus","EURO",603,57936,6,343
"2020-06-22","BY","Belarus","EURO",569,58505,3,346
"2020-06-23","BY","Belarus","EURO",518,59023,5,351
"2020-06-24","BY","Belarus","EURO",464,59487,6,357
"2020-06-25","BY","Belarus","EURO",458,59945,5,362
"2020-06-26","BY","Belarus","EURO",437,60382,5,367
"2020-06-27","BY","Belarus","EURO",331,60713,6,373
"2020-06-28","BY","Belarus","EURO",382,61095,4,377
"2020-06-29","BY","Belarus","EURO",380,61475,6,383
"2020-06-30","BY","Belarus","EURO",315,61790,4,387
"2020-07-01","BY","Belarus","EURO",328,62118,5,392
"2020-07-02","BY","Belarus","EURO",306,62424,6,398
"2020-07-03","BY","Belarus","EURO",274,62698,7,405
"2020-07-04","BY","Belarus","EURO",299,62997,7,412
"2020-07-05","BY","Belarus","EURO",273,63270,6,418
"2020-07-06","BY","Belarus","EURO",284,63554,5,423
"2020-07-07","BY","Belarus","EURO",250,63804,6,429
"2020-07-08","BY","Belarus","EURO",199,64003,7,436
"2020-07-09","BY","Belarus","EURO",221,64224,7,443
"2020-07-10","BY","Belarus","EURO",187,64411,6,449
"2020-07-11","BY","Belarus","EURO",193,64604,5,454
"2020-07-12","BY","Belarus","EURO",160,64764,5,459
"2020-07-13","BY","Belarus","EURO",168,64932,5,464
"2020-07-14","BY","Belarus","EURO",182,65114,4,468
"2020-07-15","BY","Belarus","EURO",155,65269,6,474
"2020-07-16","BY","Belarus","EURO",174,65443,6,480
"2020-07-17","BY","Belarus","EURO",180,65623,5,485
"2020-07-18","BY","Belarus","EURO",159,65782,6,491
"2020-07-19","BY","Belarus","EURO",171,65953,4,495
"2020-07-20","BY","Belarus","EURO",142,66095,4,499
"2020-07-21","BY","Belarus","EURO",118,66213,4,503
"2020-07-22","BY","Belarus","EURO",135,66348,4,507
"2020-07-23","BY","Belarus","EURO",173,66521,6,513
"2020-07-24","BY","Belarus","EURO",167,66688,6,519
"2020-07-25","BY","Belarus","EURO",158,66846,5,524
"2020-07-26","BY","Belarus","EURO",156,67002,6,530
"2020-07-27","BY","Belarus","EURO",130,67132,4,534
"2020-07-28","BY","Belarus","EURO",234,67366,9,543
"2020-07-29","BY","Belarus","EURO",152,67518,5,548
"2020-07-30","BY","Belarus","EURO",147,67665,5,553
"2020-07-31","BY","Belarus","EURO",143,67808,6,559
"2020-08-01","BY","Belarus","EURO",0,67808,0,559
"2020-08-02","BY","Belarus","EURO",138,67946,4,563
"2020-08-03","BY","Belarus","EURO",121,68067,4,567
"2020-08-04","BY","Belarus","EURO",99,68166,4,571
"2020-08-05","BY","Belarus","EURO",84,68250,3,574
"2020-08-06","BY","Belarus","EURO",126,68376,3,577
"2020-08-07","BY","Belarus","EURO",127,68503,3,580
"2020-08-08","BY","Belarus","EURO",111,68614,3,583
"2020-08-09","BY","Belarus","EURO",124,68738,2,585
"2020-08-10","BY","Belarus","EURO",112,68850,2,587
"2020-08-11","BY","Belarus","EURO",97,68947,2,589
"2020-08-12","BY","Belarus","EURO",58,69005,3,592
"2020-08-13","BY","Belarus","EURO",97,69102,3,595
"2020-08-14","BY","Belarus","EURO",101,69203,4,599
"2020-08-15","BY","Belarus","EURO",105,69308,4,603
"2020-08-16","BY","Belarus","EURO",116,69424,4,607
"2020-08-17","BY","Belarus","EURO",92,69516,3,610
"2020-08-18","BY","Belarus","EURO",73,69589,3,613
"2020-08-19","BY","Belarus","EURO",84,69673,4,617
"2020-08-20","BY","Belarus","EURO",128,69801,5,622
"2020-08-21","BY","Belarus","EURO",149,69950,5,627
"2020-08-22","BY","Belarus","EURO",161,70111,5,632
"2020-08-23","BY","Belarus","EURO",174,70285,5,637
"2020-08-24","BY","Belarus","EURO",183,70468,5,642
"2020-08-25","BY","Belarus","EURO",177,70645,4,646
"2020-08-26","BY","Belarus","EURO",82,70727,6,652
"2020-08-27","BY","Belarus","EURO",247,70974,5,657
"2020-08-28","BY","Belarus","EURO",191,71165,5,662
"2020-08-29","BY","Belarus","EURO",181,71346,5,667
"2020-08-30","BY","Belarus","EURO",177,71523,4,671
"2020-08-31","BY","Belarus","EURO",164,71687,5,676
"2020-09-01","BY","Belarus","EURO",156,71843,5,681
"2020-09-02","BY","Belarus","EURO",119,71962,5,686
"2020-09-03","BY","Belarus","EURO",179,72141,5,691
"2020-09-04","BY","Belarus","EURO",161,72302,5,696
"2020-09-05","BY","Belarus","EURO",183,72485,5,701
"2020-09-06","BY","Belarus","EURO",178,72663,4,705
"2020-09-07","BY","Belarus","EURO",196,72859,6,711
"2020-09-08","BY","Belarus","EURO",172,73031,5,716
"2020-09-09","BY","Belarus","EURO",177,73208,5,721
"2020-09-10","BY","Belarus","EURO",194,73402,5,726
"2020-09-11","BY","Belarus","EURO",189,73591,6,732
"2020-09-12","BY","Belarus","EURO",193,73784,6,738
"2020-09-13","BY","Belarus","EURO",191,73975,6,744
"2020-09-14","BY","Belarus","EURO",198,74173,6,750
"2020-09-15","BY","Belarus","EURO",187,74360,6,756
"2020-09-16","BY","Belarus","EURO",192,74552,5,761
"2020-09-17","BY","Belarus","EURO",211,74763,6,767
"2020-09-18","BY","Belarus","EURO",224,74987,4,771
"2020-09-19","BY","Belarus","EURO",243,75230,2,773
"2020-09-20","BY","Belarus","EURO",231,75461,3,776
"2020-09-21","BY","Belarus","EURO",213,75674,4,780
"2020-09-22","BY","Belarus","EURO",224,75898,5,785
"2020-09-23","BY","Belarus","EURO",206,76104,6,791
"2020-09-24","BY","Belarus","EURO",253,76357,5,796
"2020-09-25","BY","Belarus","EURO",294,76651,6,802
"2020-09-26","BY","Belarus","EURO",306,76957,5,807
"2020-09-27","BY","Belarus","EURO",332,77289,6,813
"2020-09-28","BY","Belarus","EURO",320,77609,5,818
"2020-09-29","BY","Belarus","EURO",337,77946,4,822
"2020-09-30","BY","Belarus","EURO",314,78260,6,828
"2020-10-01","BY","Belarus","EURO",371,78631,5,833
"2020-10-02","BY","Belarus","EURO",388,79019,6,839
"2020-10-03","BY","Belarus","EURO",402,79421,5,844
"2020-10-04","BY","Belarus","EURO",431,79852,7,851
"2020-10-05","BY","Belarus","EURO",443,80295,6,857
"2020-10-06","BY","Belarus","EURO",401,80696,5,862
"2020-10-07","BY","Belarus","EURO",394,81090,6,868
"2020-10-08","BY","Belarus","EURO",415,81505,6,874
"2020-10-09","BY","Belarus","EURO",477,81982,6,880
"2020-10-10","BY","Belarus","EURO",489,82471,5,885
"2020-10-11","BY","Belarus","EURO",552,83023,6,891
"2020-10-12","BY","Belarus","EURO",511,83534,5,896
"2020-10-13","BY","Belarus","EURO",464,83998,5,901
"2020-10-14","BY","Belarus","EURO",526,84524,5,906
"2020-10-15","BY","Belarus","EURO",597,85121,5,911
"2020-10-16","BY","Belarus","EURO",613,85734,5,916
"2020-10-17","BY","Belarus","EURO",658,86392,5,921
"2020-10-18","BY","Belarus","EURO",671,87063,4,925
"2020-10-19","BY","Belarus","EURO",635,87698,4,929
"2020-10-20","BY","Belarus","EURO",592,88290,4,933
"2020-10-21","BY","Belarus","EURO",619,88909,4,937
"2020-10-22","BY","Belarus","EURO",733,89642,4,941
"2020-10-23","BY","Belarus","EURO",738,90380,4,945
"2020-10-24","BY","Belarus","EURO",787,91167,0,945
"2020-10-25","BY","Belarus","EURO",0,91167,0,945
"2020-10-26","BY","Belarus","EURO",1656,92823,12,957
"2020-10-27","BY","Belarus","EURO",884,93707,4,961
"2020-10-28","BY","Belarus","EURO",902,94609,4,965
"2020-10-29","BY","Belarus","EURO",936,95545,4,969
"2020-10-30","BY","Belarus","EURO",984,96529,4,973
"2020-10-31","BY","Belarus","EURO",970,97499,4,977
"2020-11-01","BY","Belarus","EURO",1960,99459,8,985
"2020-11-02","BY","Belarus","EURO",0,99459,0,985
"2020-11-03","BY","Belarus","EURO",941,100400,4,989
"2020-11-04","BY","Belarus","EURO",929,101329,3,992
"2020-11-05","BY","Belarus","EURO",984,102313,3,995
"2020-11-06","BY","Belarus","EURO",982,103295,3,998
"2020-11-07","BY","Belarus","EURO",1988,105283,6,1004
"2020-11-08","BY","Belarus","EURO",0,105283,0,1004
"2020-11-09","BY","Belarus","EURO",996,106279,3,1007
"2020-11-10","BY","Belarus","EURO",983,107262,4,1011
"2020-11-11","BY","Belarus","EURO",1038,108300,5,1016
"2020-11-12","BY","Belarus","EURO",1057,109357,6,1022
"2020-11-13","BY","Belarus","EURO",1098,110455,5,1027
"2020-11-14","BY","Belarus","EURO",1167,111622,6,1033
"2020-11-15","BY","Belarus","EURO",1248,112870,6,1039
"2020-11-16","BY","Belarus","EURO",1315,114185,7,1046
"2020-11-17","BY","Belarus","EURO",1263,115448,7,1053
"2020-11-18","BY","Belarus","EURO",1251,116699,7,1060
"2020-11-19","BY","Belarus","EURO",1309,118008,7,1067
"2020-11-20","BY","Belarus","EURO",1382,119390,7,1074
"2020-11-21","BY","Belarus","EURO",1457,120847,7,1081
"2020-11-22","BY","Belarus","EURO",1588,122435,8,1089
"2020-11-23","BY","Belarus","EURO",1564,123999,7,1096
"2020-11-24","BY","Belarus","EURO",1483,125482,8,1104
"2020-11-25","BY","Belarus","EURO",1471,126953,8,1112
"2020-11-26","BY","Belarus","EURO",1496,128449,7,1119
"2020-11-27","BY","Belarus","EURO",1563,130012,9,1128
"2020-11-28","BY","Belarus","EURO",1621,131633,8,1136
"2020-11-29","BY","Belarus","EURO",1691,133324,7,1143
"2020-11-30","BY","Belarus","EURO",1684,135008,8,1151
"2020-12-01","BY","Belarus","EURO",1639,136647,7,1158
"2020-12-02","BY","Belarus","EURO",1572,138219,8,1166
"2020-12-03","BY","Belarus","EURO",1689,139908,8,1174
"2020-12-04","BY","Belarus","EURO",1701,141609,7,1181
"2020-12-05","BY","Belarus","EURO",1774,143383,9,1190
"2020-12-06","BY","Belarus","EURO",1896,145279,8,1198
"2020-12-07","BY","Belarus","EURO",1878,147157,9,1207
"2020-12-08","BY","Belarus","EURO",1796,148953,8,1215
"2020-12-09","BY","Belarus","EURO",1649,150602,7,1222
"2020-12-10","BY","Belarus","EURO",1851,152453,8,1230
"2020-12-11","BY","Belarus","EURO",1939,154392,8,1238
"2020-12-12","BY","Belarus","EURO",1967,156359,8,1246
