"Fecha_de_reporte","Codigo_pais","Paises","Region","Casos_nuevos","Casos_acumulados","defunciones_nuevas","defunciones_acumuladas"
"2020-01-03","BE","Belgium","EURO",0,0,0,0
"2020-01-04","BE","Belgium","EURO",0,0,0,0
"2020-01-05","BE","Belgium","EURO",0,0,0,0
"2020-01-06","BE","Belgium","EURO",0,0,0,0
"2020-01-07","BE","Belgium","EURO",0,0,0,0
"2020-01-08","BE","Belgium","EURO",0,0,0,0
"2020-01-09","BE","Belgium","EURO",0,0,0,0
"2020-01-10","BE","Belgium","EURO",0,0,0,0
"2020-01-11","BE","Belgium","EURO",0,0,0,0
"2020-01-12","BE","Belgium","EURO",0,0,0,0
"2020-01-13","BE","Belgium","EURO",0,0,0,0
"2020-01-14","BE","Belgium","EURO",0,0,0,0
"2020-01-15","BE","Belgium","EURO",0,0,0,0
"2020-01-16","BE","Belgium","EURO",0,0,0,0
"2020-01-17","BE","Belgium","EURO",0,0,0,0
"2020-01-18","BE","Belgium","EURO",0,0,0,0
"2020-01-19","BE","Belgium","EURO",0,0,0,0
"2020-01-20","BE","Belgium","EURO",0,0,0,0
"2020-01-21","BE","Belgium","EURO",0,0,0,0
"2020-01-22","BE","Belgium","EURO",0,0,0,0
"2020-01-23","BE","Belgium","EURO",0,0,0,0
"2020-01-24","BE","Belgium","EURO",0,0,0,0
"2020-01-25","BE","Belgium","EURO",0,0,0,0
"2020-01-26","BE","Belgium","EURO",0,0,0,0
"2020-01-27","BE","Belgium","EURO",0,0,0,0
"2020-01-28","BE","Belgium","EURO",0,0,0,0
"2020-01-29","BE","Belgium","EURO",0,0,0,0
"2020-01-30","BE","Belgium","EURO",0,0,0,0
"2020-01-31","BE","Belgium","EURO",0,0,0,0
"2020-02-01","BE","Belgium","EURO",0,0,0,0
"2020-02-02","BE","Belgium","EURO",0,0,0,0
"2020-02-03","BE","Belgium","EURO",0,0,0,0
"2020-02-04","BE","Belgium","EURO",1,1,0,0
"2020-02-05","BE","Belgium","EURO",0,1,0,0
"2020-02-06","BE","Belgium","EURO",0,1,0,0
"2020-02-07","BE","Belgium","EURO",0,1,0,0
"2020-02-08","BE","Belgium","EURO",0,1,0,0
"2020-02-09","BE","Belgium","EURO",0,1,0,0
"2020-02-10","BE","Belgium","EURO",0,1,0,0
"2020-02-11","BE","Belgium","EURO",0,1,0,0
"2020-02-12","BE","Belgium","EURO",0,1,0,0
"2020-02-13","BE","Belgium","EURO",0,1,0,0
"2020-02-14","BE","Belgium","EURO",0,1,0,0
"2020-02-15","BE","Belgium","EURO",0,1,0,0
"2020-02-16","BE","Belgium","EURO",0,1,0,0
"2020-02-17","BE","Belgium","EURO",0,1,0,0
"2020-02-18","BE","Belgium","EURO",0,1,0,0
"2020-02-19","BE","Belgium","EURO",0,1,0,0
"2020-02-20","BE","Belgium","EURO",0,1,0,0
"2020-02-21","BE","Belgium","EURO",0,1,0,0
"2020-02-22","BE","Belgium","EURO",0,1,0,0
"2020-02-23","BE","Belgium","EURO",0,1,0,0
"2020-02-24","BE","Belgium","EURO",0,1,0,0
"2020-02-25","BE","Belgium","EURO",0,1,0,0
"2020-02-26","BE","Belgium","EURO",0,1,0,0
"2020-02-27","BE","Belgium","EURO",0,1,0,0
"2020-02-28","BE","Belgium","EURO",0,1,0,0
"2020-02-29","BE","Belgium","EURO",0,1,0,0
"2020-03-01","BE","Belgium","EURO",0,1,0,0
"2020-03-02","BE","Belgium","EURO",18,19,0,0
"2020-03-03","BE","Belgium","EURO",19,38,0,0
"2020-03-04","BE","Belgium","EURO",34,72,0,0
"2020-03-05","BE","Belgium","EURO",53,125,0,0
"2020-03-06","BE","Belgium","EURO",81,206,0,0
"2020-03-07","BE","Belgium","EURO",110,316,0,0
"2020-03-08","BE","Belgium","EURO",27,343,0,0
"2020-03-09","BE","Belgium","EURO",64,407,0,0
"2020-03-10","BE","Belgium","EURO",94,501,1,1
"2020-03-11","BE","Belgium","EURO",99,600,0,1
"2020-03-12","BE","Belgium","EURO",310,910,3,4
"2020-03-13","BE","Belgium","EURO",251,1161,1,5
"2020-03-14","BE","Belgium","EURO",338,1499,3,8
"2020-03-15","BE","Belgium","EURO",179,1678,5,13
"2020-03-16","BE","Belgium","EURO",214,1892,6,19
"2020-03-17","BE","Belgium","EURO",387,2279,12,31
"2020-03-18","BE","Belgium","EURO",422,2701,10,41
"2020-03-19","BE","Belgium","EURO",535,3236,22,63
"2020-03-20","BE","Belgium","EURO",713,3949,33,96
"2020-03-21","BE","Belgium","EURO",662,4611,35,131
"2020-03-22","BE","Belgium","EURO",469,5080,40,171
"2020-03-23","BE","Belgium","EURO",486,5566,47,218
"2020-03-24","BE","Belgium","EURO",1328,6894,78,296
"2020-03-25","BE","Belgium","EURO",1195,8089,77,373
"2020-03-26","BE","Belgium","EURO",1199,9288,107,480
"2020-03-27","BE","Belgium","EURO",1363,10651,102,582
"2020-03-28","BE","Belgium","EURO",1520,12171,128,710
"2020-03-29","BE","Belgium","EURO",845,13016,141,851
"2020-03-30","BE","Belgium","EURO",685,13701,149,1000
"2020-03-31","BE","Belgium","EURO",1739,15440,170,1170
"2020-04-01","BE","Belgium","EURO",1683,17123,208,1378
"2020-04-02","BE","Belgium","EURO",1517,18640,233,1611
"2020-04-03","BE","Belgium","EURO",1479,20119,219,1830
"2020-04-04","BE","Belgium","EURO",1694,21813,236,2066
"2020-04-05","BE","Belgium","EURO",923,22736,271,2337
"2020-04-06","BE","Belgium","EURO",667,23403,247,2584
"2020-04-07","BE","Belgium","EURO",1937,25340,257,2841
"2020-04-08","BE","Belgium","EURO",1515,26855,277,3118
"2020-04-09","BE","Belgium","EURO",1599,28454,322,3440
"2020-04-10","BE","Belgium","EURO",2240,30694,272,3712
"2020-04-11","BE","Belgium","EURO",2336,33030,302,4014
"2020-04-12","BE","Belgium","EURO",1032,34062,284,4298
"2020-04-13","BE","Belgium","EURO",524,34586,265,4563
"2020-04-14","BE","Belgium","EURO",538,35124,277,4840
"2020-04-15","BE","Belgium","EURO",1561,36685,261,5101
"2020-04-16","BE","Belgium","EURO",1633,38318,280,5381
"2020-04-17","BE","Belgium","EURO",1675,39993,246,5627
"2020-04-18","BE","Belgium","EURO",1395,41388,205,5832
"2020-04-19","BE","Belgium","EURO",722,42110,208,6040
"2020-04-20","BE","Belgium","EURO",444,42554,190,6230
"2020-04-21","BE","Belgium","EURO",1278,43832,206,6436
"2020-04-22","BE","Belgium","EURO",1270,45102,203,6639
"2020-04-23","BE","Belgium","EURO",778,45880,181,6820
"2020-04-24","BE","Belgium","EURO",976,46856,156,6976
"2020-04-25","BE","Belgium","EURO",811,47667,155,7131
"2020-04-26","BE","Belgium","EURO",388,48055,142,7273
"2020-04-27","BE","Belgium","EURO",205,48260,154,7427
"2020-04-28","BE","Belgium","EURO",755,49015,135,7562
"2020-04-29","BE","Belgium","EURO",569,49584,110,7672
"2020-04-30","BE","Belgium","EURO",522,50106,107,7779
"2020-05-01","BE","Belgium","EURO",586,50692,87,7866
"2020-05-02","BE","Belgium","EURO",237,50929,93,7959
"2020-05-03","BE","Belgium","EURO",286,51215,75,8034
"2020-05-04","BE","Belgium","EURO",140,51355,94,8128
"2020-05-05","BE","Belgium","EURO",670,52025,95,8223
"2020-05-06","BE","Belgium","EURO",547,52572,81,8304
"2020-05-07","BE","Belgium","EURO",552,53124,76,8380
"2020-05-08","BE","Belgium","EURO",442,53566,71,8451
"2020-05-09","BE","Belgium","EURO",483,54049,74,8525
"2020-05-10","BE","Belgium","EURO",240,54289,71,8596
"2020-05-11","BE","Belgium","EURO",118,54407,72,8668
"2020-05-12","BE","Belgium","EURO",476,54883,65,8733
"2020-05-13","BE","Belgium","EURO",395,55278,45,8778
"2020-05-14","BE","Belgium","EURO",321,55599,56,8834
"2020-05-15","BE","Belgium","EURO",305,55904,43,8877
"2020-05-16","BE","Belgium","EURO",347,56251,45,8922
"2020-05-17","BE","Belgium","EURO",147,56398,30,8952
"2020-05-18","BE","Belgium","EURO",81,56479,31,8983
"2020-05-19","BE","Belgium","EURO",317,56796,37,9020
"2020-05-20","BE","Belgium","EURO",292,57088,33,9053
"2020-05-21","BE","Belgium","EURO",385,57473,30,9083
"2020-05-22","BE","Belgium","EURO",70,57543,34,9117
"2020-05-23","BE","Belgium","EURO",248,57791,41,9158
"2020-05-24","BE","Belgium","EURO",123,57914,25,9183
"2020-05-25","BE","Belgium","EURO",75,57989,33,9216
"2020-05-26","BE","Belgium","EURO",314,58303,26,9242
"2020-05-27","BE","Belgium","EURO",202,58505,24,9266
"2020-05-28","BE","Belgium","EURO",182,58687,24,9290
"2020-05-29","BE","Belgium","EURO",171,58858,26,9316
"2020-05-30","BE","Belgium","EURO",165,59023,16,9332
"2020-05-31","BE","Belgium","EURO",61,59084,23,9355
"2020-06-01","BE","Belgium","EURO",49,59133,22,9377
"2020-06-02","BE","Belgium","EURO",59,59192,21,9398
"2020-06-03","BE","Belgium","EURO",183,59375,23,9421
"2020-06-04","BE","Belgium","EURO",159,59534,20,9441
"2020-06-05","BE","Belgium","EURO",172,59706,14,9455
"2020-06-06","BE","Belgium","EURO",154,59860,12,9467
"2020-06-07","BE","Belgium","EURO",69,59929,11,9478
"2020-06-08","BE","Belgium","EURO",53,59982,12,9490
"2020-06-09","BE","Belgium","EURO",153,60135,9,9499
"2020-06-10","BE","Belgium","EURO",145,60280,12,9511
"2020-06-11","BE","Belgium","EURO",119,60399,12,9523
"2020-06-12","BE","Belgium","EURO",95,60494,7,9530
"2020-06-13","BE","Belgium","EURO",89,60583,10,9540
"2020-06-14","BE","Belgium","EURO",49,60632,5,9545
"2020-06-15","BE","Belgium","EURO",22,60654,3,9548
"2020-06-16","BE","Belgium","EURO",147,60801,8,9556
"2020-06-17","BE","Belgium","EURO",99,60900,7,9563
"2020-06-18","BE","Belgium","EURO",123,61023,7,9570
"2020-06-19","BE","Belgium","EURO",108,61131,5,9575
"2020-06-20","BE","Belgium","EURO",121,61252,4,9579
"2020-06-21","BE","Belgium","EURO",50,61302,3,9582
"2020-06-22","BE","Belgium","EURO",20,61322,9,9591
"2020-06-23","BE","Belgium","EURO",143,61465,12,9603
"2020-06-24","BE","Belgium","EURO",110,61575,4,9607
"2020-06-25","BE","Belgium","EURO",100,61675,3,9610
"2020-06-26","BE","Belgium","EURO",76,61751,5,9615
"2020-06-27","BE","Belgium","EURO",113,61864,2,9617
"2020-06-28","BE","Belgium","EURO",41,61905,8,9625
"2020-06-29","BE","Belgium","EURO",24,61929,5,9630
"2020-06-30","BE","Belgium","EURO",127,62056,3,9633
"2020-07-01","BE","Belgium","EURO",100,62156,8,9641
"2020-07-02","BE","Belgium","EURO",135,62291,2,9643
"2020-07-03","BE","Belgium","EURO",93,62384,5,9648
"2020-07-04","BE","Belgium","EURO",94,62478,2,9650
"2020-07-05","BE","Belgium","EURO",64,62542,3,9653
"2020-07-06","BE","Belgium","EURO",24,62566,2,9655
"2020-07-07","BE","Belgium","EURO",112,62678,1,9656
"2020-07-08","BE","Belgium","EURO",99,62777,3,9659
"2020-07-09","BE","Belgium","EURO",137,62914,1,9660
"2020-07-10","BE","Belgium","EURO",124,63038,2,9662
"2020-07-11","BE","Belgium","EURO",127,63165,0,9662
"2020-07-12","BE","Belgium","EURO",62,63227,2,9664
"2020-07-13","BE","Belgium","EURO",43,63270,4,9668
"2020-07-14","BE","Belgium","EURO",224,63494,0,9668
"2020-07-15","BE","Belgium","EURO",207,63701,3,9671
"2020-07-16","BE","Belgium","EURO",260,63961,5,9676
"2020-07-17","BE","Belgium","EURO",226,64187,5,9681
"2020-07-18","BE","Belgium","EURO",274,64461,2,9683
"2020-07-19","BE","Belgium","EURO",130,64591,3,9686
"2020-07-20","BE","Belgium","EURO",64,64655,1,9687
"2020-07-21","BE","Belgium","EURO",443,65098,2,9689
"2020-07-22","BE","Belgium","EURO",145,65243,1,9690
"2020-07-23","BE","Belgium","EURO",553,65796,2,9692
"2020-07-24","BE","Belgium","EURO",439,66235,2,9694
"2020-07-25","BE","Belgium","EURO",496,66731,5,9699
"2020-07-26","BE","Belgium","EURO",229,66960,1,9700
"2020-07-27","BE","Belgium","EURO",184,67144,2,9702
"2020-07-28","BE","Belgium","EURO",595,67739,4,9706
"2020-07-29","BE","Belgium","EURO",685,68424,1,9707
"2020-07-30","BE","Belgium","EURO",703,69127,3,9710
"2020-07-31","BE","Belgium","EURO",635,69762,2,9712
"2020-08-01","BE","Belgium","EURO",684,70446,3,9715
"2020-08-02","BE","Belgium","EURO",309,70755,2,9717
"2020-08-03","BE","Belgium","EURO",148,70903,5,9722
"2020-08-04","BE","Belgium","EURO",794,71697,3,9725
"2020-08-05","BE","Belgium","EURO",814,72511,5,9730
"2020-08-06","BE","Belgium","EURO",776,73287,5,9735
"2020-08-07","BE","Belgium","EURO",769,74056,4,9739
"2020-08-08","BE","Belgium","EURO",771,74827,6,9745
"2020-08-09","BE","Belgium","EURO",304,75131,2,9747
"2020-08-10","BE","Belgium","EURO",122,75253,5,9752
"2020-08-11","BE","Belgium","EURO",873,76126,11,9763
"2020-08-12","BE","Belgium","EURO",718,76844,13,9776
"2020-08-13","BE","Belgium","EURO",609,77453,11,9787
"2020-08-14","BE","Belgium","EURO",669,78122,12,9799
"2020-08-15","BE","Belgium","EURO",587,78709,12,9811
"2020-08-16","BE","Belgium","EURO",163,78872,9,9820
"2020-08-17","BE","Belgium","EURO",132,79004,7,9827
"2020-08-18","BE","Belgium","EURO",707,79711,7,9834
"2020-08-19","BE","Belgium","EURO",725,80436,11,9845
"2020-08-20","BE","Belgium","EURO",612,81048,9,9854
"2020-08-21","BE","Belgium","EURO",581,81629,4,9858
"2020-08-22","BE","Belgium","EURO",510,82139,3,9861
"2020-08-23","BE","Belgium","EURO",203,82342,5,9866
"2020-08-24","BE","Belgium","EURO",115,82457,3,9869
"2020-08-25","BE","Belgium","EURO",607,83064,5,9874
"2020-08-26","BE","Belgium","EURO",527,83591,5,9879
"2020-08-27","BE","Belgium","EURO",526,84117,4,9883
"2020-08-28","BE","Belgium","EURO",535,84652,3,9886
"2020-08-29","BE","Belgium","EURO",614,85266,4,9890
"2020-08-30","BE","Belgium","EURO",195,85461,6,9896
"2020-08-31","BE","Belgium","EURO",117,85578,1,9897
"2020-09-01","BE","Belgium","EURO",634,86212,3,9900
"2020-09-02","BE","Belgium","EURO",565,86777,3,9903
"2020-09-03","BE","Belgium","EURO",574,87351,2,9905
"2020-09-04","BE","Belgium","EURO",677,88028,4,9909
"2020-09-05","BE","Belgium","EURO",728,88756,2,9911
"2020-09-06","BE","Belgium","EURO",322,89078,1,9912
"2020-09-07","BE","Belgium","EURO",155,89233,2,9914
"2020-09-08","BE","Belgium","EURO",918,90151,4,9918
"2020-09-09","BE","Belgium","EURO",871,91022,3,9921
"2020-09-10","BE","Belgium","EURO",1024,92046,2,9923
"2020-09-11","BE","Belgium","EURO",1143,93189,3,9926
"2020-09-12","BE","Belgium","EURO",1284,94473,5,9931
"2020-09-13","BE","Belgium","EURO",617,95090,1,9932
"2020-09-14","BE","Belgium","EURO",301,95391,1,9933
"2020-09-15","BE","Belgium","EURO",1727,97118,4,9937
"2020-09-16","BE","Belgium","EURO",1628,98746,3,9940
"2020-09-17","BE","Belgium","EURO",1942,100688,2,9942
"2020-09-18","BE","Belgium","EURO",1752,102440,1,9943
"2020-09-19","BE","Belgium","EURO",1709,104149,6,9949
"2020-09-20","BE","Belgium","EURO",894,105043,8,9957
"2020-09-21","BE","Belgium","EURO",461,105504,3,9960
"2020-09-22","BE","Belgium","EURO",2204,107708,3,9963
"2020-09-23","BE","Belgium","EURO",2074,109782,1,9964
"2020-09-24","BE","Belgium","EURO",2097,111879,8,9972
"2020-09-25","BE","Belgium","EURO",1796,113675,4,9976
"2020-09-26","BE","Belgium","EURO",1623,115298,5,9981
"2020-09-27","BE","Belgium","EURO",944,116242,6,9987
"2020-09-28","BE","Belgium","EURO",540,116782,12,9999
"2020-09-29","BE","Belgium","EURO",2782,119564,13,10012
"2020-09-30","BE","Belgium","EURO",2984,122548,10,10022
"2020-10-01","BE","Belgium","EURO",3243,125791,6,10028
"2020-10-02","BE","Belgium","EURO",3410,129201,15,10043
"2020-10-03","BE","Belgium","EURO",3721,132922,11,10054
"2020-10-04","BE","Belgium","EURO",1709,134631,15,10069
"2020-10-05","BE","Belgium","EURO",1035,135666,14,10083
"2020-10-06","BE","Belgium","EURO",5249,140915,14,10097
"2020-10-07","BE","Belgium","EURO",5687,146602,18,10115
"2020-10-08","BE","Belgium","EURO",6803,153405,20,10135
"2020-10-09","BE","Belgium","EURO",6588,159993,20,10155
"2020-10-10","BE","Belgium","EURO",7789,167782,19,10174
"2020-10-11","BE","Belgium","EURO",4310,172092,22,10196
"2020-10-12","BE","Belgium","EURO",2403,174495,26,10222
"2020-10-13","BE","Belgium","EURO",9735,184230,36,10258
"2020-10-14","BE","Belgium","EURO",12577,196807,34,10292
"2020-10-15","BE","Belgium","EURO",12293,209100,41,10333
"2020-10-16","BE","Belgium","EURO",11818,220918,35,10368
"2020-10-17","BE","Belgium","EURO",13477,234395,36,10404
"2020-10-18","BE","Belgium","EURO",7995,242390,23,10427
"2020-10-19","BE","Belgium","EURO",4289,246679,31,10458
"2020-10-20","BE","Belgium","EURO",15560,262239,52,10510
"2020-10-21","BE","Belgium","EURO",19265,281504,52,10562
"2020-10-22","BE","Belgium","EURO",17485,298989,62,10624
"2020-10-23","BE","Belgium","EURO",17687,316676,55,10679
"2020-10-24","BE","Belgium","EURO",18876,335552,94,10773
"2020-10-25","BE","Belgium","EURO",11557,347109,93,10866
"2020-10-26","BE","Belgium","EURO",4895,352004,94,10960
"2020-10-27","BE","Belgium","EURO",19868,371872,121,11081
"2020-10-28","BE","Belgium","EURO",22210,394082,132,11213
"2020-10-29","BE","Belgium","EURO",17998,412080,142,11355
"2020-10-30","BE","Belgium","EURO",15090,427170,139,11494
"2020-10-31","BE","Belgium","EURO",15401,442571,185,11679
"2020-11-01","BE","Belgium","EURO",6308,448879,177,11856
"2020-11-02","BE","Belgium","EURO",2666,451545,164,12020
"2020-11-03","BE","Belgium","EURO",13858,465403,208,12228
"2020-11-04","BE","Belgium","EURO",12102,477505,172,12400
"2020-11-05","BE","Belgium","EURO",9230,486735,198,12598
"2020-11-06","BE","Belgium","EURO",7659,494394,206,12804
"2020-11-07","BE","Belgium","EURO",6648,501042,214,13018
"2020-11-08","BE","Belgium","EURO",3046,504088,208,13226
"2020-11-09","BE","Belgium","EURO",1448,505536,210,13436
"2020-11-10","BE","Belgium","EURO",8636,514172,194,13630
"2020-11-11","BE","Belgium","EURO",7701,521873,217,13847
"2020-11-12","BE","Belgium","EURO",2004,523877,196,14043
"2020-11-13","BE","Belgium","EURO",6482,530359,173,14216
"2020-11-14","BE","Belgium","EURO",5709,536068,183,14399
"2020-11-15","BE","Belgium","EURO",2371,538439,175,14574
"2020-11-16","BE","Belgium","EURO",1057,539496,192,14766
"2020-11-17","BE","Belgium","EURO",5821,545317,195,14961
"2020-11-18","BE","Belgium","EURO",4828,550145,153,15114
"2020-11-19","BE","Belgium","EURO",3700,553845,158,15272
"2020-11-20","BE","Belgium","EURO",3019,556864,172,15444
"2020-11-21","BE","Belgium","EURO",3081,559945,165,15609
"2020-11-22","BE","Belgium","EURO",1263,561208,138,15747
"2020-11-23","BE","Belgium","EURO",589,561797,135,15882
"2020-11-24","BE","Belgium","EURO",3953,565750,139,16021
"2020-11-25","BE","Belgium","EURO",2865,568615,119,16140
"2020-11-26","BE","Belgium","EURO",2673,571288,137,16277
"2020-11-27","BE","Belgium","EURO",2413,573701,118,16395
"2020-11-28","BE","Belgium","EURO",2699,576400,124,16519
"2020-11-29","BE","Belgium","EURO",1004,577404,114,16633
"2020-11-30","BE","Belgium","EURO",560,577964,119,16752
"2020-12-01","BE","Belgium","EURO",3292,581256,99,16851
"2020-12-02","BE","Belgium","EURO",2675,583931,110,16961
"2020-12-03","BE","Belgium","EURO",2603,586534,117,17078
"2020-12-04","BE","Belgium","EURO",2356,588890,93,17171
"2020-12-05","BE","Belgium","EURO",2541,591431,104,17275
"2020-12-06","BE","Belgium","EURO",1100,592531,86,17361
"2020-12-07","BE","Belgium","EURO",591,593122,82,17443
"2020-12-08","BE","Belgium","EURO",3345,596467,96,17539
"2020-12-09","BE","Belgium","EURO",2694,599161,90,17629
"2020-12-10","BE","Belgium","EURO",2660,601821,82,17711
"2020-12-11","BE","Belgium","EURO",1336,603157,65,17776
"2020-12-12","BE","Belgium","EURO",2,603159,16,17792
