"Fecha_de_reporte","Codigo_pais","Paises","Region","Casos_nuevos","Casos_acumulados","defunciones_nuevas","defunciones_acumuladas"
"2020-01-03","BA","Bosnia and Herzegovina","EURO",0,0,0,0
"2020-01-04","BA","Bosnia and Herzegovina","EURO",0,0,0,0
"2020-01-05","BA","Bosnia and Herzegovina","EURO",0,0,0,0
"2020-01-06","BA","Bosnia and Herzegovina","EURO",0,0,0,0
"2020-01-07","BA","Bosnia and Herzegovina","EURO",0,0,0,0
"2020-01-08","BA","Bosnia and Herzegovina","EURO",0,0,0,0
"2020-01-09","BA","Bosnia and Herzegovina","EURO",0,0,0,0
"2020-01-10","BA","Bosnia and Herzegovina","EURO",0,0,0,0
"2020-01-11","BA","Bosnia and Herzegovina","EURO",0,0,0,0
"2020-01-12","BA","Bosnia and Herzegovina","EURO",0,0,0,0
"2020-01-13","BA","Bosnia and Herzegovina","EURO",0,0,0,0
"2020-01-14","BA","Bosnia and Herzegovina","EURO",0,0,0,0
"2020-01-15","BA","Bosnia and Herzegovina","EURO",0,0,0,0
"2020-01-16","BA","Bosnia and Herzegovina","EURO",0,0,0,0
"2020-01-17","BA","Bosnia and Herzegovina","EURO",0,0,0,0
"2020-01-18","BA","Bosnia and Herzegovina","EURO",0,0,0,0
"2020-01-19","BA","Bosnia and Herzegovina","EURO",0,0,0,0
"2020-01-20","BA","Bosnia and Herzegovina","EURO",0,0,0,0
"2020-01-21","BA","Bosnia and Herzegovina","EURO",0,0,0,0
"2020-01-22","BA","Bosnia and Herzegovina","EURO",0,0,0,0
"2020-01-23","BA","Bosnia and Herzegovina","EURO",0,0,0,0
"2020-01-24","BA","Bosnia and Herzegovina","EURO",0,0,0,0
"2020-01-25","BA","Bosnia and Herzegovina","EURO",0,0,0,0
"2020-01-26","BA","Bosnia and Herzegovina","EURO",0,0,0,0
"2020-01-27","BA","Bosnia and Herzegovina","EURO",0,0,0,0
"2020-01-28","BA","Bosnia and Herzegovina","EURO",0,0,0,0
"2020-01-29","BA","Bosnia and Herzegovina","EURO",0,0,0,0
"2020-01-30","BA","Bosnia and Herzegovina","EURO",0,0,0,0
"2020-01-31","BA","Bosnia and Herzegovina","EURO",0,0,0,0
"2020-02-01","BA","Bosnia and Herzegovina","EURO",0,0,0,0
"2020-02-02","BA","Bosnia and Herzegovina","EURO",0,0,0,0
"2020-02-03","BA","Bosnia and Herzegovina","EURO",0,0,0,0
"2020-02-04","BA","Bosnia and Herzegovina","EURO",0,0,0,0
"2020-02-05","BA","Bosnia and Herzegovina","EURO",0,0,0,0
"2020-02-06","BA","Bosnia and Herzegovina","EURO",0,0,0,0
"2020-02-07","BA","Bosnia and Herzegovina","EURO",0,0,0,0
"2020-02-08","BA","Bosnia and Herzegovina","EURO",0,0,0,0
"2020-02-09","BA","Bosnia and Herzegovina","EURO",0,0,0,0
"2020-02-10","BA","Bosnia and Herzegovina","EURO",0,0,0,0
"2020-02-11","BA","Bosnia and Herzegovina","EURO",0,0,0,0
"2020-02-12","BA","Bosnia and Herzegovina","EURO",0,0,0,0
"2020-02-13","BA","Bosnia and Herzegovina","EURO",0,0,0,0
"2020-02-14","BA","Bosnia and Herzegovina","EURO",0,0,0,0
"2020-02-15","BA","Bosnia and Herzegovina","EURO",0,0,0,0
"2020-02-16","BA","Bosnia and Herzegovina","EURO",0,0,0,0
"2020-02-17","BA","Bosnia and Herzegovina","EURO",0,0,0,0
"2020-02-18","BA","Bosnia and Herzegovina","EURO",0,0,0,0
"2020-02-19","BA","Bosnia and Herzegovina","EURO",0,0,0,0
"2020-02-20","BA","Bosnia and Herzegovina","EURO",0,0,0,0
"2020-02-21","BA","Bosnia and Herzegovina","EURO",0,0,0,0
"2020-02-22","BA","Bosnia and Herzegovina","EURO",0,0,0,0
"2020-02-23","BA","Bosnia and Herzegovina","EURO",0,0,0,0
"2020-02-24","BA","Bosnia and Herzegovina","EURO",0,0,0,0
"2020-02-25","BA","Bosnia and Herzegovina","EURO",0,0,0,0
"2020-02-26","BA","Bosnia and Herzegovina","EURO",0,0,0,0
"2020-02-27","BA","Bosnia and Herzegovina","EURO",0,0,0,0
"2020-02-28","BA","Bosnia and Herzegovina","EURO",0,0,0,0
"2020-02-29","BA","Bosnia and Herzegovina","EURO",0,0,0,0
"2020-03-01","BA","Bosnia and Herzegovina","EURO",0,0,0,0
"2020-03-02","BA","Bosnia and Herzegovina","EURO",0,0,0,0
"2020-03-03","BA","Bosnia and Herzegovina","EURO",0,0,0,0
"2020-03-04","BA","Bosnia and Herzegovina","EURO",0,0,0,0
"2020-03-05","BA","Bosnia and Herzegovina","EURO",2,2,0,0
"2020-03-06","BA","Bosnia and Herzegovina","EURO",0,2,0,0
"2020-03-07","BA","Bosnia and Herzegovina","EURO",0,2,0,0
"2020-03-08","BA","Bosnia and Herzegovina","EURO",0,2,0,0
"2020-03-09","BA","Bosnia and Herzegovina","EURO",0,2,0,0
"2020-03-10","BA","Bosnia and Herzegovina","EURO",0,2,0,0
"2020-03-11","BA","Bosnia and Herzegovina","EURO",0,2,0,0
"2020-03-12","BA","Bosnia and Herzegovina","EURO",3,5,0,0
"2020-03-13","BA","Bosnia and Herzegovina","EURO",0,5,0,0
"2020-03-14","BA","Bosnia and Herzegovina","EURO",8,13,0,0
"2020-03-15","BA","Bosnia and Herzegovina","EURO",0,13,0,0
"2020-03-16","BA","Bosnia and Herzegovina","EURO",5,18,0,0
"2020-03-17","BA","Bosnia and Herzegovina","EURO",1,19,0,0
"2020-03-18","BA","Bosnia and Herzegovina","EURO",2,21,0,0
"2020-03-19","BA","Bosnia and Herzegovina","EURO",14,35,0,0
"2020-03-20","BA","Bosnia and Herzegovina","EURO",9,44,0,0
"2020-03-21","BA","Bosnia and Herzegovina","EURO",48,92,1,1
"2020-03-22","BA","Bosnia and Herzegovina","EURO",33,125,0,1
"2020-03-23","BA","Bosnia and Herzegovina","EURO",6,131,0,1
"2020-03-24","BA","Bosnia and Herzegovina","EURO",33,164,1,2
"2020-03-25","BA","Bosnia and Herzegovina","EURO",9,173,1,3
"2020-03-26","BA","Bosnia and Herzegovina","EURO",40,213,0,3
"2020-03-27","BA","Bosnia and Herzegovina","EURO",20,233,1,4
"2020-03-28","BA","Bosnia and Herzegovina","EURO",36,269,2,6
"2020-03-29","BA","Bosnia and Herzegovina","EURO",56,325,0,6
"2020-03-30","BA","Bosnia and Herzegovina","EURO",34,359,3,9
"2020-03-31","BA","Bosnia and Herzegovina","EURO",54,413,3,12
"2020-04-01","BA","Bosnia and Herzegovina","EURO",51,464,1,13
"2020-04-02","BA","Bosnia and Herzegovina","EURO",0,464,0,13
"2020-04-03","BA","Bosnia and Herzegovina","EURO",57,521,3,16
"2020-04-04","BA","Bosnia and Herzegovina","EURO",65,586,2,18
"2020-04-05","BA","Bosnia and Herzegovina","EURO",46,632,3,21
"2020-04-06","BA","Bosnia and Herzegovina","EURO",30,662,0,21
"2020-04-07","BA","Bosnia and Herzegovina","EURO",33,695,7,28
"2020-04-08","BA","Bosnia and Herzegovina","EURO",86,781,4,32
"2020-04-09","BA","Bosnia and Herzegovina","EURO",35,816,3,35
"2020-04-10","BA","Bosnia and Herzegovina","EURO",59,875,1,36
"2020-04-11","BA","Bosnia and Herzegovina","EURO",26,901,1,37
"2020-04-12","BA","Bosnia and Herzegovina","EURO",47,948,0,37
"2020-04-13","BA","Bosnia and Herzegovina","EURO",59,1007,1,38
"2020-04-14","BA","Bosnia and Herzegovina","EURO",27,1034,0,38
"2020-04-15","BA","Bosnia and Herzegovina","EURO",52,1086,2,40
"2020-04-16","BA","Bosnia and Herzegovina","EURO",30,1116,1,41
"2020-04-17","BA","Bosnia and Herzegovina","EURO",53,1169,1,42
"2020-04-18","BA","Bosnia and Herzegovina","EURO",41,1210,2,44
"2020-04-19","BA","Bosnia and Herzegovina","EURO",58,1268,2,46
"2020-04-20","BA","Bosnia and Herzegovina","EURO",18,1286,0,46
"2020-04-21","BA","Bosnia and Herzegovina","EURO",14,1300,3,49
"2020-04-22","BA","Bosnia and Herzegovina","EURO",40,1340,1,50
"2020-04-23","BA","Bosnia and Herzegovina","EURO",27,1367,2,52
"2020-04-24","BA","Bosnia and Herzegovina","EURO",46,1413,1,53
"2020-04-25","BA","Bosnia and Herzegovina","EURO",15,1428,1,54
"2020-04-26","BA","Bosnia and Herzegovina","EURO",57,1485,2,56
"2020-04-27","BA","Bosnia and Herzegovina","EURO",31,1516,2,58
"2020-04-28","BA","Bosnia and Herzegovina","EURO",48,1564,2,60
"2020-04-29","BA","Bosnia and Herzegovina","EURO",24,1588,2,62
"2020-04-30","BA","Bosnia and Herzegovina","EURO",101,1689,2,64
"2020-05-01","BA","Bosnia and Herzegovina","EURO",93,1782,5,69
"2020-05-02","BA","Bosnia and Herzegovina","EURO",58,1840,2,71
"2020-05-03","BA","Bosnia and Herzegovina","EURO",0,1840,0,71
"2020-05-04","BA","Bosnia and Herzegovina","EURO",17,1857,5,76
"2020-05-05","BA","Bosnia and Herzegovina","EURO",69,1926,1,77
"2020-05-06","BA","Bosnia and Herzegovina","EURO",42,1968,5,82
"2020-05-07","BA","Bosnia and Herzegovina","EURO",49,2017,5,87
"2020-05-08","BA","Bosnia and Herzegovina","EURO",10,2027,2,89
"2020-05-09","BA","Bosnia and Herzegovina","EURO",43,2070,8,97
"2020-05-10","BA","Bosnia and Herzegovina","EURO",0,2070,0,97
"2020-05-11","BA","Bosnia and Herzegovina","EURO",28,2098,6,103
"2020-05-12","BA","Bosnia and Herzegovina","EURO",44,2142,9,112
"2020-05-13","BA","Bosnia and Herzegovina","EURO",20,2162,4,116
"2020-05-14","BA","Bosnia and Herzegovina","EURO",19,2181,3,119
"2020-05-15","BA","Bosnia and Herzegovina","EURO",35,2216,4,123
"2020-05-16","BA","Bosnia and Herzegovina","EURO",21,2237,4,127
"2020-05-17","BA","Bosnia and Herzegovina","EURO",28,2265,4,131
"2020-05-18","BA","Bosnia and Herzegovina","EURO",24,2289,1,132
"2020-05-19","BA","Bosnia and Herzegovina","EURO",14,2303,0,132
"2020-05-20","BA","Bosnia and Herzegovina","EURO",16,2319,1,133
"2020-05-21","BA","Bosnia and Herzegovina","EURO",15,2334,2,135
"2020-05-22","BA","Bosnia and Herzegovina","EURO",18,2352,4,139
"2020-05-23","BA","Bosnia and Herzegovina","EURO",19,2371,1,140
"2020-05-24","BA","Bosnia and Herzegovina","EURO",0,2371,0,140
"2020-05-25","BA","Bosnia and Herzegovina","EURO",20,2391,1,141
"2020-05-26","BA","Bosnia and Herzegovina","EURO",14,2405,4,145
"2020-05-27","BA","Bosnia and Herzegovina","EURO",10,2415,4,149
"2020-05-28","BA","Bosnia and Herzegovina","EURO",0,2415,0,149
"2020-05-29","BA","Bosnia and Herzegovina","EURO",47,2462,3,152
"2020-05-30","BA","Bosnia and Herzegovina","EURO",22,2484,0,152
"2020-05-31","BA","Bosnia and Herzegovina","EURO",9,2493,0,152
"2020-06-01","BA","Bosnia and Herzegovina","EURO",16,2509,0,152
"2020-06-02","BA","Bosnia and Herzegovina","EURO",14,2523,1,153
"2020-06-03","BA","Bosnia and Herzegovina","EURO",11,2534,3,156
"2020-06-04","BA","Bosnia and Herzegovina","EURO",16,2550,0,156
"2020-06-05","BA","Bosnia and Herzegovina","EURO",43,2593,2,158
"2020-06-06","BA","Bosnia and Herzegovina","EURO",12,2605,0,158
"2020-06-07","BA","Bosnia and Herzegovina","EURO",40,2645,0,158
"2020-06-08","BA","Bosnia and Herzegovina","EURO",28,2673,1,159
"2020-06-09","BA","Bosnia and Herzegovina","EURO",30,2703,0,159
"2020-06-10","BA","Bosnia and Herzegovina","EURO",24,2727,0,159
"2020-06-11","BA","Bosnia and Herzegovina","EURO",49,2776,1,160
"2020-06-12","BA","Bosnia and Herzegovina","EURO",55,2831,0,160
"2020-06-13","BA","Bosnia and Herzegovina","EURO",61,2892,2,162
"2020-06-14","BA","Bosnia and Herzegovina","EURO",0,2892,0,162
"2020-06-15","BA","Bosnia and Herzegovina","EURO",109,3001,1,163
"2020-06-16","BA","Bosnia and Herzegovina","EURO",38,3039,1,164
"2020-06-17","BA","Bosnia and Herzegovina","EURO",45,3084,3,167
"2020-06-18","BA","Bosnia and Herzegovina","EURO",60,3144,0,167
"2020-06-19","BA","Bosnia and Herzegovina","EURO",58,3202,0,167
"2020-06-20","BA","Bosnia and Herzegovina","EURO",86,3288,1,168
"2020-06-21","BA","Bosnia and Herzegovina","EURO",66,3354,1,169
"2020-06-22","BA","Bosnia and Herzegovina","EURO",77,3431,0,169
"2020-06-23","BA","Bosnia and Herzegovina","EURO",93,3524,1,170
"2020-06-24","BA","Bosnia and Herzegovina","EURO",63,3587,1,171
"2020-06-25","BA","Bosnia and Herzegovina","EURO",88,3675,1,172
"2020-06-26","BA","Bosnia and Herzegovina","EURO",119,3794,2,174
"2020-06-27","BA","Bosnia and Herzegovina","EURO",140,3934,3,177
"2020-06-28","BA","Bosnia and Herzegovina","EURO",173,4107,2,179
"2020-06-29","BA","Bosnia and Herzegovina","EURO",108,4215,3,182
"2020-06-30","BA","Bosnia and Herzegovina","EURO",128,4343,1,183
"2020-07-01","BA","Bosnia and Herzegovina","EURO",110,4453,2,185
"2020-07-02","BA","Bosnia and Herzegovina","EURO",153,4606,2,187
"2020-07-03","BA","Bosnia and Herzegovina","EURO",182,4788,1,188
"2020-07-04","BA","Bosnia and Herzegovina","EURO",172,4960,2,190
"2020-07-05","BA","Bosnia and Herzegovina","EURO",289,5249,0,190
"2020-07-06","BA","Bosnia and Herzegovina","EURO",144,5393,3,193
"2020-07-07","BA","Bosnia and Herzegovina","EURO",64,5457,3,196
"2020-07-08","BA","Bosnia and Herzegovina","EURO",161,5618,10,206
"2020-07-09","BA","Bosnia and Herzegovina","EURO",250,5868,1,207
"2020-07-10","BA","Bosnia and Herzegovina","EURO",219,6087,6,213
"2020-07-11","BA","Bosnia and Herzegovina","EURO",315,6402,2,215
"2020-07-12","BA","Bosnia and Herzegovina","EURO",318,6720,3,218
"2020-07-13","BA","Bosnia and Herzegovina","EURO",164,6884,2,220
"2020-07-14","BA","Bosnia and Herzegovina","EURO",95,6979,4,224
"2020-07-15","BA","Bosnia and Herzegovina","EURO",197,7176,5,229
"2020-07-16","BA","Bosnia and Herzegovina","EURO",231,7407,4,233
"2020-07-17","BA","Bosnia and Herzegovina","EURO",274,7681,6,239
"2020-07-18","BA","Bosnia and Herzegovina","EURO",227,7908,4,243
"2020-07-19","BA","Bosnia and Herzegovina","EURO",256,8164,2,245
"2020-07-20","BA","Bosnia and Herzegovina","EURO",288,8452,5,250
"2020-07-21","BA","Bosnia and Herzegovina","EURO",139,8591,6,256
"2020-07-22","BA","Bosnia and Herzegovina","EURO",195,8786,5,261
"2020-07-23","BA","Bosnia and Herzegovina","EURO",330,9116,6,267
"2020-07-24","BA","Bosnia and Herzegovina","EURO",344,9460,5,272
"2020-07-25","BA","Bosnia and Herzegovina","EURO",304,9764,6,278
"2020-07-26","BA","Bosnia and Herzegovina","EURO",305,10069,5,283
"2020-07-27","BA","Bosnia and Herzegovina","EURO",263,10332,2,285
"2020-07-28","BA","Bosnia and Herzegovina","EURO",183,10515,7,292
"2020-07-29","BA","Bosnia and Herzegovina","EURO",232,10747,3,295
"2020-07-30","BA","Bosnia and Herzegovina","EURO",382,11129,17,312
"2020-07-31","BA","Bosnia and Herzegovina","EURO",313,11442,12,324
"2020-08-01","BA","Bosnia and Herzegovina","EURO",0,11442,0,324
"2020-08-02","BA","Bosnia and Herzegovina","EURO",666,12108,19,343
"2020-08-03","BA","Bosnia and Herzegovina","EURO",188,12296,4,347
"2020-08-04","BA","Bosnia and Herzegovina","EURO",181,12477,11,358
"2020-08-05","BA","Bosnia and Herzegovina","EURO",381,12858,10,368
"2020-08-06","BA","Bosnia and Herzegovina","EURO",288,13146,6,374
"2020-08-07","BA","Bosnia and Herzegovina","EURO",251,13397,5,379
"2020-08-08","BA","Bosnia and Herzegovina","EURO",287,13684,9,388
"2020-08-09","BA","Bosnia and Herzegovina","EURO",405,14089,8,396
"2020-08-10","BA","Bosnia and Herzegovina","EURO",236,14325,6,402
"2020-08-11","BA","Bosnia and Herzegovina","EURO",173,14498,18,420
"2020-08-12","BA","Bosnia and Herzegovina","EURO",208,14706,22,442
"2020-08-13","BA","Bosnia and Herzegovina","EURO",254,14960,6,448
"2020-08-14","BA","Bosnia and Herzegovina","EURO",227,15187,5,453
"2020-08-15","BA","Bosnia and Herzegovina","EURO",347,15534,11,464
"2020-08-16","BA","Bosnia and Herzegovina","EURO",268,15802,2,466
"2020-08-17","BA","Bosnia and Herzegovina","EURO",233,16035,9,475
"2020-08-18","BA","Bosnia and Herzegovina","EURO",102,16137,6,481
"2020-08-19","BA","Bosnia and Herzegovina","EURO",210,16347,9,490
"2020-08-20","BA","Bosnia and Herzegovina","EURO",344,16691,12,502
"2020-08-21","BA","Bosnia and Herzegovina","EURO",335,17026,8,510
"2020-08-22","BA","Bosnia and Herzegovina","EURO",366,17392,10,520
"2020-08-23","BA","Bosnia and Herzegovina","EURO",320,17712,6,526
"2020-08-24","BA","Bosnia and Herzegovina","EURO",188,17900,3,529
"2020-08-25","BA","Bosnia and Herzegovina","EURO",127,18027,11,540
"2020-08-26","BA","Bosnia and Herzegovina","EURO",297,18324,14,554
"2020-08-27","BA","Bosnia and Herzegovina","EURO",284,18608,11,565
"2020-08-28","BA","Bosnia and Herzegovina","EURO",310,18918,11,576
"2020-08-29","BA","Bosnia and Herzegovina","EURO",294,19212,9,585
"2020-08-30","BA","Bosnia and Herzegovina","EURO",334,19546,3,588
"2020-08-31","BA","Bosnia and Herzegovina","EURO",243,19789,4,592
"2020-09-01","BA","Bosnia and Herzegovina","EURO",231,20020,11,603
"2020-09-02","BA","Bosnia and Herzegovina","EURO",271,20291,11,614
"2020-09-03","BA","Bosnia and Herzegovina","EURO",283,20574,7,621
"2020-09-04","BA","Bosnia and Herzegovina","EURO",287,20861,9,630
"2020-09-05","BA","Bosnia and Herzegovina","EURO",337,21198,2,632
"2020-09-06","BA","Bosnia and Herzegovina","EURO",236,21434,12,644
"2020-09-07","BA","Bosnia and Herzegovina","EURO",122,21556,4,648
"2020-09-08","BA","Bosnia and Herzegovina","EURO",100,21656,9,657
"2020-09-09","BA","Bosnia and Herzegovina","EURO",303,21959,5,662
"2020-09-10","BA","Bosnia and Herzegovina","EURO",295,22254,6,668
"2020-09-11","BA","Bosnia and Herzegovina","EURO",285,22539,5,673
"2020-09-12","BA","Bosnia and Herzegovina","EURO",290,22829,6,679
"2020-09-13","BA","Bosnia and Herzegovina","EURO",305,23134,4,683
"2020-09-14","BA","Bosnia and Herzegovina","EURO",328,23462,6,689
"2020-09-15","BA","Bosnia and Herzegovina","EURO",168,23630,9,698
"2020-09-16","BA","Bosnia and Herzegovina","EURO",294,23924,20,718
"2020-09-17","BA","Bosnia and Herzegovina","EURO",282,24206,11,729
"2020-09-18","BA","Bosnia and Herzegovina","EURO",394,24600,12,741
"2020-09-19","BA","Bosnia and Herzegovina","EURO",292,24892,5,746
"2020-09-20","BA","Bosnia and Herzegovina","EURO",320,25212,6,752
"2020-09-21","BA","Bosnia and Herzegovina","EURO",212,25424,5,757
"2020-09-22","BA","Bosnia and Herzegovina","EURO",92,25516,6,763
"2020-09-23","BA","Bosnia and Herzegovina","EURO",216,25732,8,771
"2020-09-24","BA","Bosnia and Herzegovina","EURO",344,26076,12,783
"2020-09-25","BA","Bosnia and Herzegovina","EURO",237,26313,12,795
"2020-09-26","BA","Bosnia and Herzegovina","EURO",247,26560,6,801
"2020-09-27","BA","Bosnia and Herzegovina","EURO",235,26795,7,808
"2020-09-28","BA","Bosnia and Herzegovina","EURO",122,26917,2,810
"2020-09-29","BA","Bosnia and Herzegovina","EURO",80,26997,12,822
"2020-09-30","BA","Bosnia and Herzegovina","EURO",225,27222,14,836
"2020-10-01","BA","Bosnia and Herzegovina","EURO",243,27465,13,849
"2020-10-02","BA","Bosnia and Herzegovina","EURO",280,27745,5,854
"2020-10-03","BA","Bosnia and Herzegovina","EURO",226,27971,10,864
"2020-10-04","BA","Bosnia and Herzegovina","EURO",263,28234,6,870
"2020-10-05","BA","Bosnia and Herzegovina","EURO",68,28302,2,872
"2020-10-06","BA","Bosnia and Herzegovina","EURO",144,28446,9,881
"2020-10-07","BA","Bosnia and Herzegovina","EURO",261,28707,15,896
"2020-10-08","BA","Bosnia and Herzegovina","EURO",364,29071,5,901
"2020-10-09","BA","Bosnia and Herzegovina","EURO",454,29525,5,906
"2020-10-10","BA","Bosnia and Herzegovina","EURO",390,29915,13,919
"2020-10-11","BA","Bosnia and Herzegovina","EURO",428,30343,1,920
"2020-10-12","BA","Bosnia and Herzegovina","EURO",302,30645,1,921
"2020-10-13","BA","Bosnia and Herzegovina","EURO",189,30834,9,930
"2020-10-14","BA","Bosnia and Herzegovina","EURO",339,31173,13,943
"2020-10-15","BA","Bosnia and Herzegovina","EURO",479,31652,12,955
"2020-10-16","BA","Bosnia and Herzegovina","EURO",578,32230,15,970
"2020-10-17","BA","Bosnia and Herzegovina","EURO",618,32848,8,978
"2020-10-18","BA","Bosnia and Herzegovina","EURO",713,33561,2,980
"2020-10-19","BA","Bosnia and Herzegovina","EURO",559,34120,4,984
"2020-10-20","BA","Bosnia and Herzegovina","EURO",545,34665,13,997
"2020-10-21","BA","Bosnia and Herzegovina","EURO",726,35391,20,1017
"2020-10-22","BA","Bosnia and Herzegovina","EURO",928,36319,14,1031
"2020-10-23","BA","Bosnia and Herzegovina","EURO",1003,37322,20,1051
"2020-10-24","BA","Bosnia and Herzegovina","EURO",1178,38500,14,1065
"2020-10-25","BA","Bosnia and Herzegovina","EURO",1258,39758,10,1075
"2020-10-26","BA","Bosnia and Herzegovina","EURO",1136,40894,11,1086
"2020-10-27","BA","Bosnia and Herzegovina","EURO",722,41616,18,1104
"2020-10-28","BA","Bosnia and Herzegovina","EURO",1558,43174,21,1125
"2020-10-29","BA","Bosnia and Herzegovina","EURO",1584,44758,36,1161
"2020-10-30","BA","Bosnia and Herzegovina","EURO",1910,46668,21,1182
"2020-10-31","BA","Bosnia and Herzegovina","EURO",1485,48153,30,1212
"2020-11-01","BA","Bosnia and Herzegovina","EURO",1937,50090,22,1234
"2020-11-02","BA","Bosnia and Herzegovina","EURO",1415,51505,14,1248
"2020-11-03","BA","Bosnia and Herzegovina","EURO",764,52269,32,1280
"2020-11-04","BA","Bosnia and Herzegovina","EURO",1580,53849,38,1318
"2020-11-05","BA","Bosnia and Herzegovina","EURO",1753,55602,41,1359
"2020-11-06","BA","Bosnia and Herzegovina","EURO",1919,57521,43,1402
"2020-11-07","BA","Bosnia and Herzegovina","EURO",1907,59428,55,1457
"2020-11-08","BA","Bosnia and Herzegovina","EURO",1784,61212,33,1490
"2020-11-09","BA","Bosnia and Herzegovina","EURO",1211,62423,20,1510
"2020-11-10","BA","Bosnia and Herzegovina","EURO",997,63420,73,1583
"2020-11-11","BA","Bosnia and Herzegovina","EURO",1605,65025,46,1629
"2020-11-12","BA","Bosnia and Herzegovina","EURO",1540,66565,72,1701
"2020-11-13","BA","Bosnia and Herzegovina","EURO",1728,68293,49,1750
"2020-11-14","BA","Bosnia and Herzegovina","EURO",1332,69625,58,1808
"2020-11-15","BA","Bosnia and Herzegovina","EURO",1275,70900,49,1857
"2020-11-16","BA","Bosnia and Herzegovina","EURO",1059,71959,41,1898
"2020-11-17","BA","Bosnia and Herzegovina","EURO",730,72689,75,1973
"2020-11-18","BA","Bosnia and Herzegovina","EURO",1255,73944,69,2042
"2020-11-19","BA","Bosnia and Herzegovina","EURO",1633,75577,47,2089
"2020-11-20","BA","Bosnia and Herzegovina","EURO",1180,76757,64,2153
"2020-11-21","BA","Bosnia and Herzegovina","EURO",1237,77994,56,2209
"2020-11-22","BA","Bosnia and Herzegovina","EURO",1315,79309,37,2246
"2020-11-23","BA","Bosnia and Herzegovina","EURO",698,80007,30,2276
"2020-11-24","BA","Bosnia and Herzegovina","EURO",546,80553,66,2342
"2020-11-25","BA","Bosnia and Herzegovina","EURO",1186,81739,52,2394
"2020-11-26","BA","Bosnia and Herzegovina","EURO",1589,83328,35,2429
"2020-11-27","BA","Bosnia and Herzegovina","EURO",924,84252,51,2480
"2020-11-28","BA","Bosnia and Herzegovina","EURO",1179,85431,62,2542
"2020-11-29","BA","Bosnia and Herzegovina","EURO",1279,86710,34,2576
"2020-11-30","BA","Bosnia and Herzegovina","EURO",664,87374,44,2620
"2020-12-01","BA","Bosnia and Herzegovina","EURO",527,87901,61,2681
"2020-12-02","BA","Bosnia and Herzegovina","EURO",1184,89085,46,2727
"2020-12-03","BA","Bosnia and Herzegovina","EURO",1293,90378,46,2773
"2020-12-04","BA","Bosnia and Herzegovina","EURO",1161,91539,39,2812
"2020-12-05","BA","Bosnia and Herzegovina","EURO",1254,92793,53,2865
"2020-12-06","BA","Bosnia and Herzegovina","EURO",975,93768,57,2922
"2020-12-07","BA","Bosnia and Herzegovina","EURO",739,94507,30,2952
"2020-12-08","BA","Bosnia and Herzegovina","EURO",437,94944,60,3012
"2020-12-09","BA","Bosnia and Herzegovina","EURO",1077,96021,69,3081
"2020-12-10","BA","Bosnia and Herzegovina","EURO",1296,97317,70,3151
"2020-12-11","BA","Bosnia and Herzegovina","EURO",1286,98603,48,3199
"2020-12-12","BA","Bosnia and Herzegovina","EURO",0,98603,0,3199
