"Fecha_de_reporte","Codigo_pais","Paises","Region","Casos_nuevos","Casos_acumulados","defunciones_nuevas","defunciones_acumuladas"
"2020-01-03","BG","Bulgaria","EURO",0,0,0,0
"2020-01-04","BG","Bulgaria","EURO",0,0,0,0
"2020-01-05","BG","Bulgaria","EURO",0,0,0,0
"2020-01-06","BG","Bulgaria","EURO",0,0,0,0
"2020-01-07","BG","Bulgaria","EURO",0,0,0,0
"2020-01-08","BG","Bulgaria","EURO",0,0,0,0
"2020-01-09","BG","Bulgaria","EURO",0,0,0,0
"2020-01-10","BG","Bulgaria","EURO",0,0,0,0
"2020-01-11","BG","Bulgaria","EURO",0,0,0,0
"2020-01-12","BG","Bulgaria","EURO",0,0,0,0
"2020-01-13","BG","Bulgaria","EURO",0,0,0,0
"2020-01-14","BG","Bulgaria","EURO",0,0,0,0
"2020-01-15","BG","Bulgaria","EURO",0,0,0,0
"2020-01-16","BG","Bulgaria","EURO",0,0,0,0
"2020-01-17","BG","Bulgaria","EURO",0,0,0,0
"2020-01-18","BG","Bulgaria","EURO",0,0,0,0
"2020-01-19","BG","Bulgaria","EURO",0,0,0,0
"2020-01-20","BG","Bulgaria","EURO",0,0,0,0
"2020-01-21","BG","Bulgaria","EURO",0,0,0,0
"2020-01-22","BG","Bulgaria","EURO",0,0,0,0
"2020-01-23","BG","Bulgaria","EURO",0,0,0,0
"2020-01-24","BG","Bulgaria","EURO",0,0,0,0
"2020-01-25","BG","Bulgaria","EURO",0,0,0,0
"2020-01-26","BG","Bulgaria","EURO",0,0,0,0
"2020-01-27","BG","Bulgaria","EURO",0,0,0,0
"2020-01-28","BG","Bulgaria","EURO",0,0,0,0
"2020-01-29","BG","Bulgaria","EURO",0,0,0,0
"2020-01-30","BG","Bulgaria","EURO",0,0,0,0
"2020-01-31","BG","Bulgaria","EURO",0,0,0,0
"2020-02-01","BG","Bulgaria","EURO",0,0,0,0
"2020-02-02","BG","Bulgaria","EURO",0,0,0,0
"2020-02-03","BG","Bulgaria","EURO",0,0,0,0
"2020-02-04","BG","Bulgaria","EURO",0,0,0,0
"2020-02-05","BG","Bulgaria","EURO",0,0,0,0
"2020-02-06","BG","Bulgaria","EURO",0,0,0,0
"2020-02-07","BG","Bulgaria","EURO",0,0,0,0
"2020-02-08","BG","Bulgaria","EURO",0,0,0,0
"2020-02-09","BG","Bulgaria","EURO",0,0,0,0
"2020-02-10","BG","Bulgaria","EURO",0,0,0,0
"2020-02-11","BG","Bulgaria","EURO",0,0,0,0
"2020-02-12","BG","Bulgaria","EURO",0,0,0,0
"2020-02-13","BG","Bulgaria","EURO",0,0,0,0
"2020-02-14","BG","Bulgaria","EURO",0,0,0,0
"2020-02-15","BG","Bulgaria","EURO",0,0,0,0
"2020-02-16","BG","Bulgaria","EURO",0,0,0,0
"2020-02-17","BG","Bulgaria","EURO",0,0,0,0
"2020-02-18","BG","Bulgaria","EURO",0,0,0,0
"2020-02-19","BG","Bulgaria","EURO",0,0,0,0
"2020-02-20","BG","Bulgaria","EURO",0,0,0,0
"2020-02-21","BG","Bulgaria","EURO",0,0,0,0
"2020-02-22","BG","Bulgaria","EURO",0,0,0,0
"2020-02-23","BG","Bulgaria","EURO",0,0,0,0
"2020-02-24","BG","Bulgaria","EURO",0,0,0,0
"2020-02-25","BG","Bulgaria","EURO",0,0,0,0
"2020-02-26","BG","Bulgaria","EURO",0,0,0,0
"2020-02-27","BG","Bulgaria","EURO",0,0,0,0
"2020-02-28","BG","Bulgaria","EURO",0,0,0,0
"2020-02-29","BG","Bulgaria","EURO",0,0,0,0
"2020-03-01","BG","Bulgaria","EURO",0,0,0,0
"2020-03-02","BG","Bulgaria","EURO",0,0,0,0
"2020-03-03","BG","Bulgaria","EURO",0,0,0,0
"2020-03-04","BG","Bulgaria","EURO",0,0,0,0
"2020-03-05","BG","Bulgaria","EURO",0,0,0,0
"2020-03-06","BG","Bulgaria","EURO",0,0,0,0
"2020-03-07","BG","Bulgaria","EURO",0,0,0,0
"2020-03-08","BG","Bulgaria","EURO",2,2,0,0
"2020-03-09","BG","Bulgaria","EURO",2,4,0,0
"2020-03-10","BG","Bulgaria","EURO",0,4,0,0
"2020-03-11","BG","Bulgaria","EURO",0,4,0,0
"2020-03-12","BG","Bulgaria","EURO",3,7,1,1
"2020-03-13","BG","Bulgaria","EURO",16,23,0,1
"2020-03-14","BG","Bulgaria","EURO",8,31,0,1
"2020-03-15","BG","Bulgaria","EURO",10,41,1,2
"2020-03-16","BG","Bulgaria","EURO",10,51,0,2
"2020-03-17","BG","Bulgaria","EURO",11,62,0,2
"2020-03-18","BG","Bulgaria","EURO",19,81,0,2
"2020-03-19","BG","Bulgaria","EURO",11,92,0,2
"2020-03-20","BG","Bulgaria","EURO",13,105,1,3
"2020-03-21","BG","Bulgaria","EURO",22,127,0,3
"2020-03-22","BG","Bulgaria","EURO",36,163,0,3
"2020-03-23","BG","Bulgaria","EURO",22,185,0,3
"2020-03-24","BG","Bulgaria","EURO",16,201,0,3
"2020-03-25","BG","Bulgaria","EURO",19,220,0,3
"2020-03-26","BG","Bulgaria","EURO",22,242,0,3
"2020-03-27","BG","Bulgaria","EURO",22,264,0,3
"2020-03-28","BG","Bulgaria","EURO",29,293,0,3
"2020-03-29","BG","Bulgaria","EURO",38,331,4,7
"2020-03-30","BG","Bulgaria","EURO",15,346,1,8
"2020-03-31","BG","Bulgaria","EURO",13,359,0,8
"2020-04-01","BG","Bulgaria","EURO",40,399,0,8
"2020-04-02","BG","Bulgaria","EURO",23,422,2,10
"2020-04-03","BG","Bulgaria","EURO",35,457,0,10
"2020-04-04","BG","Bulgaria","EURO",28,485,4,14
"2020-04-05","BG","Bulgaria","EURO",18,503,3,17
"2020-04-06","BG","Bulgaria","EURO",28,531,3,20
"2020-04-07","BG","Bulgaria","EURO",18,549,2,22
"2020-04-08","BG","Bulgaria","EURO",28,577,1,23
"2020-04-09","BG","Bulgaria","EURO",16,593,1,24
"2020-04-10","BG","Bulgaria","EURO",31,624,0,24
"2020-04-11","BG","Bulgaria","EURO",11,635,1,25
"2020-04-12","BG","Bulgaria","EURO",26,661,3,28
"2020-04-13","BG","Bulgaria","EURO",14,675,1,29
"2020-04-14","BG","Bulgaria","EURO",10,685,3,32
"2020-04-15","BG","Bulgaria","EURO",28,713,3,35
"2020-04-16","BG","Bulgaria","EURO",34,747,1,36
"2020-04-17","BG","Bulgaria","EURO",53,800,2,38
"2020-04-18","BG","Bulgaria","EURO",46,846,3,41
"2020-04-19","BG","Bulgaria","EURO",32,878,0,41
"2020-04-20","BG","Bulgaria","EURO",37,915,2,43
"2020-04-21","BG","Bulgaria","EURO",14,929,0,43
"2020-04-22","BG","Bulgaria","EURO",46,975,2,45
"2020-04-23","BG","Bulgaria","EURO",49,1024,4,49
"2020-04-24","BG","Bulgaria","EURO",73,1097,3,52
"2020-04-25","BG","Bulgaria","EURO",91,1188,2,54
"2020-04-26","BG","Bulgaria","EURO",59,1247,1,55
"2020-04-27","BG","Bulgaria","EURO",53,1300,1,56
"2020-04-28","BG","Bulgaria","EURO",63,1363,2,58
"2020-04-29","BG","Bulgaria","EURO",36,1399,0,58
"2020-04-30","BG","Bulgaria","EURO",48,1447,6,64
"2020-05-01","BG","Bulgaria","EURO",59,1506,2,66
"2020-05-02","BG","Bulgaria","EURO",82,1588,3,69
"2020-05-03","BG","Bulgaria","EURO",6,1594,3,72
"2020-05-04","BG","Bulgaria","EURO",24,1618,1,73
"2020-05-05","BG","Bulgaria","EURO",34,1652,5,78
"2020-05-06","BG","Bulgaria","EURO",37,1689,0,78
"2020-05-07","BG","Bulgaria","EURO",89,1778,6,84
"2020-05-08","BG","Bulgaria","EURO",51,1829,0,84
"2020-05-09","BG","Bulgaria","EURO",82,1911,4,88
"2020-05-10","BG","Bulgaria","EURO",44,1955,2,90
"2020-05-11","BG","Bulgaria","EURO",10,1965,1,91
"2020-05-12","BG","Bulgaria","EURO",25,1990,2,93
"2020-05-13","BG","Bulgaria","EURO",33,2023,2,95
"2020-05-14","BG","Bulgaria","EURO",46,2069,1,96
"2020-05-15","BG","Bulgaria","EURO",31,2100,3,99
"2020-05-16","BG","Bulgaria","EURO",38,2138,3,102
"2020-05-17","BG","Bulgaria","EURO",73,2211,6,108
"2020-05-18","BG","Bulgaria","EURO",24,2235,2,110
"2020-05-19","BG","Bulgaria","EURO",24,2259,2,112
"2020-05-20","BG","Bulgaria","EURO",33,2292,4,116
"2020-05-21","BG","Bulgaria","EURO",39,2331,4,120
"2020-05-22","BG","Bulgaria","EURO",41,2372,5,125
"2020-05-23","BG","Bulgaria","EURO",36,2408,1,126
"2020-05-24","BG","Bulgaria","EURO",0,2408,0,126
"2020-05-25","BG","Bulgaria","EURO",25,2433,4,130
"2020-05-26","BG","Bulgaria","EURO",0,2433,0,130
"2020-05-27","BG","Bulgaria","EURO",27,2460,3,133
"2020-05-28","BG","Bulgaria","EURO",0,2460,0,133
"2020-05-29","BG","Bulgaria","EURO",25,2485,3,136
"2020-05-30","BG","Bulgaria","EURO",14,2499,3,139
"2020-05-31","BG","Bulgaria","EURO",14,2513,1,140
"2020-06-01","BG","Bulgaria","EURO",0,2513,0,140
"2020-06-02","BG","Bulgaria","EURO",0,2513,4,144
"2020-06-03","BG","Bulgaria","EURO",25,2538,0,144
"2020-06-04","BG","Bulgaria","EURO",47,2585,3,147
"2020-06-05","BG","Bulgaria","EURO",0,2585,0,147
"2020-06-06","BG","Bulgaria","EURO",83,2668,13,160
"2020-06-07","BG","Bulgaria","EURO",43,2711,0,160
"2020-06-08","BG","Bulgaria","EURO",16,2727,0,160
"2020-06-09","BG","Bulgaria","EURO",83,2810,4,164
"2020-06-10","BG","Bulgaria","EURO",79,2889,3,167
"2020-06-11","BG","Bulgaria","EURO",104,2993,0,167
"2020-06-12","BG","Bulgaria","EURO",93,3086,1,168
"2020-06-13","BG","Bulgaria","EURO",105,3191,4,172
"2020-06-14","BG","Bulgaria","EURO",75,3266,0,172
"2020-06-15","BG","Bulgaria","EURO",24,3290,2,174
"2020-06-16","BG","Bulgaria","EURO",51,3341,2,176
"2020-06-17","BG","Bulgaria","EURO",112,3453,5,181
"2020-06-18","BG","Bulgaria","EURO",89,3542,3,184
"2020-06-19","BG","Bulgaria","EURO",132,3674,6,190
"2020-06-20","BG","Bulgaria","EURO",81,3755,3,193
"2020-06-21","BG","Bulgaria","EURO",117,3872,6,199
"2020-06-22","BG","Bulgaria","EURO",33,3905,0,199
"2020-06-23","BG","Bulgaria","EURO",79,3984,8,207
"2020-06-24","BG","Bulgaria","EURO",130,4114,1,208
"2020-06-25","BG","Bulgaria","EURO",128,4242,1,209
"2020-06-26","BG","Bulgaria","EURO",166,4408,2,211
"2020-06-27","BG","Bulgaria","EURO",105,4513,4,215
"2020-06-28","BG","Bulgaria","EURO",112,4625,1,216
"2020-06-29","BG","Bulgaria","EURO",66,4691,3,219
"2020-06-30","BG","Bulgaria","EURO",140,4831,4,223
"2020-07-01","BG","Bulgaria","EURO",158,4989,7,230
"2020-07-02","BG","Bulgaria","EURO",165,5154,2,232
"2020-07-03","BG","Bulgaria","EURO",161,5315,0,232
"2020-07-04","BG","Bulgaria","EURO",182,5497,7,239
"2020-07-05","BG","Bulgaria","EURO",180,5677,2,241
"2020-07-06","BG","Bulgaria","EURO",63,5740,5,246
"2020-07-07","BG","Bulgaria","EURO",174,5914,4,250
"2020-07-08","BG","Bulgaria","EURO",188,6102,4,254
"2020-07-09","BG","Bulgaria","EURO",240,6342,5,259
"2020-07-10","BG","Bulgaria","EURO",330,6672,3,262
"2020-07-11","BG","Bulgaria","EURO",292,6964,0,262
"2020-07-12","BG","Bulgaria","EURO",211,7175,0,262
"2020-07-13","BG","Bulgaria","EURO",77,7252,6,268
"2020-07-14","BG","Bulgaria","EURO",159,7411,8,276
"2020-07-15","BG","Bulgaria","EURO",234,7645,7,283
"2020-07-16","BG","Bulgaria","EURO",232,7877,6,289
"2020-07-17","BG","Bulgaria","EURO",267,8144,4,293
"2020-07-18","BG","Bulgaria","EURO",298,8442,4,297
"2020-07-19","BG","Bulgaria","EURO",196,8638,2,299
"2020-07-20","BG","Bulgaria","EURO",95,8733,1,300
"2020-07-21","BG","Bulgaria","EURO",196,8929,8,308
"2020-07-22","BG","Bulgaria","EURO",325,9254,5,313
"2020-07-23","BG","Bulgaria","EURO",330,9584,8,321
"2020-07-24","BG","Bulgaria","EURO",269,9853,8,329
"2020-07-25","BG","Bulgaria","EURO",270,10123,8,337
"2020-07-26","BG","Bulgaria","EURO",189,10312,1,338
"2020-07-27","BG","Bulgaria","EURO",115,10427,2,340
"2020-07-28","BG","Bulgaria","EURO",194,10621,7,347
"2020-07-29","BG","Bulgaria","EURO",250,10871,8,355
"2020-07-30","BG","Bulgaria","EURO",284,11155,13,368
"2020-07-31","BG","Bulgaria","EURO",265,11420,6,374
"2020-08-01","BG","Bulgaria","EURO",270,11690,9,383
"2020-08-02","BG","Bulgaria","EURO",146,11836,2,385
"2020-08-03","BG","Bulgaria","EURO",119,11955,3,388
"2020-08-04","BG","Bulgaria","EURO",0,11955,0,388
"2020-08-05","BG","Bulgaria","EURO",204,12159,16,404
"2020-08-06","BG","Bulgaria","EURO",255,12414,11,415
"2020-08-07","BG","Bulgaria","EURO",303,12717,9,424
"2020-08-08","BG","Bulgaria","EURO",297,13014,11,435
"2020-08-09","BG","Bulgaria","EURO",329,13343,10,445
"2020-08-10","BG","Bulgaria","EURO",53,13396,2,447
"2020-08-11","BG","Bulgaria","EURO",116,13512,12,459
"2020-08-12","BG","Bulgaria","EURO",210,13722,12,471
"2020-08-13","BG","Bulgaria","EURO",171,13893,11,482
"2020-08-14","BG","Bulgaria","EURO",176,14069,2,484
"2020-08-15","BG","Bulgaria","EURO",174,14243,8,492
"2020-08-16","BG","Bulgaria","EURO",90,14333,3,495
"2020-08-17","BG","Bulgaria","EURO",32,14365,3,498
"2020-08-18","BG","Bulgaria","EURO",135,14500,14,512
"2020-08-19","BG","Bulgaria","EURO",169,14669,7,519
"2020-08-20","BG","Bulgaria","EURO",151,14820,8,527
"2020-08-21","BG","Bulgaria","EURO",142,14962,5,532
"2020-08-22","BG","Bulgaria","EURO",169,15131,7,539
"2020-08-23","BG","Bulgaria","EURO",96,15227,6,545
"2020-08-24","BG","Bulgaria","EURO",60,15287,0,545
"2020-08-25","BG","Bulgaria","EURO",99,15386,18,563
"2020-08-26","BG","Bulgaria","EURO",203,15589,9,572
"2020-08-27","BG","Bulgaria","EURO",162,15751,14,586
"2020-08-28","BG","Bulgaria","EURO",157,15908,8,594
"2020-08-29","BG","Bulgaria","EURO",157,16065,9,603
"2020-08-30","BG","Bulgaria","EURO",99,16164,2,605
"2020-08-31","BG","Bulgaria","EURO",26,16190,8,613
"2020-09-01","BG","Bulgaria","EURO",76,16266,16,629
"2020-09-02","BG","Bulgaria","EURO",0,16266,0,629
"2020-09-03","BG","Bulgaria","EURO",188,16454,13,642
"2020-09-04","BG","Bulgaria","EURO",163,16617,6,648
"2020-09-05","BG","Bulgaria","EURO",158,16775,10,658
"2020-09-06","BG","Bulgaria","EURO",179,16954,7,665
"2020-09-07","BG","Bulgaria","EURO",96,17050,6,671
"2020-09-08","BG","Bulgaria","EURO",96,17146,6,677
"2020-09-09","BG","Bulgaria","EURO",167,17313,15,692
"2020-09-10","BG","Bulgaria","EURO",122,17435,10,702
"2020-09-11","BG","Bulgaria","EURO",163,17598,4,706
"2020-09-12","BG","Bulgaria","EURO",201,17799,7,713
"2020-09-13","BG","Bulgaria","EURO",92,17891,4,717
"2020-09-14","BG","Bulgaria","EURO",27,17918,3,720
"2020-09-15","BG","Bulgaria","EURO",143,18061,10,730
"2020-09-16","BG","Bulgaria","EURO",155,18216,6,736
"2020-09-17","BG","Bulgaria","EURO",174,18390,8,744
"2020-09-18","BG","Bulgaria","EURO",154,18544,0,744
"2020-09-19","BG","Bulgaria","EURO",189,18733,9,753
"2020-09-20","BG","Bulgaria","EURO",86,18819,2,755
"2020-09-21","BG","Bulgaria","EURO",44,18863,6,761
"2020-09-22","BG","Bulgaria","EURO",151,19014,4,765
"2020-09-23","BG","Bulgaria","EURO",109,19123,2,767
"2020-09-24","BG","Bulgaria","EURO",160,19283,12,779
"2020-09-25","BG","Bulgaria","EURO",290,19573,6,785
"2020-09-26","BG","Bulgaria","EURO",255,19828,4,789
"2020-09-27","BG","Bulgaria","EURO",169,19997,0,789
"2020-09-28","BG","Bulgaria","EURO",58,20055,7,796
"2020-09-29","BG","Bulgaria","EURO",216,20271,11,807
"2020-09-30","BG","Bulgaria","EURO",276,20547,7,814
"2020-10-01","BG","Bulgaria","EURO",286,20833,11,825
"2020-10-02","BG","Bulgaria","EURO",263,21096,7,832
"2020-10-03","BG","Bulgaria","EURO",240,21336,6,838
"2020-10-04","BG","Bulgaria","EURO",182,21518,3,841
"2020-10-05","BG","Bulgaria","EURO",69,21587,3,844
"2020-10-06","BG","Bulgaria","EURO",283,21870,10,854
"2020-10-07","BG","Bulgaria","EURO",436,22306,8,862
"2020-10-08","BG","Bulgaria","EURO",437,22743,11,873
"2020-10-09","BG","Bulgaria","EURO",516,23259,7,880
"2020-10-10","BG","Bulgaria","EURO",612,23871,7,887
"2020-10-11","BG","Bulgaria","EURO",0,23871,0,887
"2020-10-12","BG","Bulgaria","EURO",531,24402,5,892
"2020-10-13","BG","Bulgaria","EURO",587,24989,23,915
"2020-10-14","BG","Bulgaria","EURO",785,25774,8,923
"2020-10-15","BG","Bulgaria","EURO",819,26593,6,929
"2020-10-16","BG","Bulgaria","EURO",914,27507,15,944
"2020-10-17","BG","Bulgaria","EURO",998,28505,14,958
"2020-10-18","BG","Bulgaria","EURO",603,29108,10,968
"2020-10-19","BG","Bulgaria","EURO",395,29503,18,986
"2020-10-20","BG","Bulgaria","EURO",1024,30527,22,1008
"2020-10-21","BG","Bulgaria","EURO",1336,31863,11,1019
"2020-10-22","BG","Bulgaria","EURO",1472,33335,29,1048
"2020-10-23","BG","Bulgaria","EURO",1595,34930,16,1064
"2020-10-24","BG","Bulgaria","EURO",1589,36519,13,1077
"2020-10-25","BG","Bulgaria","EURO",1043,37562,7,1084
"2020-10-26","BG","Bulgaria","EURO",327,37889,10,1094
"2020-10-27","BG","Bulgaria","EURO",2243,40132,42,1136
"2020-10-28","BG","Bulgaria","EURO",2569,42701,25,1161
"2020-10-29","BG","Bulgaria","EURO",2760,45461,36,1197
"2020-10-30","BG","Bulgaria","EURO",2689,48150,28,1225
"2020-10-31","BG","Bulgaria","EURO",2891,51041,29,1254
"2020-11-01","BG","Bulgaria","EURO",1803,52844,25,1279
"2020-11-02","BG","Bulgaria","EURO",1225,54069,19,1298
"2020-11-03","BG","Bulgaria","EURO",2427,56496,51,1349
"2020-11-04","BG","Bulgaria","EURO",4041,60537,63,1412
"2020-11-05","BG","Bulgaria","EURO",4054,64591,54,1466
"2020-11-06","BG","Bulgaria","EURO",3754,68345,52,1518
"2020-11-07","BG","Bulgaria","EURO",3839,72184,58,1576
"2020-11-08","BG","Bulgaria","EURO",2301,74485,56,1632
"2020-11-09","BG","Bulgaria","EURO",675,75160,33,1665
"2020-11-10","BG","Bulgaria","EURO",3816,78976,106,1771
"2020-11-11","BG","Bulgaria","EURO",4390,83366,80,1851
"2020-11-12","BG","Bulgaria","EURO",3945,87311,47,1898
"2020-11-13","BG","Bulgaria","EURO",3414,90725,72,1970
"2020-11-14","BG","Bulgaria","EURO",4212,94937,85,2055
"2020-11-15","BG","Bulgaria","EURO",2498,97435,36,2091
"2020-11-16","BG","Bulgaria","EURO",816,98251,39,2130
"2020-11-17","BG","Bulgaria","EURO",3519,101770,152,2282
"2020-11-18","BG","Bulgaria","EURO",4828,106598,131,2413
"2020-11-19","BG","Bulgaria","EURO",3938,110536,117,2530
"2020-11-20","BG","Bulgaria","EURO",3899,114435,119,2649
"2020-11-21","BG","Bulgaria","EURO",3983,118418,129,2778
"2020-11-22","BG","Bulgaria","EURO",2279,120697,42,2820
"2020-11-23","BG","Bulgaria","EURO",1123,121820,60,2880
"2020-11-24","BG","Bulgaria","EURO",3146,124966,189,3069
"2020-11-25","BG","Bulgaria","EURO",4382,129348,157,3226
"2020-11-26","BG","Bulgaria","EURO",3712,133060,141,3367
"2020-11-27","BG","Bulgaria","EURO",3568,136628,162,3529
"2020-11-28","BG","Bulgaria","EURO",3327,139955,151,3680
"2020-11-29","BG","Bulgaria","EURO",1792,141747,69,3749
"2020-11-30","BG","Bulgaria","EURO",739,142486,65,3814
"2020-12-01","BG","Bulgaria","EURO",2814,145300,221,4035
"2020-12-02","BG","Bulgaria","EURO",3475,148775,153,4188
"2020-12-03","BG","Bulgaria","EURO",3138,151913,159,4347
"2020-12-04","BG","Bulgaria","EURO",3280,155193,156,4503
"2020-12-05","BG","Bulgaria","EURO",3614,158807,147,4650
"2020-12-06","BG","Bulgaria","EURO",2037,160844,79,4729
"2020-12-07","BG","Bulgaria","EURO",577,161421,68,4797
"2020-12-08","BG","Bulgaria","EURO",2764,164185,213,5010
"2020-12-09","BG","Bulgaria","EURO",3980,168165,146,5156
"2020-12-10","BG","Bulgaria","EURO",3328,171493,127,5283
"2020-12-11","BG","Bulgaria","EURO",3075,174568,122,5405
"2020-12-12","BG","Bulgaria","EURO",3097,177665,157,5562
