"Fecha_de_reporte","Codigo_pais","Paises","Region","Casos_nuevos","Casos_acumulados","defunciones_nuevas","defunciones_acumuladas"
"2020-01-03","CR","Costa Rica","AMRO",0,0,0,0
"2020-01-04","CR","Costa Rica","AMRO",0,0,0,0
"2020-01-05","CR","Costa Rica","AMRO",0,0,0,0
"2020-01-06","CR","Costa Rica","AMRO",0,0,0,0
"2020-01-07","CR","Costa Rica","AMRO",0,0,0,0
"2020-01-08","CR","Costa Rica","AMRO",0,0,0,0
"2020-01-09","CR","Costa Rica","AMRO",0,0,0,0
"2020-01-10","CR","Costa Rica","AMRO",0,0,0,0
"2020-01-11","CR","Costa Rica","AMRO",0,0,0,0
"2020-01-12","CR","Costa Rica","AMRO",0,0,0,0
"2020-01-13","CR","Costa Rica","AMRO",0,0,0,0
"2020-01-14","CR","Costa Rica","AMRO",0,0,0,0
"2020-01-15","CR","Costa Rica","AMRO",0,0,0,0
"2020-01-16","CR","Costa Rica","AMRO",0,0,0,0
"2020-01-17","CR","Costa Rica","AMRO",0,0,0,0
"2020-01-18","CR","Costa Rica","AMRO",0,0,0,0
"2020-01-19","CR","Costa Rica","AMRO",0,0,0,0
"2020-01-20","CR","Costa Rica","AMRO",0,0,0,0
"2020-01-21","CR","Costa Rica","AMRO",0,0,0,0
"2020-01-22","CR","Costa Rica","AMRO",0,0,0,0
"2020-01-23","CR","Costa Rica","AMRO",0,0,0,0
"2020-01-24","CR","Costa Rica","AMRO",0,0,0,0
"2020-01-25","CR","Costa Rica","AMRO",0,0,0,0
"2020-01-26","CR","Costa Rica","AMRO",0,0,0,0
"2020-01-27","CR","Costa Rica","AMRO",0,0,0,0
"2020-01-28","CR","Costa Rica","AMRO",0,0,0,0
"2020-01-29","CR","Costa Rica","AMRO",0,0,0,0
"2020-01-30","CR","Costa Rica","AMRO",0,0,0,0
"2020-01-31","CR","Costa Rica","AMRO",0,0,0,0
"2020-02-01","CR","Costa Rica","AMRO",0,0,0,0
"2020-02-02","CR","Costa Rica","AMRO",0,0,0,0
"2020-02-03","CR","Costa Rica","AMRO",0,0,0,0
"2020-02-04","CR","Costa Rica","AMRO",0,0,0,0
"2020-02-05","CR","Costa Rica","AMRO",0,0,0,0
"2020-02-06","CR","Costa Rica","AMRO",0,0,0,0
"2020-02-07","CR","Costa Rica","AMRO",0,0,0,0
"2020-02-08","CR","Costa Rica","AMRO",0,0,0,0
"2020-02-09","CR","Costa Rica","AMRO",0,0,0,0
"2020-02-10","CR","Costa Rica","AMRO",0,0,0,0
"2020-02-11","CR","Costa Rica","AMRO",0,0,0,0
"2020-02-12","CR","Costa Rica","AMRO",0,0,0,0
"2020-02-13","CR","Costa Rica","AMRO",0,0,0,0
"2020-02-14","CR","Costa Rica","AMRO",0,0,0,0
"2020-02-15","CR","Costa Rica","AMRO",0,0,0,0
"2020-02-16","CR","Costa Rica","AMRO",0,0,0,0
"2020-02-17","CR","Costa Rica","AMRO",0,0,0,0
"2020-02-18","CR","Costa Rica","AMRO",0,0,0,0
"2020-02-19","CR","Costa Rica","AMRO",0,0,0,0
"2020-02-20","CR","Costa Rica","AMRO",0,0,0,0
"2020-02-21","CR","Costa Rica","AMRO",0,0,0,0
"2020-02-22","CR","Costa Rica","AMRO",0,0,0,0
"2020-02-23","CR","Costa Rica","AMRO",0,0,0,0
"2020-02-24","CR","Costa Rica","AMRO",0,0,0,0
"2020-02-25","CR","Costa Rica","AMRO",0,0,0,0
"2020-02-26","CR","Costa Rica","AMRO",0,0,0,0
"2020-02-27","CR","Costa Rica","AMRO",0,0,0,0
"2020-02-28","CR","Costa Rica","AMRO",0,0,0,0
"2020-02-29","CR","Costa Rica","AMRO",0,0,0,0
"2020-03-01","CR","Costa Rica","AMRO",0,0,0,0
"2020-03-02","CR","Costa Rica","AMRO",0,0,0,0
"2020-03-03","CR","Costa Rica","AMRO",0,0,0,0
"2020-03-04","CR","Costa Rica","AMRO",0,0,0,0
"2020-03-05","CR","Costa Rica","AMRO",0,0,0,0
"2020-03-06","CR","Costa Rica","AMRO",0,0,0,0
"2020-03-07","CR","Costa Rica","AMRO",0,0,0,0
"2020-03-08","CR","Costa Rica","AMRO",9,9,0,0
"2020-03-09","CR","Costa Rica","AMRO",4,13,0,0
"2020-03-10","CR","Costa Rica","AMRO",0,13,0,0
"2020-03-11","CR","Costa Rica","AMRO",4,17,0,0
"2020-03-12","CR","Costa Rica","AMRO",0,17,0,0
"2020-03-13","CR","Costa Rica","AMRO",10,27,0,0
"2020-03-14","CR","Costa Rica","AMRO",0,27,0,0
"2020-03-15","CR","Costa Rica","AMRO",0,27,0,0
"2020-03-16","CR","Costa Rica","AMRO",12,39,0,0
"2020-03-17","CR","Costa Rica","AMRO",6,45,0,0
"2020-03-18","CR","Costa Rica","AMRO",9,54,1,1
"2020-03-19","CR","Costa Rica","AMRO",33,87,0,1
"2020-03-20","CR","Costa Rica","AMRO",26,113,1,2
"2020-03-21","CR","Costa Rica","AMRO",0,113,0,2
"2020-03-22","CR","Costa Rica","AMRO",0,113,0,2
"2020-03-23","CR","Costa Rica","AMRO",4,117,0,2
"2020-03-24","CR","Costa Rica","AMRO",60,177,0,2
"2020-03-25","CR","Costa Rica","AMRO",0,177,0,2
"2020-03-26","CR","Costa Rica","AMRO",24,201,0,2
"2020-03-27","CR","Costa Rica","AMRO",0,201,0,2
"2020-03-28","CR","Costa Rica","AMRO",30,231,0,2
"2020-03-29","CR","Costa Rica","AMRO",32,263,0,2
"2020-03-30","CR","Costa Rica","AMRO",32,295,0,2
"2020-03-31","CR","Costa Rica","AMRO",19,314,0,2
"2020-04-01","CR","Costa Rica","AMRO",0,314,0,2
"2020-04-02","CR","Costa Rica","AMRO",33,347,0,2
"2020-04-03","CR","Costa Rica","AMRO",28,375,0,2
"2020-04-04","CR","Costa Rica","AMRO",21,396,0,2
"2020-04-05","CR","Costa Rica","AMRO",20,416,0,2
"2020-04-06","CR","Costa Rica","AMRO",19,435,0,2
"2020-04-07","CR","Costa Rica","AMRO",19,454,0,2
"2020-04-08","CR","Costa Rica","AMRO",13,467,0,2
"2020-04-09","CR","Costa Rica","AMRO",16,483,0,2
"2020-04-10","CR","Costa Rica","AMRO",19,502,1,3
"2020-04-11","CR","Costa Rica","AMRO",37,539,0,3
"2020-04-12","CR","Costa Rica","AMRO",19,558,0,3
"2020-04-13","CR","Costa Rica","AMRO",19,577,0,3
"2020-04-14","CR","Costa Rica","AMRO",18,595,0,3
"2020-04-15","CR","Costa Rica","AMRO",17,612,0,3
"2020-04-16","CR","Costa Rica","AMRO",6,618,0,3
"2020-04-17","CR","Costa Rica","AMRO",8,626,1,4
"2020-04-18","CR","Costa Rica","AMRO",16,642,0,4
"2020-04-19","CR","Costa Rica","AMRO",7,649,0,4
"2020-04-20","CR","Costa Rica","AMRO",6,655,0,4
"2020-04-21","CR","Costa Rica","AMRO",5,660,1,5
"2020-04-22","CR","Costa Rica","AMRO",2,662,1,6
"2020-04-23","CR","Costa Rica","AMRO",7,669,0,6
"2020-04-24","CR","Costa Rica","AMRO",12,681,0,6
"2020-04-25","CR","Costa Rica","AMRO",5,686,0,6
"2020-04-26","CR","Costa Rica","AMRO",1,687,0,6
"2020-04-27","CR","Costa Rica","AMRO",6,693,0,6
"2020-04-28","CR","Costa Rica","AMRO",2,695,0,6
"2020-04-29","CR","Costa Rica","AMRO",2,697,0,6
"2020-04-30","CR","Costa Rica","AMRO",8,705,0,6
"2020-05-01","CR","Costa Rica","AMRO",8,713,0,6
"2020-05-02","CR","Costa Rica","AMRO",6,719,0,6
"2020-05-03","CR","Costa Rica","AMRO",6,725,0,6
"2020-05-04","CR","Costa Rica","AMRO",8,733,0,6
"2020-05-05","CR","Costa Rica","AMRO",6,739,0,6
"2020-05-06","CR","Costa Rica","AMRO",3,742,0,6
"2020-05-07","CR","Costa Rica","AMRO",13,755,0,6
"2020-05-08","CR","Costa Rica","AMRO",6,761,0,6
"2020-05-09","CR","Costa Rica","AMRO",4,765,0,6
"2020-05-10","CR","Costa Rica","AMRO",8,773,0,6
"2020-05-11","CR","Costa Rica","AMRO",7,780,0,6
"2020-05-12","CR","Costa Rica","AMRO",12,792,0,6
"2020-05-13","CR","Costa Rica","AMRO",9,801,1,7
"2020-05-14","CR","Costa Rica","AMRO",3,804,0,7
"2020-05-15","CR","Costa Rica","AMRO",11,815,0,7
"2020-05-16","CR","Costa Rica","AMRO",15,830,1,8
"2020-05-17","CR","Costa Rica","AMRO",13,843,0,8
"2020-05-18","CR","Costa Rica","AMRO",10,853,2,10
"2020-05-19","CR","Costa Rica","AMRO",10,863,0,10
"2020-05-20","CR","Costa Rica","AMRO",19,882,0,10
"2020-05-21","CR","Costa Rica","AMRO",0,882,0,10
"2020-05-22","CR","Costa Rica","AMRO",0,882,0,10
"2020-05-23","CR","Costa Rica","AMRO",21,903,0,10
"2020-05-24","CR","Costa Rica","AMRO",8,911,0,10
"2020-05-25","CR","Costa Rica","AMRO",7,918,0,10
"2020-05-26","CR","Costa Rica","AMRO",12,930,0,10
"2020-05-27","CR","Costa Rica","AMRO",21,951,0,10
"2020-05-28","CR","Costa Rica","AMRO",5,956,0,10
"2020-05-29","CR","Costa Rica","AMRO",28,984,0,10
"2020-05-30","CR","Costa Rica","AMRO",16,1000,0,10
"2020-05-31","CR","Costa Rica","AMRO",22,1022,0,10
"2020-06-01","CR","Costa Rica","AMRO",25,1047,0,10
"2020-06-02","CR","Costa Rica","AMRO",9,1056,0,10
"2020-06-03","CR","Costa Rica","AMRO",28,1084,0,10
"2020-06-04","CR","Costa Rica","AMRO",21,1105,0,10
"2020-06-05","CR","Costa Rica","AMRO",52,1157,0,10
"2020-06-06","CR","Costa Rica","AMRO",37,1194,0,10
"2020-06-07","CR","Costa Rica","AMRO",69,1263,0,10
"2020-06-08","CR","Costa Rica","AMRO",0,1263,0,10
"2020-06-09","CR","Costa Rica","AMRO",55,1318,0,10
"2020-06-10","CR","Costa Rica","AMRO",24,1342,0,10
"2020-06-11","CR","Costa Rica","AMRO",33,1375,1,11
"2020-06-12","CR","Costa Rica","AMRO",86,1461,1,12
"2020-06-13","CR","Costa Rica","AMRO",77,1538,0,12
"2020-06-14","CR","Costa Rica","AMRO",74,1612,0,12
"2020-06-15","CR","Costa Rica","AMRO",50,1662,0,12
"2020-06-16","CR","Costa Rica","AMRO",53,1715,0,12
"2020-06-17","CR","Costa Rica","AMRO",29,1744,0,12
"2020-06-18","CR","Costa Rica","AMRO",52,1796,0,12
"2020-06-19","CR","Costa Rica","AMRO",75,1871,0,12
"2020-06-20","CR","Costa Rica","AMRO",68,1939,0,12
"2020-06-21","CR","Costa Rica","AMRO",119,2058,0,12
"2020-06-22","CR","Costa Rica","AMRO",69,2127,0,12
"2020-06-23","CR","Costa Rica","AMRO",86,2213,0,12
"2020-06-24","CR","Costa Rica","AMRO",64,2277,0,12
"2020-06-25","CR","Costa Rica","AMRO",91,2368,0,12
"2020-06-26","CR","Costa Rica","AMRO",147,2515,0,12
"2020-06-27","CR","Costa Rica","AMRO",169,2684,0,12
"2020-06-28","CR","Costa Rica","AMRO",152,2836,0,12
"2020-06-29","CR","Costa Rica","AMRO",143,2979,1,13
"2020-06-30","CR","Costa Rica","AMRO",151,3130,2,15
"2020-07-01","CR","Costa Rica","AMRO",139,3269,0,15
"2020-07-02","CR","Costa Rica","AMRO",190,3459,1,16
"2020-07-03","CR","Costa Rica","AMRO",294,3753,0,16
"2020-07-04","CR","Costa Rica","AMRO",270,4023,2,18
"2020-07-05","CR","Costa Rica","AMRO",288,4311,0,18
"2020-07-06","CR","Costa Rica","AMRO",310,4621,0,18
"2020-07-07","CR","Costa Rica","AMRO",375,4996,1,19
"2020-07-08","CR","Costa Rica","AMRO",245,5241,4,23
"2020-07-09","CR","Costa Rica","AMRO",245,5486,0,23
"2020-07-10","CR","Costa Rica","AMRO",350,5836,1,24
"2020-07-11","CR","Costa Rica","AMRO",649,6485,2,26
"2020-07-12","CR","Costa Rica","AMRO",360,6845,1,27
"2020-07-13","CR","Costa Rica","AMRO",386,7231,1,28
"2020-07-14","CR","Costa Rica","AMRO",365,7596,2,30
"2020-07-15","CR","Costa Rica","AMRO",440,8036,1,31
"2020-07-16","CR","Costa Rica","AMRO",446,8482,5,36
"2020-07-17","CR","Costa Rica","AMRO",504,8986,4,40
"2020-07-18","CR","Costa Rica","AMRO",560,9546,2,42
"2020-07-19","CR","Costa Rica","AMRO",423,9969,5,47
"2020-07-20","CR","Costa Rica","AMRO",582,10551,7,54
"2020-07-21","CR","Costa Rica","AMRO",563,11114,8,62
"2020-07-22","CR","Costa Rica","AMRO",420,11534,4,66
"2020-07-23","CR","Costa Rica","AMRO",277,11811,2,68
"2020-07-24","CR","Costa Rica","AMRO",550,12361,3,71
"2020-07-25","CR","Costa Rica","AMRO",768,13129,9,80
"2020-07-26","CR","Costa Rica","AMRO",540,13669,7,87
"2020-07-27","CR","Costa Rica","AMRO",931,14600,11,98
"2020-07-28","CR","Costa Rica","AMRO",629,15229,6,104
"2020-07-29","CR","Costa Rica","AMRO",612,15841,11,115
"2020-07-30","CR","Costa Rica","AMRO",503,16344,10,125
"2020-07-31","CR","Costa Rica","AMRO",456,16800,8,133
"2020-08-01","CR","Costa Rica","AMRO",490,17290,7,140
"2020-08-02","CR","Costa Rica","AMRO",530,17820,10,150
"2020-08-03","CR","Costa Rica","AMRO",367,18187,4,154
"2020-08-04","CR","Costa Rica","AMRO",788,18975,8,162
"2020-08-05","CR","Costa Rica","AMRO",427,19402,9,171
"2020-08-06","CR","Costa Rica","AMRO",435,19837,10,181
"2020-08-07","CR","Costa Rica","AMRO",580,20417,10,191
"2020-08-08","CR","Costa Rica","AMRO",653,21070,9,200
"2020-08-09","CR","Costa Rica","AMRO",1011,22081,18,218
"2020-08-10","CR","Costa Rica","AMRO",721,22802,10,228
"2020-08-11","CR","Costa Rica","AMRO",484,23286,7,235
"2020-08-12","CR","Costa Rica","AMRO",586,23872,9,244
"2020-08-13","CR","Costa Rica","AMRO",636,24508,11,255
"2020-08-14","CR","Costa Rica","AMRO",549,25057,8,263
"2020-08-15","CR","Costa Rica","AMRO",1072,26129,9,272
"2020-08-16","CR","Costa Rica","AMRO",802,26931,9,281
"2020-08-17","CR","Costa Rica","AMRO",806,27737,10,291
"2020-08-18","CR","Costa Rica","AMRO",728,28465,3,294
"2020-08-19","CR","Costa Rica","AMRO",619,29084,10,304
"2020-08-20","CR","Costa Rica","AMRO",559,29643,10,314
"2020-08-21","CR","Costa Rica","AMRO",766,30409,7,321
"2020-08-22","CR","Costa Rica","AMRO",666,31075,12,333
"2020-08-23","CR","Costa Rica","AMRO",1059,32134,7,340
"2020-08-24","CR","Costa Rica","AMRO",950,33084,8,348
"2020-08-25","CR","Costa Rica","AMRO",736,33820,7,355
"2020-08-26","CR","Costa Rica","AMRO",643,34463,7,362
"2020-08-27","CR","Costa Rica","AMRO",842,35305,14,376
"2020-08-28","CR","Costa Rica","AMRO",1002,36307,10,386
"2020-08-29","CR","Costa Rica","AMRO",985,37292,11,397
"2020-08-30","CR","Costa Rica","AMRO",1193,38485,10,407
"2020-08-31","CR","Costa Rica","AMRO",1214,39699,11,418
"2020-09-01","CR","Costa Rica","AMRO",0,39699,0,418
"2020-09-02","CR","Costa Rica","AMRO",1588,41287,18,436
"2020-09-03","CR","Costa Rica","AMRO",897,42184,7,443
"2020-09-04","CR","Costa Rica","AMRO",1121,43305,10,453
"2020-09-05","CR","Costa Rica","AMRO",1153,44458,7,460
"2020-09-06","CR","Costa Rica","AMRO",1222,45680,9,469
"2020-09-07","CR","Costa Rica","AMRO",1240,46920,9,478
"2020-09-08","CR","Costa Rica","AMRO",1027,47947,13,491
"2020-09-09","CR","Costa Rica","AMRO",833,48780,19,510
"2020-09-10","CR","Costa Rica","AMRO",1117,49897,21,531
"2020-09-11","CR","Costa Rica","AMRO",1327,51224,12,543
"2020-09-12","CR","Costa Rica","AMRO",1325,52549,24,567
"2020-09-13","CR","Costa Rica","AMRO",1420,53969,16,583
"2020-09-14","CR","Costa Rica","AMRO",1485,55454,7,590
"2020-09-15","CR","Costa Rica","AMRO",970,56424,15,605
"2020-09-16","CR","Costa Rica","AMRO",937,57361,16,621
"2020-09-17","CR","Costa Rica","AMRO",777,58138,12,633
"2020-09-18","CR","Costa Rica","AMRO",1378,59516,16,649
"2020-09-19","CR","Costa Rica","AMRO",1302,60818,17,666
"2020-09-20","CR","Costa Rica","AMRO",1556,62374,20,686
"2020-09-21","CR","Costa Rica","AMRO",1338,63712,20,706
"2020-09-22","CR","Costa Rica","AMRO",1187,64899,21,727
"2020-09-23","CR","Costa Rica","AMRO",703,65602,18,745
"2020-09-24","CR","Costa Rica","AMRO",1087,66689,15,760
"2020-09-25","CR","Costa Rica","AMRO",1370,68059,21,781
"2020-09-26","CR","Costa Rica","AMRO",1400,69459,14,795
"2020-09-27","CR","Costa Rica","AMRO",1357,70816,17,812
"2020-09-28","CR","Costa Rica","AMRO",1233,72049,16,828
"2020-09-29","CR","Costa Rica","AMRO",935,72984,19,847
"2020-09-30","CR","Costa Rica","AMRO",730,73714,14,861
"2020-10-01","CR","Costa Rica","AMRO",890,74604,19,880
"2020-10-02","CR","Costa Rica","AMRO",1156,75760,24,904
"2020-10-03","CR","Costa Rica","AMRO",1068,76828,13,917
"2020-10-04","CR","Costa Rica","AMRO",1001,77829,13,930
"2020-10-05","CR","Costa Rica","AMRO",1353,79182,20,950
"2020-10-06","CR","Costa Rica","AMRO",1225,80407,21,971
"2020-10-07","CR","Costa Rica","AMRO",722,81129,16,987
"2020-10-08","CR","Costa Rica","AMRO",1013,82142,17,1004
"2020-10-09","CR","Costa Rica","AMRO",1355,83497,20,1024
"2020-10-10","CR","Costa Rica","AMRO",1331,84828,16,1040
"2020-10-11","CR","Costa Rica","AMRO",1225,86053,15,1055
"2020-10-12","CR","Costa Rica","AMRO",1386,87439,21,1076
"2020-10-13","CR","Costa Rica","AMRO",1051,88490,14,1090
"2020-10-14","CR","Costa Rica","AMRO",733,89223,18,1108
"2020-10-15","CR","Costa Rica","AMRO",1015,90238,16,1124
"2020-10-16","CR","Costa Rica","AMRO",1542,91780,10,1134
"2020-10-17","CR","Costa Rica","AMRO",1372,93152,25,1159
"2020-10-18","CR","Costa Rica","AMRO",1196,94348,9,1168
"2020-10-19","CR","Costa Rica","AMRO",1166,95514,15,1183
"2020-10-20","CR","Costa Rica","AMRO",929,96443,11,1194
"2020-10-21","CR","Costa Rica","AMRO",632,97075,10,1204
"2020-10-22","CR","Costa Rica","AMRO",847,97922,18,1222
"2020-10-23","CR","Costa Rica","AMRO",1503,99425,14,1236
"2020-10-24","CR","Costa Rica","AMRO",1191,100616,15,1251
"2020-10-25","CR","Costa Rica","AMRO",1210,101826,14,1265
"2020-10-26","CR","Costa Rica","AMRO",1262,103088,17,1282
"2020-10-27","CR","Costa Rica","AMRO",861,103949,16,1298
"2020-10-28","CR","Costa Rica","AMRO",511,104460,14,1312
"2020-10-29","CR","Costa Rica","AMRO",862,105322,17,1329
"2020-10-30","CR","Costa Rica","AMRO",1231,106553,11,1340
"2020-10-31","CR","Costa Rica","AMRO",1017,107570,17,1357
"2020-11-01","CR","Costa Rica","AMRO",1296,108866,14,1371
"2020-11-02","CR","Costa Rica","AMRO",1105,109971,14,1385
"2020-11-03","CR","Costa Rica","AMRO",746,110717,11,1396
"2020-11-04","CR","Costa Rica","AMRO",540,111257,8,1404
"2020-11-05","CR","Costa Rica","AMRO",863,112120,15,1419
"2020-11-06","CR","Costa Rica","AMRO",1141,113261,12,1431
"2020-11-07","CR","Costa Rica","AMRO",1106,114367,13,1444
"2020-11-08","CR","Costa Rica","AMRO",1050,115417,9,1453
"2020-11-09","CR","Costa Rica","AMRO",946,116363,11,1464
"2020-11-10","CR","Costa Rica","AMRO",736,117099,12,1476
"2020-11-11","CR","Costa Rica","AMRO",488,117587,15,1491
"2020-11-12","CR","Costa Rica","AMRO",979,118566,11,1502
"2020-11-13","CR","Costa Rica","AMRO",1202,119768,11,1513
"2020-11-14","CR","Costa Rica","AMRO",1171,120939,14,1527
"2020-11-15","CR","Costa Rica","AMRO",1184,122123,10,1537
"2020-11-16","CR","Costa Rica","AMRO",1100,123223,9,1546
"2020-11-17","CR","Costa Rica","AMRO",726,123949,9,1555
"2020-11-18","CR","Costa Rica","AMRO",643,124592,11,1566
"2020-11-19","CR","Costa Rica","AMRO",998,125590,12,1578
"2020-11-20","CR","Costa Rica","AMRO",1422,127012,10,1588
"2020-11-21","CR","Costa Rica","AMRO",1219,128231,11,1599
"2020-11-22","CR","Costa Rica","AMRO",1187,129418,9,1608
"2020-11-23","CR","Costa Rica","AMRO",0,129418,0,1608
"2020-11-24","CR","Costa Rica","AMRO",0,129418,0,1608
"2020-11-25","CR","Costa Rica","AMRO",2877,132295,33,1641
"2020-11-26","CR","Costa Rica","AMRO",895,133190,21,1662
"2020-11-27","CR","Costa Rica","AMRO",1330,134520,12,1674
"2020-11-28","CR","Costa Rica","AMRO",1222,135742,5,1679
"2020-11-29","CR","Costa Rica","AMRO",1351,137093,11,1690
"2020-11-30","CR","Costa Rica","AMRO",0,137093,0,1690
"2020-12-01","CR","Costa Rica","AMRO",2006,139099,25,1715
"2020-12-02","CR","Costa Rica","AMRO",539,139638,11,1726
"2020-12-03","CR","Costa Rica","AMRO",534,140172,5,1731
"2020-12-04","CR","Costa Rica","AMRO",1168,141340,8,1739
"2020-12-05","CR","Costa Rica","AMRO",1165,142505,18,1757
"2020-12-06","CR","Costa Rica","AMRO",1180,143685,16,1773
"2020-12-07","CR","Costa Rica","AMRO",0,143685,0,1773
"2020-12-08","CR","Costa Rica","AMRO",2160,145845,37,1810
"2020-12-09","CR","Costa Rica","AMRO",576,146421,15,1825
"2020-12-10","CR","Costa Rica","AMRO",1009,147430,21,1846
"2020-12-11","CR","Costa Rica","AMRO",1258,148688,18,1864
"2020-12-12","CR","Costa Rica","AMRO",1127,149815,18,1882
