"Fecha_de_reporte","Codigo_pais","Paises","Region","Casos_nuevos","Casos_acumulados","defunciones_nuevas","defunciones_acumuladas"
"2020-01-03","HR","Croatia","EURO",0,0,0,0
"2020-01-04","HR","Croatia","EURO",0,0,0,0
"2020-01-05","HR","Croatia","EURO",0,0,0,0
"2020-01-06","HR","Croatia","EURO",0,0,0,0
"2020-01-07","HR","Croatia","EURO",0,0,0,0
"2020-01-08","HR","Croatia","EURO",0,0,0,0
"2020-01-09","HR","Croatia","EURO",0,0,0,0
"2020-01-10","HR","Croatia","EURO",0,0,0,0
"2020-01-11","HR","Croatia","EURO",0,0,0,0
"2020-01-12","HR","Croatia","EURO",0,0,0,0
"2020-01-13","HR","Croatia","EURO",0,0,0,0
"2020-01-14","HR","Croatia","EURO",0,0,0,0
"2020-01-15","HR","Croatia","EURO",0,0,0,0
"2020-01-16","HR","Croatia","EURO",0,0,0,0
"2020-01-17","HR","Croatia","EURO",0,0,0,0
"2020-01-18","HR","Croatia","EURO",0,0,0,0
"2020-01-19","HR","Croatia","EURO",0,0,0,0
"2020-01-20","HR","Croatia","EURO",0,0,0,0
"2020-01-21","HR","Croatia","EURO",0,0,0,0
"2020-01-22","HR","Croatia","EURO",0,0,0,0
"2020-01-23","HR","Croatia","EURO",0,0,0,0
"2020-01-24","HR","Croatia","EURO",0,0,0,0
"2020-01-25","HR","Croatia","EURO",0,0,0,0
"2020-01-26","HR","Croatia","EURO",0,0,0,0
"2020-01-27","HR","Croatia","EURO",0,0,0,0
"2020-01-28","HR","Croatia","EURO",0,0,0,0
"2020-01-29","HR","Croatia","EURO",0,0,0,0
"2020-01-30","HR","Croatia","EURO",0,0,0,0
"2020-01-31","HR","Croatia","EURO",0,0,0,0
"2020-02-01","HR","Croatia","EURO",0,0,0,0
"2020-02-02","HR","Croatia","EURO",0,0,0,0
"2020-02-03","HR","Croatia","EURO",0,0,0,0
"2020-02-04","HR","Croatia","EURO",0,0,0,0
"2020-02-05","HR","Croatia","EURO",0,0,0,0
"2020-02-06","HR","Croatia","EURO",0,0,0,0
"2020-02-07","HR","Croatia","EURO",0,0,0,0
"2020-02-08","HR","Croatia","EURO",0,0,0,0
"2020-02-09","HR","Croatia","EURO",0,0,0,0
"2020-02-10","HR","Croatia","EURO",0,0,0,0
"2020-02-11","HR","Croatia","EURO",0,0,0,0
"2020-02-12","HR","Croatia","EURO",0,0,0,0
"2020-02-13","HR","Croatia","EURO",0,0,0,0
"2020-02-14","HR","Croatia","EURO",0,0,0,0
"2020-02-15","HR","Croatia","EURO",0,0,0,0
"2020-02-16","HR","Croatia","EURO",0,0,0,0
"2020-02-17","HR","Croatia","EURO",0,0,0,0
"2020-02-18","HR","Croatia","EURO",0,0,0,0
"2020-02-19","HR","Croatia","EURO",0,0,0,0
"2020-02-20","HR","Croatia","EURO",0,0,0,0
"2020-02-21","HR","Croatia","EURO",0,0,0,0
"2020-02-22","HR","Croatia","EURO",0,0,0,0
"2020-02-23","HR","Croatia","EURO",0,0,0,0
"2020-02-24","HR","Croatia","EURO",0,0,0,0
"2020-02-25","HR","Croatia","EURO",0,0,0,0
"2020-02-26","HR","Croatia","EURO",1,1,0,0
"2020-02-27","HR","Croatia","EURO",1,2,0,0
"2020-02-28","HR","Croatia","EURO",1,3,0,0
"2020-02-29","HR","Croatia","EURO",2,5,0,0
"2020-03-01","HR","Croatia","EURO",0,5,0,0
"2020-03-02","HR","Croatia","EURO",2,7,0,0
"2020-03-03","HR","Croatia","EURO",1,8,0,0
"2020-03-04","HR","Croatia","EURO",1,9,0,0
"2020-03-05","HR","Croatia","EURO",0,9,0,0
"2020-03-06","HR","Croatia","EURO",1,10,0,0
"2020-03-07","HR","Croatia","EURO",1,11,0,0
"2020-03-08","HR","Croatia","EURO",1,12,0,0
"2020-03-09","HR","Croatia","EURO",0,12,0,0
"2020-03-10","HR","Croatia","EURO",0,12,0,0
"2020-03-11","HR","Croatia","EURO",1,13,0,0
"2020-03-12","HR","Croatia","EURO",3,16,0,0
"2020-03-13","HR","Croatia","EURO",9,25,0,0
"2020-03-14","HR","Croatia","EURO",6,31,0,0
"2020-03-15","HR","Croatia","EURO",6,37,0,0
"2020-03-16","HR","Croatia","EURO",11,48,0,0
"2020-03-17","HR","Croatia","EURO",8,56,0,0
"2020-03-18","HR","Croatia","EURO",13,69,0,0
"2020-03-19","HR","Croatia","EURO",12,81,0,0
"2020-03-20","HR","Croatia","EURO",23,104,0,0
"2020-03-21","HR","Croatia","EURO",22,126,0,0
"2020-03-22","HR","Croatia","EURO",80,206,0,0
"2020-03-23","HR","Croatia","EURO",29,235,0,0
"2020-03-24","HR","Croatia","EURO",71,306,0,0
"2020-03-25","HR","Croatia","EURO",76,382,1,1
"2020-03-26","HR","Croatia","EURO",36,418,0,1
"2020-03-27","HR","Croatia","EURO",77,495,1,2
"2020-03-28","HR","Croatia","EURO",91,586,1,3
"2020-03-29","HR","Croatia","EURO",71,657,2,5
"2020-03-30","HR","Croatia","EURO",56,713,1,6
"2020-03-31","HR","Croatia","EURO",77,790,0,6
"2020-04-01","HR","Croatia","EURO",77,867,0,6
"2020-04-02","HR","Croatia","EURO",96,963,0,6
"2020-04-03","HR","Croatia","EURO",48,1011,1,7
"2020-04-04","HR","Croatia","EURO",68,1079,1,8
"2020-04-05","HR","Croatia","EURO",47,1126,4,12
"2020-04-06","HR","Croatia","EURO",56,1182,3,15
"2020-04-07","HR","Croatia","EURO",40,1222,1,16
"2020-04-08","HR","Croatia","EURO",60,1282,2,18
"2020-04-09","HR","Croatia","EURO",61,1343,1,19
"2020-04-10","HR","Croatia","EURO",64,1407,1,20
"2020-04-11","HR","Croatia","EURO",88,1495,1,21
"2020-04-12","HR","Croatia","EURO",39,1534,0,21
"2020-04-13","HR","Croatia","EURO",66,1600,2,23
"2020-04-14","HR","Croatia","EURO",50,1650,2,25
"2020-04-15","HR","Croatia","EURO",54,1704,6,31
"2020-04-16","HR","Croatia","EURO",37,1741,3,34
"2020-04-17","HR","Croatia","EURO",50,1791,1,35
"2020-04-18","HR","Croatia","EURO",23,1814,1,36
"2020-04-19","HR","Croatia","EURO",18,1832,3,39
"2020-04-20","HR","Croatia","EURO",39,1871,8,47
"2020-04-21","HR","Croatia","EURO",10,1881,0,47
"2020-04-22","HR","Croatia","EURO",27,1908,1,48
"2020-04-23","HR","Croatia","EURO",42,1950,0,48
"2020-04-24","HR","Croatia","EURO",31,1981,2,50
"2020-04-25","HR","Croatia","EURO",28,2009,1,51
"2020-04-26","HR","Croatia","EURO",7,2016,3,54
"2020-04-27","HR","Croatia","EURO",14,2030,1,55
"2020-04-28","HR","Croatia","EURO",9,2039,4,59
"2020-04-29","HR","Croatia","EURO",8,2047,4,63
"2020-04-30","HR","Croatia","EURO",15,2062,4,67
"2020-05-01","HR","Croatia","EURO",14,2076,2,69
"2020-05-02","HR","Croatia","EURO",9,2085,6,75
"2020-05-03","HR","Croatia","EURO",3,2088,2,77
"2020-05-04","HR","Croatia","EURO",8,2096,2,79
"2020-05-05","HR","Croatia","EURO",5,2101,1,80
"2020-05-06","HR","Croatia","EURO",11,2112,3,83
"2020-05-07","HR","Croatia","EURO",7,2119,2,85
"2020-05-08","HR","Croatia","EURO",6,2125,1,86
"2020-05-09","HR","Croatia","EURO",36,2161,0,86
"2020-05-10","HR","Croatia","EURO",15,2176,1,87
"2020-05-11","HR","Croatia","EURO",11,2187,3,90
"2020-05-12","HR","Croatia","EURO",9,2196,1,91
"2020-05-13","HR","Croatia","EURO",11,2207,0,91
"2020-05-14","HR","Croatia","EURO",6,2213,3,94
"2020-05-15","HR","Croatia","EURO",8,2221,0,94
"2020-05-16","HR","Croatia","EURO",1,2222,1,95
"2020-05-17","HR","Croatia","EURO",2,2224,0,95
"2020-05-18","HR","Croatia","EURO",2,2226,0,95
"2020-05-19","HR","Croatia","EURO",2,2228,0,95
"2020-05-20","HR","Croatia","EURO",4,2232,1,96
"2020-05-21","HR","Croatia","EURO",2,2234,0,96
"2020-05-22","HR","Croatia","EURO",3,2237,1,97
"2020-05-23","HR","Croatia","EURO",6,2243,2,99
"2020-05-24","HR","Croatia","EURO",0,2243,0,99
"2020-05-25","HR","Croatia","EURO",1,2244,0,99
"2020-05-26","HR","Croatia","EURO",0,2244,1,100
"2020-05-27","HR","Croatia","EURO",0,2244,1,101
"2020-05-28","HR","Croatia","EURO",0,2244,0,101
"2020-05-29","HR","Croatia","EURO",1,2245,1,102
"2020-05-30","HR","Croatia","EURO",0,2245,1,103
"2020-05-31","HR","Croatia","EURO",1,2246,0,103
"2020-06-01","HR","Croatia","EURO",0,2246,0,103
"2020-06-02","HR","Croatia","EURO",0,2246,0,103
"2020-06-03","HR","Croatia","EURO",0,2246,0,103
"2020-06-04","HR","Croatia","EURO",0,2246,0,103
"2020-06-05","HR","Croatia","EURO",1,2247,0,103
"2020-06-06","HR","Croatia","EURO",0,2247,0,103
"2020-06-07","HR","Croatia","EURO",0,2247,1,104
"2020-06-08","HR","Croatia","EURO",0,2247,0,104
"2020-06-09","HR","Croatia","EURO",0,2247,0,104
"2020-06-10","HR","Croatia","EURO",0,2247,2,106
"2020-06-11","HR","Croatia","EURO",2,2249,0,106
"2020-06-12","HR","Croatia","EURO",0,2249,0,106
"2020-06-13","HR","Croatia","EURO",0,2249,1,107
"2020-06-14","HR","Croatia","EURO",2,2251,0,107
"2020-06-15","HR","Croatia","EURO",1,2252,0,107
"2020-06-16","HR","Croatia","EURO",2,2254,0,107
"2020-06-17","HR","Croatia","EURO",1,2255,0,107
"2020-06-18","HR","Croatia","EURO",3,2258,0,107
"2020-06-19","HR","Croatia","EURO",11,2269,0,107
"2020-06-20","HR","Croatia","EURO",11,2280,0,107
"2020-06-21","HR","Croatia","EURO",19,2299,0,107
"2020-06-22","HR","Croatia","EURO",18,2317,0,107
"2020-06-23","HR","Croatia","EURO",19,2336,0,107
"2020-06-24","HR","Croatia","EURO",30,2366,0,107
"2020-06-25","HR","Croatia","EURO",22,2388,0,107
"2020-06-26","HR","Croatia","EURO",95,2483,0,107
"2020-06-27","HR","Croatia","EURO",56,2539,0,107
"2020-06-28","HR","Croatia","EURO",85,2624,0,107
"2020-06-29","HR","Croatia","EURO",67,2691,0,107
"2020-06-30","HR","Croatia","EURO",34,2725,0,107
"2020-07-01","HR","Croatia","EURO",52,2777,0,107
"2020-07-02","HR","Croatia","EURO",54,2831,1,108
"2020-07-03","HR","Croatia","EURO",81,2912,2,110
"2020-07-04","HR","Croatia","EURO",96,3008,2,112
"2020-07-05","HR","Croatia","EURO",86,3094,1,113
"2020-07-06","HR","Croatia","EURO",57,3151,0,113
"2020-07-07","HR","Croatia","EURO",69,3220,0,113
"2020-07-08","HR","Croatia","EURO",52,3272,0,113
"2020-07-09","HR","Croatia","EURO",53,3325,1,114
"2020-07-10","HR","Croatia","EURO",91,3416,1,115
"2020-07-11","HR","Croatia","EURO",116,3532,2,117
"2020-07-12","HR","Croatia","EURO",140,3672,1,118
"2020-07-13","HR","Croatia","EURO",50,3722,1,119
"2020-07-14","HR","Croatia","EURO",53,3775,0,119
"2020-07-15","HR","Croatia","EURO",52,3827,0,119
"2020-07-16","HR","Croatia","EURO",126,3953,0,119
"2020-07-17","HR","Croatia","EURO",86,4039,0,119
"2020-07-18","HR","Croatia","EURO",98,4137,1,120
"2020-07-19","HR","Croatia","EURO",98,4235,0,120
"2020-07-20","HR","Croatia","EURO",119,4354,0,120
"2020-07-21","HR","Croatia","EURO",16,4370,2,122
"2020-07-22","HR","Croatia","EURO",52,4422,0,122
"2020-07-23","HR","Croatia","EURO",108,4530,3,125
"2020-07-24","HR","Croatia","EURO",104,4634,3,128
"2020-07-25","HR","Croatia","EURO",81,4715,0,128
"2020-07-26","HR","Croatia","EURO",77,4792,5,133
"2020-07-27","HR","Croatia","EURO",65,4857,3,136
"2020-07-28","HR","Croatia","EURO",24,4881,3,139
"2020-07-29","HR","Croatia","EURO",42,4923,1,140
"2020-07-30","HR","Croatia","EURO",70,4993,1,141
"2020-07-31","HR","Croatia","EURO",78,5071,3,144
"2020-08-01","HR","Croatia","EURO",67,5138,1,145
"2020-08-02","HR","Croatia","EURO",86,5224,0,145
"2020-08-03","HR","Croatia","EURO",36,5260,4,149
"2020-08-04","HR","Croatia","EURO",36,5296,4,153
"2020-08-05","HR","Croatia","EURO",22,5318,1,154
"2020-08-06","HR","Croatia","EURO",58,5376,0,154
"2020-08-07","HR","Croatia","EURO",28,5404,1,155
"2020-08-08","HR","Croatia","EURO",62,5466,0,155
"2020-08-09","HR","Croatia","EURO",77,5543,2,157
"2020-08-10","HR","Croatia","EURO",61,5604,0,157
"2020-08-11","HR","Croatia","EURO",45,5649,1,158
"2020-08-12","HR","Croatia","EURO",91,5740,2,160
"2020-08-13","HR","Croatia","EURO",130,5870,0,160
"2020-08-14","HR","Croatia","EURO",180,6050,1,161
"2020-08-15","HR","Croatia","EURO",208,6258,2,163
"2020-08-16","HR","Croatia","EURO",162,6420,2,165
"2020-08-17","HR","Croatia","EURO",151,6571,1,166
"2020-08-18","HR","Croatia","EURO",85,6656,0,166
"2020-08-19","HR","Croatia","EURO",199,6855,0,166
"2020-08-20","HR","Croatia","EURO",219,7074,2,168
"2020-08-21","HR","Croatia","EURO",255,7329,0,168
"2020-08-22","HR","Croatia","EURO",265,7594,1,169
"2020-08-23","HR","Croatia","EURO",306,7900,1,170
"2020-08-24","HR","Croatia","EURO",275,8175,1,171
"2020-08-25","HR","Croatia","EURO",136,8311,2,173
"2020-08-26","HR","Croatia","EURO",219,8530,2,175
"2020-08-27","HR","Croatia","EURO",358,8888,0,175
"2020-08-28","HR","Croatia","EURO",304,9192,2,177
"2020-08-29","HR","Croatia","EURO",357,9549,3,180
"2020-08-30","HR","Croatia","EURO",312,9861,3,183
"2020-08-31","HR","Croatia","EURO",262,10123,1,184
"2020-09-01","HR","Croatia","EURO",146,10269,2,186
"2020-09-02","HR","Croatia","EURO",145,10414,1,187
"2020-09-03","HR","Croatia","EURO",311,10725,4,191
"2020-09-04","HR","Croatia","EURO",369,11094,3,194
"2020-09-05","HR","Croatia","EURO",334,11428,1,195
"2020-09-06","HR","Croatia","EURO",311,11739,2,197
"2020-09-07","HR","Croatia","EURO",225,11964,1,198
"2020-09-08","HR","Croatia","EURO",117,12081,3,201
"2020-09-09","HR","Croatia","EURO",204,12285,2,203
"2020-09-10","HR","Croatia","EURO",341,12626,3,206
"2020-09-11","HR","Croatia","EURO",291,12917,2,208
"2020-09-12","HR","Croatia","EURO",190,13107,3,211
"2020-09-13","HR","Croatia","EURO",261,13368,7,218
"2020-09-14","HR","Croatia","EURO",165,13533,6,224
"2020-09-15","HR","Croatia","EURO",65,13598,3,227
"2020-09-16","HR","Croatia","EURO",151,13749,3,230
"2020-09-17","HR","Croatia","EURO",280,14029,6,236
"2020-09-18","HR","Croatia","EURO",250,14279,2,238
"2020-09-19","HR","Croatia","EURO",234,14513,6,244
"2020-09-20","HR","Croatia","EURO",212,14725,0,244
"2020-09-21","HR","Croatia","EURO",197,14922,4,248
"2020-09-22","HR","Croatia","EURO",70,14992,5,253
"2020-09-23","HR","Croatia","EURO",144,15136,2,255
"2020-09-24","HR","Croatia","EURO",204,15340,2,257
"2020-09-25","HR","Croatia","EURO",232,15572,4,261
"2020-09-26","HR","Croatia","EURO",223,15795,5,266
"2020-09-27","HR","Croatia","EURO",212,16007,3,269
"2020-09-28","HR","Croatia","EURO",190,16197,3,272
"2020-09-29","HR","Croatia","EURO",48,16245,0,272
"2020-09-30","HR","Croatia","EURO",135,16380,3,275
"2020-10-01","HR","Croatia","EURO",213,16593,5,280
"2020-10-02","HR","Croatia","EURO",234,16827,4,284
"2020-10-03","HR","Croatia","EURO",333,17160,7,291
"2020-10-04","HR","Croatia","EURO",241,17401,2,293
"2020-10-05","HR","Croatia","EURO",258,17659,5,298
"2020-10-06","HR","Croatia","EURO",138,17797,2,300
"2020-10-07","HR","Croatia","EURO",287,18084,4,304
"2020-10-08","HR","Croatia","EURO",363,18447,5,309
"2020-10-09","HR","Croatia","EURO",542,18989,1,310
"2020-10-10","HR","Croatia","EURO",457,19446,3,313
"2020-10-11","HR","Croatia","EURO",486,19932,4,317
"2020-10-12","HR","Croatia","EURO",508,20440,7,324
"2020-10-13","HR","Croatia","EURO",181,20621,3,327
"2020-10-14","HR","Croatia","EURO",372,20993,3,330
"2020-10-15","HR","Croatia","EURO",748,21741,4,334
"2020-10-16","HR","Croatia","EURO",793,22534,10,344
"2020-10-17","HR","Croatia","EURO",1131,23665,1,345
"2020-10-18","HR","Croatia","EURO",1096,24761,10,355
"2020-10-19","HR","Croatia","EURO",819,25580,8,363
"2020-10-20","HR","Croatia","EURO",393,25973,11,374
"2020-10-21","HR","Croatia","EURO",890,26863,8,382
"2020-10-22","HR","Croatia","EURO",1424,28287,11,393
"2020-10-23","HR","Croatia","EURO",1563,29850,13,406
"2020-10-24","HR","Croatia","EURO",1867,31717,7,413
"2020-10-25","HR","Croatia","EURO",2242,33959,16,429
"2020-10-26","HR","Croatia","EURO",2421,36380,8,437
"2020-10-27","HR","Croatia","EURO",828,37208,15,452
"2020-10-28","HR","Croatia","EURO",1413,38621,18,470
"2020-10-29","HR","Croatia","EURO",2378,40999,23,493
"2020-10-30","HR","Croatia","EURO",2776,43775,18,511
"2020-10-31","HR","Croatia","EURO",2772,46547,20,531
"2020-11-01","HR","Croatia","EURO",2769,49316,15,546
"2020-11-02","HR","Croatia","EURO",2179,51495,16,562
"2020-11-03","HR","Croatia","EURO",1165,52660,32,594
"2020-11-04","HR","Croatia","EURO",1427,54087,34,628
"2020-11-05","HR","Croatia","EURO",2480,56567,26,654
"2020-11-06","HR","Croatia","EURO",2848,59415,29,683
"2020-11-07","HR","Croatia","EURO",2890,62305,34,717
"2020-11-08","HR","Croatia","EURO",2399,64704,35,752
"2020-11-09","HR","Croatia","EURO",2543,67247,42,794
"2020-11-10","HR","Croatia","EURO",1529,68776,38,832
"2020-11-11","HR","Croatia","EURO",1467,70243,33,865
"2020-11-12","HR","Croatia","EURO",2597,72840,28,893
"2020-11-13","HR","Croatia","EURO",3082,75922,32,925
"2020-11-14","HR","Croatia","EURO",3056,78978,43,968
"2020-11-15","HR","Croatia","EURO",2866,81844,38,1006
"2020-11-16","HR","Croatia","EURO",2362,84206,43,1049
"2020-11-17","HR","Croatia","EURO",1313,85519,33,1082
"2020-11-18","HR","Croatia","EURO",1945,87464,31,1113
"2020-11-19","HR","Croatia","EURO",3251,90715,38,1151
"2020-11-20","HR","Croatia","EURO",3164,93879,49,1200
"2020-11-21","HR","Croatia","EURO",2958,96837,57,1257
"2020-11-22","HR","Croatia","EURO",3573,100410,47,1304
"2020-11-23","HR","Croatia","EURO",3308,103718,49,1353
"2020-11-24","HR","Croatia","EURO",1973,105691,45,1398
"2020-11-25","HR","Croatia","EURO",2323,108014,47,1445
"2020-11-26","HR","Croatia","EURO",3603,111617,56,1501
"2020-11-27","HR","Croatia","EURO",4009,115626,51,1552
"2020-11-28","HR","Croatia","EURO",4080,119706,48,1600
"2020-11-29","HR","Croatia","EURO",3987,123693,55,1655
"2020-11-30","HR","Croatia","EURO",2919,126612,57,1712
"2020-12-01","HR","Croatia","EURO",1830,128442,74,1786
"2020-12-02","HR","Croatia","EURO",2900,131342,75,1861
"2020-12-03","HR","Croatia","EURO",3539,134881,55,1916
"2020-12-04","HR","Croatia","EURO",4534,139415,48,1964
"2020-12-05","HR","Croatia","EURO",3955,143370,68,2032
"2020-12-06","HR","Croatia","EURO",4084,147454,70,2102
"2020-12-07","HR","Croatia","EURO",2899,150353,72,2174
"2020-12-08","HR","Croatia","EURO",1886,152239,59,2233
"2020-12-09","HR","Croatia","EURO",2613,154852,65,2298
"2020-12-10","HR","Croatia","EURO",4520,159372,69,2367
"2020-12-11","HR","Croatia","EURO",4620,163992,53,2420
"2020-12-12","HR","Croatia","EURO",4396,168388,64,2484
