"Fecha_de_reporte","Codigo_pais","Paises","Region","Casos_nuevos","Casos_acumulados","defunciones_nuevas","defunciones_acumuladas"
"2020-01-03","CU","Cuba","AMRO",0,0,0,0
"2020-01-04","CU","Cuba","AMRO",0,0,0,0
"2020-01-05","CU","Cuba","AMRO",0,0,0,0
"2020-01-06","CU","Cuba","AMRO",0,0,0,0
"2020-01-07","CU","Cuba","AMRO",0,0,0,0
"2020-01-08","CU","Cuba","AMRO",0,0,0,0
"2020-01-09","CU","Cuba","AMRO",0,0,0,0
"2020-01-10","CU","Cuba","AMRO",0,0,0,0
"2020-01-11","CU","Cuba","AMRO",0,0,0,0
"2020-01-12","CU","Cuba","AMRO",0,0,0,0
"2020-01-13","CU","Cuba","AMRO",0,0,0,0
"2020-01-14","CU","Cuba","AMRO",0,0,0,0
"2020-01-15","CU","Cuba","AMRO",0,0,0,0
"2020-01-16","CU","Cuba","AMRO",0,0,0,0
"2020-01-17","CU","Cuba","AMRO",0,0,0,0
"2020-01-18","CU","Cuba","AMRO",0,0,0,0
"2020-01-19","CU","Cuba","AMRO",0,0,0,0
"2020-01-20","CU","Cuba","AMRO",0,0,0,0
"2020-01-21","CU","Cuba","AMRO",0,0,0,0
"2020-01-22","CU","Cuba","AMRO",0,0,0,0
"2020-01-23","CU","Cuba","AMRO",0,0,0,0
"2020-01-24","CU","Cuba","AMRO",0,0,0,0
"2020-01-25","CU","Cuba","AMRO",0,0,0,0
"2020-01-26","CU","Cuba","AMRO",0,0,0,0
"2020-01-27","CU","Cuba","AMRO",0,0,0,0
"2020-01-28","CU","Cuba","AMRO",0,0,0,0
"2020-01-29","CU","Cuba","AMRO",0,0,0,0
"2020-01-30","CU","Cuba","AMRO",0,0,0,0
"2020-01-31","CU","Cuba","AMRO",0,0,0,0
"2020-02-01","CU","Cuba","AMRO",0,0,0,0
"2020-02-02","CU","Cuba","AMRO",0,0,0,0
"2020-02-03","CU","Cuba","AMRO",0,0,0,0
"2020-02-04","CU","Cuba","AMRO",0,0,0,0
"2020-02-05","CU","Cuba","AMRO",0,0,0,0
"2020-02-06","CU","Cuba","AMRO",0,0,0,0
"2020-02-07","CU","Cuba","AMRO",0,0,0,0
"2020-02-08","CU","Cuba","AMRO",0,0,0,0
"2020-02-09","CU","Cuba","AMRO",0,0,0,0
"2020-02-10","CU","Cuba","AMRO",0,0,0,0
"2020-02-11","CU","Cuba","AMRO",0,0,0,0
"2020-02-12","CU","Cuba","AMRO",0,0,0,0
"2020-02-13","CU","Cuba","AMRO",0,0,0,0
"2020-02-14","CU","Cuba","AMRO",0,0,0,0
"2020-02-15","CU","Cuba","AMRO",0,0,0,0
"2020-02-16","CU","Cuba","AMRO",0,0,0,0
"2020-02-17","CU","Cuba","AMRO",0,0,0,0
"2020-02-18","CU","Cuba","AMRO",0,0,0,0
"2020-02-19","CU","Cuba","AMRO",0,0,0,0
"2020-02-20","CU","Cuba","AMRO",0,0,0,0
"2020-02-21","CU","Cuba","AMRO",0,0,0,0
"2020-02-22","CU","Cuba","AMRO",0,0,0,0
"2020-02-23","CU","Cuba","AMRO",0,0,0,0
"2020-02-24","CU","Cuba","AMRO",0,0,0,0
"2020-02-25","CU","Cuba","AMRO",0,0,0,0
"2020-02-26","CU","Cuba","AMRO",0,0,0,0
"2020-02-27","CU","Cuba","AMRO",0,0,0,0
"2020-02-28","CU","Cuba","AMRO",0,0,0,0
"2020-02-29","CU","Cuba","AMRO",0,0,0,0
"2020-03-01","CU","Cuba","AMRO",0,0,0,0
"2020-03-02","CU","Cuba","AMRO",0,0,0,0
"2020-03-03","CU","Cuba","AMRO",0,0,0,0
"2020-03-04","CU","Cuba","AMRO",0,0,0,0
"2020-03-05","CU","Cuba","AMRO",0,0,0,0
"2020-03-06","CU","Cuba","AMRO",0,0,0,0
"2020-03-07","CU","Cuba","AMRO",0,0,0,0
"2020-03-08","CU","Cuba","AMRO",0,0,0,0
"2020-03-09","CU","Cuba","AMRO",0,0,0,0
"2020-03-10","CU","Cuba","AMRO",0,0,0,0
"2020-03-11","CU","Cuba","AMRO",0,0,0,0
"2020-03-12","CU","Cuba","AMRO",0,0,0,0
"2020-03-13","CU","Cuba","AMRO",8,8,0,0
"2020-03-14","CU","Cuba","AMRO",0,8,0,0
"2020-03-15","CU","Cuba","AMRO",0,8,0,0
"2020-03-16","CU","Cuba","AMRO",0,8,0,0
"2020-03-17","CU","Cuba","AMRO",1,9,0,0
"2020-03-18","CU","Cuba","AMRO",5,14,1,1
"2020-03-19","CU","Cuba","AMRO",-3,11,0,1
"2020-03-20","CU","Cuba","AMRO",5,16,0,1
"2020-03-21","CU","Cuba","AMRO",0,16,0,1
"2020-03-22","CU","Cuba","AMRO",0,16,0,1
"2020-03-23","CU","Cuba","AMRO",0,16,0,1
"2020-03-24","CU","Cuba","AMRO",32,48,0,1
"2020-03-25","CU","Cuba","AMRO",0,48,0,1
"2020-03-26","CU","Cuba","AMRO",19,67,0,1
"2020-03-27","CU","Cuba","AMRO",0,67,0,1
"2020-03-28","CU","Cuba","AMRO",13,80,1,2
"2020-03-29","CU","Cuba","AMRO",39,119,1,3
"2020-03-30","CU","Cuba","AMRO",0,119,0,3
"2020-03-31","CU","Cuba","AMRO",51,170,1,4
"2020-04-01","CU","Cuba","AMRO",16,186,2,6
"2020-04-02","CU","Cuba","AMRO",26,212,0,6
"2020-04-03","CU","Cuba","AMRO",21,233,0,6
"2020-04-04","CU","Cuba","AMRO",36,269,0,6
"2020-04-05","CU","Cuba","AMRO",19,288,0,6
"2020-04-06","CU","Cuba","AMRO",32,320,2,8
"2020-04-07","CU","Cuba","AMRO",30,350,1,9
"2020-04-08","CU","Cuba","AMRO",46,396,2,11
"2020-04-09","CU","Cuba","AMRO",61,457,1,12
"2020-04-10","CU","Cuba","AMRO",58,515,3,15
"2020-04-11","CU","Cuba","AMRO",49,564,0,15
"2020-04-12","CU","Cuba","AMRO",56,620,1,16
"2020-04-13","CU","Cuba","AMRO",49,669,2,18
"2020-04-14","CU","Cuba","AMRO",57,726,3,21
"2020-04-15","CU","Cuba","AMRO",40,766,0,21
"2020-04-16","CU","Cuba","AMRO",48,814,3,24
"2020-04-17","CU","Cuba","AMRO",48,862,3,27
"2020-04-18","CU","Cuba","AMRO",61,923,4,31
"2020-04-19","CU","Cuba","AMRO",63,986,1,32
"2020-04-20","CU","Cuba","AMRO",49,1035,2,34
"2020-04-21","CU","Cuba","AMRO",52,1087,2,36
"2020-04-22","CU","Cuba","AMRO",50,1137,2,38
"2020-04-23","CU","Cuba","AMRO",52,1189,2,40
"2020-04-24","CU","Cuba","AMRO",46,1235,3,43
"2020-04-25","CU","Cuba","AMRO",50,1285,6,49
"2020-04-26","CU","Cuba","AMRO",52,1337,2,51
"2020-04-27","CU","Cuba","AMRO",32,1369,3,54
"2020-04-28","CU","Cuba","AMRO",20,1389,2,56
"2020-04-29","CU","Cuba","AMRO",48,1437,2,58
"2020-04-30","CU","Cuba","AMRO",30,1467,0,58
"2020-05-01","CU","Cuba","AMRO",34,1501,3,61
"2020-05-02","CU","Cuba","AMRO",36,1537,3,64
"2020-05-03","CU","Cuba","AMRO",74,1611,2,66
"2020-05-04","CU","Cuba","AMRO",38,1649,1,67
"2020-05-05","CU","Cuba","AMRO",19,1668,2,69
"2020-05-06","CU","Cuba","AMRO",17,1685,0,69
"2020-05-07","CU","Cuba","AMRO",18,1703,0,69
"2020-05-08","CU","Cuba","AMRO",26,1729,4,73
"2020-05-09","CU","Cuba","AMRO",12,1741,1,74
"2020-05-10","CU","Cuba","AMRO",13,1754,0,74
"2020-05-11","CU","Cuba","AMRO",12,1766,3,77
"2020-05-12","CU","Cuba","AMRO",17,1783,0,77
"2020-05-13","CU","Cuba","AMRO",21,1804,1,78
"2020-05-14","CU","Cuba","AMRO",6,1810,1,79
"2020-05-15","CU","Cuba","AMRO",20,1830,0,79
"2020-05-16","CU","Cuba","AMRO",10,1840,0,79
"2020-05-17","CU","Cuba","AMRO",22,1862,0,79
"2020-05-18","CU","Cuba","AMRO",10,1872,0,79
"2020-05-19","CU","Cuba","AMRO",9,1881,0,79
"2020-05-20","CU","Cuba","AMRO",6,1887,0,79
"2020-05-21","CU","Cuba","AMRO",13,1900,0,79
"2020-05-22","CU","Cuba","AMRO",8,1908,1,80
"2020-05-23","CU","Cuba","AMRO",8,1916,1,81
"2020-05-24","CU","Cuba","AMRO",15,1931,0,81
"2020-05-25","CU","Cuba","AMRO",10,1941,1,82
"2020-05-26","CU","Cuba","AMRO",6,1947,0,82
"2020-05-27","CU","Cuba","AMRO",16,1963,0,82
"2020-05-28","CU","Cuba","AMRO",11,1974,0,82
"2020-05-29","CU","Cuba","AMRO",9,1983,0,82
"2020-05-30","CU","Cuba","AMRO",22,2005,0,82
"2020-05-31","CU","Cuba","AMRO",20,2025,1,83
"2020-06-01","CU","Cuba","AMRO",20,2045,0,83
"2020-06-02","CU","Cuba","AMRO",38,2083,0,83
"2020-06-03","CU","Cuba","AMRO",9,2092,0,83
"2020-06-04","CU","Cuba","AMRO",15,2107,0,83
"2020-06-05","CU","Cuba","AMRO",12,2119,0,83
"2020-06-06","CU","Cuba","AMRO",14,2133,0,83
"2020-06-07","CU","Cuba","AMRO",40,2173,0,83
"2020-06-08","CU","Cuba","AMRO",18,2191,0,83
"2020-06-09","CU","Cuba","AMRO",9,2200,0,83
"2020-06-10","CU","Cuba","AMRO",5,2205,0,83
"2020-06-11","CU","Cuba","AMRO",6,2211,0,83
"2020-06-12","CU","Cuba","AMRO",8,2219,1,84
"2020-06-13","CU","Cuba","AMRO",14,2233,0,84
"2020-06-14","CU","Cuba","AMRO",5,2238,0,84
"2020-06-15","CU","Cuba","AMRO",10,2248,0,84
"2020-06-16","CU","Cuba","AMRO",14,2262,0,84
"2020-06-17","CU","Cuba","AMRO",11,2273,0,84
"2020-06-18","CU","Cuba","AMRO",7,2280,0,84
"2020-06-19","CU","Cuba","AMRO",15,2295,1,85
"2020-06-20","CU","Cuba","AMRO",10,2305,0,85
"2020-06-21","CU","Cuba","AMRO",4,2309,0,85
"2020-06-22","CU","Cuba","AMRO",3,2312,0,85
"2020-06-23","CU","Cuba","AMRO",3,2315,0,85
"2020-06-24","CU","Cuba","AMRO",3,2318,0,85
"2020-06-25","CU","Cuba","AMRO",1,2319,0,85
"2020-06-26","CU","Cuba","AMRO",2,2321,0,85
"2020-06-27","CU","Cuba","AMRO",4,2325,0,85
"2020-06-28","CU","Cuba","AMRO",5,2330,1,86
"2020-06-29","CU","Cuba","AMRO",2,2332,0,86
"2020-06-30","CU","Cuba","AMRO",8,2340,0,86
"2020-07-01","CU","Cuba","AMRO",1,2341,0,86
"2020-07-02","CU","Cuba","AMRO",7,2348,0,86
"2020-07-03","CU","Cuba","AMRO",5,2353,0,86
"2020-07-04","CU","Cuba","AMRO",8,2361,0,86
"2020-07-05","CU","Cuba","AMRO",8,2369,0,86
"2020-07-06","CU","Cuba","AMRO",3,2372,0,86
"2020-07-07","CU","Cuba","AMRO",8,2380,0,86
"2020-07-08","CU","Cuba","AMRO",15,2395,0,86
"2020-07-09","CU","Cuba","AMRO",4,2399,0,86
"2020-07-10","CU","Cuba","AMRO",4,2403,0,86
"2020-07-11","CU","Cuba","AMRO",10,2413,0,86
"2020-07-12","CU","Cuba","AMRO",7,2420,1,87
"2020-07-13","CU","Cuba","AMRO",6,2426,0,87
"2020-07-14","CU","Cuba","AMRO",2,2428,0,87
"2020-07-15","CU","Cuba","AMRO",4,2432,0,87
"2020-07-16","CU","Cuba","AMRO",6,2438,0,87
"2020-07-17","CU","Cuba","AMRO",2,2440,0,87
"2020-07-18","CU","Cuba","AMRO",4,2444,0,87
"2020-07-19","CU","Cuba","AMRO",1,2445,0,87
"2020-07-20","CU","Cuba","AMRO",1,2446,0,87
"2020-07-21","CU","Cuba","AMRO",0,2446,0,87
"2020-07-22","CU","Cuba","AMRO",3,2449,0,87
"2020-07-23","CU","Cuba","AMRO",13,2462,0,87
"2020-07-24","CU","Cuba","AMRO",4,2466,0,87
"2020-07-25","CU","Cuba","AMRO",3,2469,0,87
"2020-07-26","CU","Cuba","AMRO",9,2478,0,87
"2020-07-27","CU","Cuba","AMRO",17,2495,0,87
"2020-07-28","CU","Cuba","AMRO",37,2532,0,87
"2020-07-29","CU","Cuba","AMRO",23,2555,0,87
"2020-07-30","CU","Cuba","AMRO",33,2588,0,87
"2020-07-31","CU","Cuba","AMRO",9,2597,0,87
"2020-08-01","CU","Cuba","AMRO",11,2608,0,87
"2020-08-02","CU","Cuba","AMRO",25,2633,0,87
"2020-08-03","CU","Cuba","AMRO",13,2646,0,87
"2020-08-04","CU","Cuba","AMRO",24,2670,0,87
"2020-08-05","CU","Cuba","AMRO",31,2701,1,88
"2020-08-06","CU","Cuba","AMRO",25,2726,0,88
"2020-08-07","CU","Cuba","AMRO",49,2775,0,88
"2020-08-08","CU","Cuba","AMRO",54,2829,0,88
"2020-08-09","CU","Cuba","AMRO",59,2888,0,88
"2020-08-10","CU","Cuba","AMRO",65,2953,0,88
"2020-08-11","CU","Cuba","AMRO",93,3046,0,88
"2020-08-12","CU","Cuba","AMRO",47,3093,0,88
"2020-08-13","CU","Cuba","AMRO",35,3128,0,88
"2020-08-14","CU","Cuba","AMRO",46,3174,1,89
"2020-08-15","CU","Cuba","AMRO",55,3229,-1,88
"2020-08-16","CU","Cuba","AMRO",63,3292,0,88
"2020-08-17","CU","Cuba","AMRO",24,3316,0,88
"2020-08-18","CU","Cuba","AMRO",48,3364,0,88
"2020-08-19","CU","Cuba","AMRO",44,3408,0,88
"2020-08-20","CU","Cuba","AMRO",74,3482,0,88
"2020-08-21","CU","Cuba","AMRO",83,3565,0,88
"2020-08-22","CU","Cuba","AMRO",17,3582,1,89
"2020-08-23","CU","Cuba","AMRO",35,3617,0,89
"2020-08-24","CU","Cuba","AMRO",65,3682,2,91
"2020-08-25","CU","Cuba","AMRO",35,3717,0,91
"2020-08-26","CU","Cuba","AMRO",27,3744,0,91
"2020-08-27","CU","Cuba","AMRO",15,3759,1,92
"2020-08-28","CU","Cuba","AMRO",47,3806,0,92
"2020-08-29","CU","Cuba","AMRO",60,3866,0,92
"2020-08-30","CU","Cuba","AMRO",59,3925,2,94
"2020-08-31","CU","Cuba","AMRO",48,3973,0,94
"2020-09-01","CU","Cuba","AMRO",59,4032,0,94
"2020-09-02","CU","Cuba","AMRO",33,4065,1,95
"2020-09-03","CU","Cuba","AMRO",61,4126,3,98
"2020-09-04","CU","Cuba","AMRO",88,4214,2,100
"2020-09-05","CU","Cuba","AMRO",52,4266,0,100
"2020-09-06","CU","Cuba","AMRO",32,4298,0,100
"2020-09-07","CU","Cuba","AMRO",11,4309,1,101
"2020-09-08","CU","Cuba","AMRO",43,4352,1,102
"2020-09-09","CU","Cuba","AMRO",25,4377,2,104
"2020-09-10","CU","Cuba","AMRO",82,4459,0,104
"2020-09-11","CU","Cuba","AMRO",92,4551,2,106
"2020-09-12","CU","Cuba","AMRO",42,4593,0,106
"2020-09-13","CU","Cuba","AMRO",60,4653,2,108
"2020-09-14","CU","Cuba","AMRO",31,4684,0,108
"2020-09-15","CU","Cuba","AMRO",42,4726,0,108
"2020-09-16","CU","Cuba","AMRO",77,4803,0,108
"2020-09-17","CU","Cuba","AMRO",73,4876,1,109
"2020-09-18","CU","Cuba","AMRO",57,4933,0,109
"2020-09-19","CU","Cuba","AMRO",71,5004,2,111
"2020-09-20","CU","Cuba","AMRO",51,5055,2,113
"2020-09-21","CU","Cuba","AMRO",36,5091,2,115
"2020-09-22","CU","Cuba","AMRO",50,5141,1,116
"2020-09-23","CU","Cuba","AMRO",81,5222,1,117
"2020-09-24","CU","Cuba","AMRO",48,5270,1,118
"2020-09-25","CU","Cuba","AMRO",40,5310,0,118
"2020-09-26","CU","Cuba","AMRO",40,5350,0,118
"2020-09-27","CU","Cuba","AMRO",62,5412,2,120
"2020-09-28","CU","Cuba","AMRO",45,5457,2,122
"2020-09-29","CU","Cuba","AMRO",26,5483,0,122
"2020-09-30","CU","Cuba","AMRO",48,5531,0,122
"2020-10-01","CU","Cuba","AMRO",66,5597,0,122
"2020-10-02","CU","Cuba","AMRO",73,5670,0,122
"2020-10-03","CU","Cuba","AMRO",48,5718,0,122
"2020-10-04","CU","Cuba","AMRO",62,5780,0,122
"2020-10-05","CU","Cuba","AMRO",29,5809,0,122
"2020-10-06","CU","Cuba","AMRO",36,5845,1,123
"2020-10-07","CU","Cuba","AMRO",38,5883,0,123
"2020-10-08","CU","Cuba","AMRO",15,5898,0,123
"2020-10-09","CU","Cuba","AMRO",19,5917,0,123
"2020-10-10","CU","Cuba","AMRO",26,5943,0,123
"2020-10-11","CU","Cuba","AMRO",5,5948,0,123
"2020-10-12","CU","Cuba","AMRO",30,5978,0,123
"2020-10-13","CU","Cuba","AMRO",22,6000,0,123
"2020-10-14","CU","Cuba","AMRO",17,6017,0,123
"2020-10-15","CU","Cuba","AMRO",18,6035,0,123
"2020-10-16","CU","Cuba","AMRO",27,6062,0,123
"2020-10-17","CU","Cuba","AMRO",56,6118,1,124
"2020-10-18","CU","Cuba","AMRO",52,6170,1,125
"2020-10-19","CU","Cuba","AMRO",50,6220,0,125
"2020-10-20","CU","Cuba","AMRO",38,6258,2,127
"2020-10-21","CU","Cuba","AMRO",47,6305,0,127
"2020-10-22","CU","Cuba","AMRO",63,6368,0,127
"2020-10-23","CU","Cuba","AMRO",53,6421,1,128
"2020-10-24","CU","Cuba","AMRO",58,6479,0,128
"2020-10-25","CU","Cuba","AMRO",55,6534,0,128
"2020-10-26","CU","Cuba","AMRO",32,6566,0,128
"2020-10-27","CU","Cuba","AMRO",29,6595,0,128
"2020-10-28","CU","Cuba","AMRO",83,6678,0,128
"2020-10-29","CU","Cuba","AMRO",49,6727,0,128
"2020-10-30","CU","Cuba","AMRO",39,6766,0,128
"2020-10-31","CU","Cuba","AMRO",35,6801,0,128
"2020-11-01","CU","Cuba","AMRO",86,6887,0,128
"2020-11-02","CU","Cuba","AMRO",48,6935,0,128
"2020-11-03","CU","Cuba","AMRO",35,6970,1,129
"2020-11-04","CU","Cuba","AMRO",65,7035,0,129
"2020-11-05","CU","Cuba","AMRO",109,7144,0,129
"2020-11-06","CU","Cuba","AMRO",40,7184,0,129
"2020-11-07","CU","Cuba","AMRO",44,7228,1,130
"2020-11-08","CU","Cuba","AMRO",39,7267,0,130
"2020-11-09","CU","Cuba","AMRO",30,7297,0,130
"2020-11-10","CU","Cuba","AMRO",52,7349,0,130
"2020-11-11","CU","Cuba","AMRO",43,7392,0,130
"2020-11-12","CU","Cuba","AMRO",37,7429,0,130
"2020-11-13","CU","Cuba","AMRO",58,7487,1,131
"2020-11-14","CU","Cuba","AMRO",54,7541,0,131
"2020-11-15","CU","Cuba","AMRO",27,7568,0,131
"2020-11-16","CU","Cuba","AMRO",22,7590,0,131
"2020-11-17","CU","Cuba","AMRO",49,7639,0,131
"2020-11-18","CU","Cuba","AMRO",28,7667,0,131
"2020-11-19","CU","Cuba","AMRO",37,7704,0,131
"2020-11-20","CU","Cuba","AMRO",21,7725,0,131
"2020-11-21","CU","Cuba","AMRO",38,7763,0,131
"2020-11-22","CU","Cuba","AMRO",35,7798,1,132
"2020-11-23","CU","Cuba","AMRO",48,7846,0,132
"2020-11-24","CU","Cuba","AMRO",33,7879,0,132
"2020-11-25","CU","Cuba","AMRO",71,7950,1,133
"2020-11-26","CU","Cuba","AMRO",76,8026,0,133
"2020-11-27","CU","Cuba","AMRO",49,8075,0,133
"2020-11-28","CU","Cuba","AMRO",35,8110,0,133
"2020-11-29","CU","Cuba","AMRO",63,8173,0,133
"2020-11-30","CU","Cuba","AMRO",60,8233,1,134
"2020-12-01","CU","Cuba","AMRO",51,8284,1,135
"2020-12-02","CU","Cuba","AMRO",97,8381,1,136
"2020-12-03","CU","Cuba","AMRO",75,8456,0,136
"2020-12-04","CU","Cuba","AMRO",75,8531,0,136
"2020-12-05","CU","Cuba","AMRO",79,8610,0,136
"2020-12-06","CU","Cuba","AMRO",104,8714,0,136
"2020-12-07","CU","Cuba","AMRO",68,8782,0,136
"2020-12-08","CU","Cuba","AMRO",124,8906,0,136
"2020-12-09","CU","Cuba","AMRO",76,8982,0,136
"2020-12-10","CU","Cuba","AMRO",124,9106,0,136
"2020-12-11","CU","Cuba","AMRO",75,9181,0,136
"2020-12-12","CU","Cuba","AMRO",86,9267,0,136
