"Fecha_de_reporte","Codigo_pais","Paises","Region","Casos_nuevos","Casos_acumulados","defunciones_nuevas","defunciones_acumuladas"
"2020-01-03","CY","Cyprus","EURO",0,0,0,0
"2020-01-04","CY","Cyprus","EURO",0,0,0,0
"2020-01-05","CY","Cyprus","EURO",0,0,0,0
"2020-01-06","CY","Cyprus","EURO",0,0,0,0
"2020-01-07","CY","Cyprus","EURO",0,0,0,0
"2020-01-08","CY","Cyprus","EURO",0,0,0,0
"2020-01-09","CY","Cyprus","EURO",0,0,0,0
"2020-01-10","CY","Cyprus","EURO",0,0,0,0
"2020-01-11","CY","Cyprus","EURO",0,0,0,0
"2020-01-12","CY","Cyprus","EURO",0,0,0,0
"2020-01-13","CY","Cyprus","EURO",0,0,0,0
"2020-01-14","CY","Cyprus","EURO",0,0,0,0
"2020-01-15","CY","Cyprus","EURO",0,0,0,0
"2020-01-16","CY","Cyprus","EURO",0,0,0,0
"2020-01-17","CY","Cyprus","EURO",0,0,0,0
"2020-01-18","CY","Cyprus","EURO",0,0,0,0
"2020-01-19","CY","Cyprus","EURO",0,0,0,0
"2020-01-20","CY","Cyprus","EURO",0,0,0,0
"2020-01-21","CY","Cyprus","EURO",0,0,0,0
"2020-01-22","CY","Cyprus","EURO",0,0,0,0
"2020-01-23","CY","Cyprus","EURO",0,0,0,0
"2020-01-24","CY","Cyprus","EURO",0,0,0,0
"2020-01-25","CY","Cyprus","EURO",0,0,0,0
"2020-01-26","CY","Cyprus","EURO",0,0,0,0
"2020-01-27","CY","Cyprus","EURO",0,0,0,0
"2020-01-28","CY","Cyprus","EURO",0,0,0,0
"2020-01-29","CY","Cyprus","EURO",0,0,0,0
"2020-01-30","CY","Cyprus","EURO",0,0,0,0
"2020-01-31","CY","Cyprus","EURO",0,0,0,0
"2020-02-01","CY","Cyprus","EURO",0,0,0,0
"2020-02-02","CY","Cyprus","EURO",0,0,0,0
"2020-02-03","CY","Cyprus","EURO",0,0,0,0
"2020-02-04","CY","Cyprus","EURO",0,0,0,0
"2020-02-05","CY","Cyprus","EURO",0,0,0,0
"2020-02-06","CY","Cyprus","EURO",0,0,0,0
"2020-02-07","CY","Cyprus","EURO",0,0,0,0
"2020-02-08","CY","Cyprus","EURO",0,0,0,0
"2020-02-09","CY","Cyprus","EURO",0,0,0,0
"2020-02-10","CY","Cyprus","EURO",0,0,0,0
"2020-02-11","CY","Cyprus","EURO",0,0,0,0
"2020-02-12","CY","Cyprus","EURO",0,0,0,0
"2020-02-13","CY","Cyprus","EURO",0,0,0,0
"2020-02-14","CY","Cyprus","EURO",0,0,0,0
"2020-02-15","CY","Cyprus","EURO",0,0,0,0
"2020-02-16","CY","Cyprus","EURO",0,0,0,0
"2020-02-17","CY","Cyprus","EURO",0,0,0,0
"2020-02-18","CY","Cyprus","EURO",0,0,0,0
"2020-02-19","CY","Cyprus","EURO",0,0,0,0
"2020-02-20","CY","Cyprus","EURO",0,0,0,0
"2020-02-21","CY","Cyprus","EURO",0,0,0,0
"2020-02-22","CY","Cyprus","EURO",0,0,0,0
"2020-02-23","CY","Cyprus","EURO",0,0,0,0
"2020-02-24","CY","Cyprus","EURO",0,0,0,0
"2020-02-25","CY","Cyprus","EURO",0,0,0,0
"2020-02-26","CY","Cyprus","EURO",0,0,0,0
"2020-02-27","CY","Cyprus","EURO",0,0,0,0
"2020-02-28","CY","Cyprus","EURO",0,0,0,0
"2020-02-29","CY","Cyprus","EURO",0,0,0,0
"2020-03-01","CY","Cyprus","EURO",0,0,0,0
"2020-03-02","CY","Cyprus","EURO",0,0,0,0
"2020-03-03","CY","Cyprus","EURO",0,0,0,0
"2020-03-04","CY","Cyprus","EURO",0,0,0,0
"2020-03-05","CY","Cyprus","EURO",0,0,0,0
"2020-03-06","CY","Cyprus","EURO",0,0,0,0
"2020-03-07","CY","Cyprus","EURO",0,0,0,0
"2020-03-08","CY","Cyprus","EURO",0,0,0,0
"2020-03-09","CY","Cyprus","EURO",0,0,0,0
"2020-03-10","CY","Cyprus","EURO",2,2,0,0
"2020-03-11","CY","Cyprus","EURO",0,2,0,0
"2020-03-12","CY","Cyprus","EURO",4,6,0,0
"2020-03-13","CY","Cyprus","EURO",0,6,0,0
"2020-03-14","CY","Cyprus","EURO",8,14,0,0
"2020-03-15","CY","Cyprus","EURO",7,21,0,0
"2020-03-16","CY","Cyprus","EURO",9,30,0,0
"2020-03-17","CY","Cyprus","EURO",10,40,0,0
"2020-03-18","CY","Cyprus","EURO",0,40,0,0
"2020-03-19","CY","Cyprus","EURO",18,58,0,0
"2020-03-20","CY","Cyprus","EURO",0,58,0,0
"2020-03-21","CY","Cyprus","EURO",9,67,0,0
"2020-03-22","CY","Cyprus","EURO",17,84,0,0
"2020-03-23","CY","Cyprus","EURO",11,95,0,0
"2020-03-24","CY","Cyprus","EURO",21,116,0,0
"2020-03-25","CY","Cyprus","EURO",8,124,3,3
"2020-03-26","CY","Cyprus","EURO",8,132,0,3
"2020-03-27","CY","Cyprus","EURO",14,146,0,3
"2020-03-28","CY","Cyprus","EURO",16,162,2,5
"2020-03-29","CY","Cyprus","EURO",17,179,0,5
"2020-03-30","CY","Cyprus","EURO",35,214,1,6
"2020-03-31","CY","Cyprus","EURO",16,230,1,7
"2020-04-01","CY","Cyprus","EURO",32,262,1,8
"2020-04-02","CY","Cyprus","EURO",58,320,1,9
"2020-04-03","CY","Cyprus","EURO",36,356,0,9
"2020-04-04","CY","Cyprus","EURO",40,396,0,9
"2020-04-05","CY","Cyprus","EURO",30,426,0,9
"2020-04-06","CY","Cyprus","EURO",20,446,0,9
"2020-04-07","CY","Cyprus","EURO",19,465,0,9
"2020-04-08","CY","Cyprus","EURO",29,494,0,9
"2020-04-09","CY","Cyprus","EURO",32,526,0,9
"2020-04-10","CY","Cyprus","EURO",38,564,1,10
"2020-04-11","CY","Cyprus","EURO",31,595,0,10
"2020-04-12","CY","Cyprus","EURO",21,616,0,10
"2020-04-13","CY","Cyprus","EURO",17,633,1,11
"2020-04-14","CY","Cyprus","EURO",29,662,1,12
"2020-04-15","CY","Cyprus","EURO",33,695,0,12
"2020-04-16","CY","Cyprus","EURO",20,715,0,12
"2020-04-17","CY","Cyprus","EURO",20,735,0,12
"2020-04-18","CY","Cyprus","EURO",0,735,0,12
"2020-04-19","CY","Cyprus","EURO",26,761,0,12
"2020-04-20","CY","Cyprus","EURO",6,767,0,12
"2020-04-21","CY","Cyprus","EURO",5,772,0,12
"2020-04-22","CY","Cyprus","EURO",12,784,0,12
"2020-04-23","CY","Cyprus","EURO",6,790,2,14
"2020-04-24","CY","Cyprus","EURO",5,795,0,14
"2020-04-25","CY","Cyprus","EURO",9,804,0,14
"2020-04-26","CY","Cyprus","EURO",6,810,0,14
"2020-04-27","CY","Cyprus","EURO",7,817,0,14
"2020-04-28","CY","Cyprus","EURO",5,822,1,15
"2020-04-29","CY","Cyprus","EURO",15,837,0,15
"2020-04-30","CY","Cyprus","EURO",6,843,0,15
"2020-05-01","CY","Cyprus","EURO",7,850,0,15
"2020-05-02","CY","Cyprus","EURO",7,857,0,15
"2020-05-03","CY","Cyprus","EURO",7,864,0,15
"2020-05-04","CY","Cyprus","EURO",8,872,0,15
"2020-05-05","CY","Cyprus","EURO",2,874,0,15
"2020-05-06","CY","Cyprus","EURO",4,878,0,15
"2020-05-07","CY","Cyprus","EURO",5,883,0,15
"2020-05-08","CY","Cyprus","EURO",6,889,0,15
"2020-05-09","CY","Cyprus","EURO",2,891,0,15
"2020-05-10","CY","Cyprus","EURO",1,892,0,15
"2020-05-11","CY","Cyprus","EURO",6,898,1,16
"2020-05-12","CY","Cyprus","EURO",3,901,0,16
"2020-05-13","CY","Cyprus","EURO",2,903,0,16
"2020-05-14","CY","Cyprus","EURO",2,905,1,17
"2020-05-15","CY","Cyprus","EURO",2,907,0,17
"2020-05-16","CY","Cyprus","EURO",3,910,0,17
"2020-05-17","CY","Cyprus","EURO",4,914,0,17
"2020-05-18","CY","Cyprus","EURO",2,916,0,17
"2020-05-19","CY","Cyprus","EURO",1,917,0,17
"2020-05-20","CY","Cyprus","EURO",1,918,0,17
"2020-05-21","CY","Cyprus","EURO",4,922,0,17
"2020-05-22","CY","Cyprus","EURO",1,923,0,17
"2020-05-23","CY","Cyprus","EURO",4,927,0,17
"2020-05-24","CY","Cyprus","EURO",0,927,0,17
"2020-05-25","CY","Cyprus","EURO",8,935,0,17
"2020-05-26","CY","Cyprus","EURO",2,937,0,17
"2020-05-27","CY","Cyprus","EURO",2,939,0,17
"2020-05-28","CY","Cyprus","EURO",0,939,0,17
"2020-05-29","CY","Cyprus","EURO",2,941,0,17
"2020-05-30","CY","Cyprus","EURO",0,941,0,17
"2020-05-31","CY","Cyprus","EURO",2,943,0,17
"2020-06-01","CY","Cyprus","EURO",1,944,0,17
"2020-06-02","CY","Cyprus","EURO",5,949,0,17
"2020-06-03","CY","Cyprus","EURO",3,952,0,17
"2020-06-04","CY","Cyprus","EURO",6,958,0,17
"2020-06-05","CY","Cyprus","EURO",0,958,0,17
"2020-06-06","CY","Cyprus","EURO",2,960,0,17
"2020-06-07","CY","Cyprus","EURO",0,960,1,18
"2020-06-08","CY","Cyprus","EURO",4,964,0,18
"2020-06-09","CY","Cyprus","EURO",6,970,0,18
"2020-06-10","CY","Cyprus","EURO",2,972,0,18
"2020-06-11","CY","Cyprus","EURO",2,974,0,18
"2020-06-12","CY","Cyprus","EURO",1,975,0,18
"2020-06-13","CY","Cyprus","EURO",5,980,0,18
"2020-06-14","CY","Cyprus","EURO",0,980,0,18
"2020-06-15","CY","Cyprus","EURO",3,983,0,18
"2020-06-16","CY","Cyprus","EURO",2,985,0,18
"2020-06-17","CY","Cyprus","EURO",0,985,0,18
"2020-06-18","CY","Cyprus","EURO",0,985,0,18
"2020-06-19","CY","Cyprus","EURO",0,985,1,19
"2020-06-20","CY","Cyprus","EURO",0,985,0,19
"2020-06-21","CY","Cyprus","EURO",0,985,0,19
"2020-06-22","CY","Cyprus","EURO",1,986,0,19
"2020-06-23","CY","Cyprus","EURO",2,988,0,19
"2020-06-24","CY","Cyprus","EURO",2,990,0,19
"2020-06-25","CY","Cyprus","EURO",1,991,0,19
"2020-06-26","CY","Cyprus","EURO",1,992,0,19
"2020-06-27","CY","Cyprus","EURO",0,992,0,19
"2020-06-28","CY","Cyprus","EURO",2,994,0,19
"2020-06-29","CY","Cyprus","EURO",0,994,0,19
"2020-06-30","CY","Cyprus","EURO",2,996,0,19
"2020-07-01","CY","Cyprus","EURO",2,998,0,19
"2020-07-02","CY","Cyprus","EURO",1,999,0,19
"2020-07-03","CY","Cyprus","EURO",0,999,0,19
"2020-07-04","CY","Cyprus","EURO",0,999,0,19
"2020-07-05","CY","Cyprus","EURO",3,1002,0,19
"2020-07-06","CY","Cyprus","EURO",1,1003,0,19
"2020-07-07","CY","Cyprus","EURO",1,1004,0,19
"2020-07-08","CY","Cyprus","EURO",1,1005,0,19
"2020-07-09","CY","Cyprus","EURO",3,1008,0,19
"2020-07-10","CY","Cyprus","EURO",2,1010,0,19
"2020-07-11","CY","Cyprus","EURO",3,1013,0,19
"2020-07-12","CY","Cyprus","EURO",1,1014,0,19
"2020-07-13","CY","Cyprus","EURO",7,1021,0,19
"2020-07-14","CY","Cyprus","EURO",1,1022,0,19
"2020-07-15","CY","Cyprus","EURO",0,1022,0,19
"2020-07-16","CY","Cyprus","EURO",1,1023,0,19
"2020-07-17","CY","Cyprus","EURO",8,1031,0,19
"2020-07-18","CY","Cyprus","EURO",0,1031,0,19
"2020-07-19","CY","Cyprus","EURO",6,1037,0,19
"2020-07-20","CY","Cyprus","EURO",1,1038,0,19
"2020-07-21","CY","Cyprus","EURO",0,1038,0,19
"2020-07-22","CY","Cyprus","EURO",2,1040,0,19
"2020-07-23","CY","Cyprus","EURO",0,1040,0,19
"2020-07-24","CY","Cyprus","EURO",5,1045,0,19
"2020-07-25","CY","Cyprus","EURO",2,1047,0,19
"2020-07-26","CY","Cyprus","EURO",6,1053,0,19
"2020-07-27","CY","Cyprus","EURO",4,1057,0,19
"2020-07-28","CY","Cyprus","EURO",3,1060,0,19
"2020-07-29","CY","Cyprus","EURO",7,1067,0,19
"2020-07-30","CY","Cyprus","EURO",13,1080,0,19
"2020-07-31","CY","Cyprus","EURO",4,1084,0,19
"2020-08-01","CY","Cyprus","EURO",30,1114,0,19
"2020-08-02","CY","Cyprus","EURO",10,1124,0,19
"2020-08-03","CY","Cyprus","EURO",26,1150,0,19
"2020-08-04","CY","Cyprus","EURO",5,1155,0,19
"2020-08-05","CY","Cyprus","EURO",25,1180,0,19
"2020-08-06","CY","Cyprus","EURO",15,1195,0,19
"2020-08-07","CY","Cyprus","EURO",13,1208,0,19
"2020-08-08","CY","Cyprus","EURO",14,1222,0,19
"2020-08-09","CY","Cyprus","EURO",11,1233,0,19
"2020-08-10","CY","Cyprus","EURO",9,1242,0,19
"2020-08-11","CY","Cyprus","EURO",10,1252,0,19
"2020-08-12","CY","Cyprus","EURO",25,1277,1,20
"2020-08-13","CY","Cyprus","EURO",14,1291,0,20
"2020-08-14","CY","Cyprus","EURO",14,1305,0,20
"2020-08-15","CY","Cyprus","EURO",13,1318,0,20
"2020-08-16","CY","Cyprus","EURO",14,1332,0,20
"2020-08-17","CY","Cyprus","EURO",0,1332,0,20
"2020-08-18","CY","Cyprus","EURO",19,1351,0,20
"2020-08-19","CY","Cyprus","EURO",8,1359,0,20
"2020-08-20","CY","Cyprus","EURO",26,1385,1,21
"2020-08-21","CY","Cyprus","EURO",10,1395,0,21
"2020-08-22","CY","Cyprus","EURO",11,1406,0,21
"2020-08-23","CY","Cyprus","EURO",11,1417,0,21
"2020-08-24","CY","Cyprus","EURO",4,1421,0,21
"2020-08-25","CY","Cyprus","EURO",30,1451,0,21
"2020-08-26","CY","Cyprus","EURO",23,1474,0,21
"2020-08-27","CY","Cyprus","EURO",7,1481,0,21
"2020-08-28","CY","Cyprus","EURO",0,1481,0,21
"2020-08-29","CY","Cyprus","EURO",0,1481,0,21
"2020-08-30","CY","Cyprus","EURO",2,1483,0,21
"2020-08-31","CY","Cyprus","EURO",4,1487,0,21
"2020-09-01","CY","Cyprus","EURO",1,1488,0,21
"2020-09-02","CY","Cyprus","EURO",2,1490,0,21
"2020-09-03","CY","Cyprus","EURO",5,1495,0,21
"2020-09-04","CY","Cyprus","EURO",3,1498,0,21
"2020-09-05","CY","Cyprus","EURO",0,1498,0,21
"2020-09-06","CY","Cyprus","EURO",9,1507,0,21
"2020-09-07","CY","Cyprus","EURO",2,1509,0,21
"2020-09-08","CY","Cyprus","EURO",1,1510,0,21
"2020-09-09","CY","Cyprus","EURO",1,1511,0,21
"2020-09-10","CY","Cyprus","EURO",3,1514,0,21
"2020-09-11","CY","Cyprus","EURO",3,1517,0,21
"2020-09-12","CY","Cyprus","EURO",3,1520,0,21
"2020-09-13","CY","Cyprus","EURO",3,1523,0,21
"2020-09-14","CY","Cyprus","EURO",3,1526,0,21
"2020-09-15","CY","Cyprus","EURO",8,1534,1,22
"2020-09-16","CY","Cyprus","EURO",6,1540,0,22
"2020-09-17","CY","Cyprus","EURO",8,1548,0,22
"2020-09-18","CY","Cyprus","EURO",10,1558,0,22
"2020-09-19","CY","Cyprus","EURO",7,1565,0,22
"2020-09-20","CY","Cyprus","EURO",15,1580,0,22
"2020-09-21","CY","Cyprus","EURO",20,1600,0,22
"2020-09-22","CY","Cyprus","EURO",3,1603,0,22
"2020-09-23","CY","Cyprus","EURO",15,1618,0,22
"2020-09-24","CY","Cyprus","EURO",36,1654,0,22
"2020-09-25","CY","Cyprus","EURO",9,1663,0,22
"2020-09-26","CY","Cyprus","EURO",8,1671,0,22
"2020-09-27","CY","Cyprus","EURO",13,1684,0,22
"2020-09-28","CY","Cyprus","EURO",12,1696,0,22
"2020-09-29","CY","Cyprus","EURO",17,1713,0,22
"2020-09-30","CY","Cyprus","EURO",30,1743,0,22
"2020-10-01","CY","Cyprus","EURO",12,1755,0,22
"2020-10-02","CY","Cyprus","EURO",17,1772,0,22
"2020-10-03","CY","Cyprus","EURO",17,1789,0,22
"2020-10-04","CY","Cyprus","EURO",22,1811,0,22
"2020-10-05","CY","Cyprus","EURO",13,1824,0,22
"2020-10-06","CY","Cyprus","EURO",23,1847,0,22
"2020-10-07","CY","Cyprus","EURO",29,1876,1,23
"2020-10-08","CY","Cyprus","EURO",21,1897,1,24
"2020-10-09","CY","Cyprus","EURO",21,1918,0,24
"2020-10-10","CY","Cyprus","EURO",33,1951,1,25
"2020-10-11","CY","Cyprus","EURO",35,1986,0,25
"2020-10-12","CY","Cyprus","EURO",0,1986,0,25
"2020-10-13","CY","Cyprus","EURO",61,2047,0,25
"2020-10-14","CY","Cyprus","EURO",0,2047,0,25
"2020-10-15","CY","Cyprus","EURO",83,2130,0,25
"2020-10-16","CY","Cyprus","EURO",51,2181,0,25
"2020-10-17","CY","Cyprus","EURO",198,2379,0,25
"2020-10-18","CY","Cyprus","EURO",0,2379,0,25
"2020-10-19","CY","Cyprus","EURO",265,2644,0,25
"2020-10-20","CY","Cyprus","EURO",43,2687,0,25
"2020-10-21","CY","Cyprus","EURO",152,2839,0,25
"2020-10-22","CY","Cyprus","EURO",127,2966,0,25
"2020-10-23","CY","Cyprus","EURO",188,3154,0,25
"2020-10-24","CY","Cyprus","EURO",160,3314,0,25
"2020-10-25","CY","Cyprus","EURO",130,3444,0,25
"2020-10-26","CY","Cyprus","EURO",101,3545,0,25
"2020-10-27","CY","Cyprus","EURO",91,3636,0,25
"2020-10-28","CY","Cyprus","EURO",181,3817,0,25
"2020-10-29","CY","Cyprus","EURO",0,3817,0,25
"2020-10-30","CY","Cyprus","EURO",234,4051,0,25
"2020-10-31","CY","Cyprus","EURO",166,4217,0,25
"2020-11-01","CY","Cyprus","EURO",149,4366,1,26
"2020-11-02","CY","Cyprus","EURO",197,4563,0,26
"2020-11-03","CY","Cyprus","EURO",197,4760,0,26
"2020-11-04","CY","Cyprus","EURO",174,4934,0,26
"2020-11-05","CY","Cyprus","EURO",166,5100,0,26
"2020-11-06","CY","Cyprus","EURO",233,5333,0,26
"2020-11-07","CY","Cyprus","EURO",224,5557,0,26
"2020-11-08","CY","Cyprus","EURO",314,5871,1,27
"2020-11-09","CY","Cyprus","EURO",116,5987,0,27
"2020-11-10","CY","Cyprus","EURO",111,6098,0,27
"2020-11-11","CY","Cyprus","EURO",198,6296,2,29
"2020-11-12","CY","Cyprus","EURO",165,6461,3,32
"2020-11-13","CY","Cyprus","EURO",185,6646,2,34
"2020-11-14","CY","Cyprus","EURO",207,6853,4,38
"2020-11-15","CY","Cyprus","EURO",198,7051,1,39
"2020-11-16","CY","Cyprus","EURO",127,7178,1,40
"2020-11-17","CY","Cyprus","EURO",107,7285,0,40
"2020-11-18","CY","Cyprus","EURO",228,7513,0,40
"2020-11-19","CY","Cyprus","EURO",198,7711,1,41
"2020-11-20","CY","Cyprus","EURO",268,7979,0,41
"2020-11-21","CY","Cyprus","EURO",232,8211,2,43
"2020-11-22","CY","Cyprus","EURO",245,8456,0,43
"2020-11-23","CY","Cyprus","EURO",187,8643,1,44
"2020-11-24","CY","Cyprus","EURO",304,8947,0,44
"2020-11-25","CY","Cyprus","EURO",252,9199,2,46
"2020-11-26","CY","Cyprus","EURO",254,9453,1,47
"2020-11-27","CY","Cyprus","EURO",220,9673,1,48
"2020-11-28","CY","Cyprus","EURO",310,9983,0,48
"2020-11-29","CY","Cyprus","EURO",248,10231,0,48
"2020-11-30","CY","Cyprus","EURO",152,10383,0,48
"2020-12-01","CY","Cyprus","EURO",182,10565,1,49
"2020-12-02","CY","Cyprus","EURO",318,10883,0,49
"2020-12-03","CY","Cyprus","EURO",292,11175,3,52
"2020-12-04","CY","Cyprus","EURO",348,11523,2,54
"2020-12-05","CY","Cyprus","EURO",289,11812,3,57
"2020-12-06","CY","Cyprus","EURO",369,12181,2,59
"2020-12-07","CY","Cyprus","EURO",270,12451,2,61
"2020-12-08","CY","Cyprus","EURO",416,12867,2,63
"2020-12-09","CY","Cyprus","EURO",419,13286,5,68
"2020-12-10","CY","Cyprus","EURO",363,13649,2,70
"2020-12-11","CY","Cyprus","EURO",403,14052,2,72
"2020-12-12","CY","Cyprus","EURO",424,14476,3,75
