"Fecha_de_reporte","Codigo_pais","Paises","Region","Casos_nuevos","Casos_acumulados","defunciones_nuevas","defunciones_acumuladas"
"2020-01-03","CZ","Czechia","EURO",0,0,0,0
"2020-01-04","CZ","Czechia","EURO",0,0,0,0
"2020-01-05","CZ","Czechia","EURO",0,0,0,0
"2020-01-06","CZ","Czechia","EURO",0,0,0,0
"2020-01-07","CZ","Czechia","EURO",0,0,0,0
"2020-01-08","CZ","Czechia","EURO",0,0,0,0
"2020-01-09","CZ","Czechia","EURO",0,0,0,0
"2020-01-10","CZ","Czechia","EURO",0,0,0,0
"2020-01-11","CZ","Czechia","EURO",0,0,0,0
"2020-01-12","CZ","Czechia","EURO",0,0,0,0
"2020-01-13","CZ","Czechia","EURO",0,0,0,0
"2020-01-14","CZ","Czechia","EURO",0,0,0,0
"2020-01-15","CZ","Czechia","EURO",0,0,0,0
"2020-01-16","CZ","Czechia","EURO",0,0,0,0
"2020-01-17","CZ","Czechia","EURO",0,0,0,0
"2020-01-18","CZ","Czechia","EURO",0,0,0,0
"2020-01-19","CZ","Czechia","EURO",0,0,0,0
"2020-01-20","CZ","Czechia","EURO",0,0,0,0
"2020-01-21","CZ","Czechia","EURO",0,0,0,0
"2020-01-22","CZ","Czechia","EURO",0,0,0,0
"2020-01-23","CZ","Czechia","EURO",0,0,0,0
"2020-01-24","CZ","Czechia","EURO",0,0,0,0
"2020-01-25","CZ","Czechia","EURO",0,0,0,0
"2020-01-26","CZ","Czechia","EURO",0,0,0,0
"2020-01-27","CZ","Czechia","EURO",0,0,0,0
"2020-01-28","CZ","Czechia","EURO",0,0,0,0
"2020-01-29","CZ","Czechia","EURO",0,0,0,0
"2020-01-30","CZ","Czechia","EURO",0,0,0,0
"2020-01-31","CZ","Czechia","EURO",0,0,0,0
"2020-02-01","CZ","Czechia","EURO",0,0,0,0
"2020-02-02","CZ","Czechia","EURO",0,0,0,0
"2020-02-03","CZ","Czechia","EURO",0,0,0,0
"2020-02-04","CZ","Czechia","EURO",0,0,0,0
"2020-02-05","CZ","Czechia","EURO",0,0,0,0
"2020-02-06","CZ","Czechia","EURO",0,0,0,0
"2020-02-07","CZ","Czechia","EURO",0,0,0,0
"2020-02-08","CZ","Czechia","EURO",0,0,0,0
"2020-02-09","CZ","Czechia","EURO",0,0,0,0
"2020-02-10","CZ","Czechia","EURO",0,0,0,0
"2020-02-11","CZ","Czechia","EURO",0,0,0,0
"2020-02-12","CZ","Czechia","EURO",0,0,0,0
"2020-02-13","CZ","Czechia","EURO",0,0,0,0
"2020-02-14","CZ","Czechia","EURO",0,0,0,0
"2020-02-15","CZ","Czechia","EURO",0,0,0,0
"2020-02-16","CZ","Czechia","EURO",0,0,0,0
"2020-02-17","CZ","Czechia","EURO",0,0,0,0
"2020-02-18","CZ","Czechia","EURO",0,0,0,0
"2020-02-19","CZ","Czechia","EURO",0,0,0,0
"2020-02-20","CZ","Czechia","EURO",0,0,0,0
"2020-02-21","CZ","Czechia","EURO",0,0,0,0
"2020-02-22","CZ","Czechia","EURO",0,0,0,0
"2020-02-23","CZ","Czechia","EURO",0,0,0,0
"2020-02-24","CZ","Czechia","EURO",0,0,0,0
"2020-02-25","CZ","Czechia","EURO",0,0,0,0
"2020-02-26","CZ","Czechia","EURO",0,0,0,0
"2020-02-27","CZ","Czechia","EURO",0,0,0,0
"2020-02-28","CZ","Czechia","EURO",0,0,0,0
"2020-02-29","CZ","Czechia","EURO",0,0,0,0
"2020-03-01","CZ","Czechia","EURO",0,0,0,0
"2020-03-02","CZ","Czechia","EURO",3,3,0,0
"2020-03-03","CZ","Czechia","EURO",2,5,0,0
"2020-03-04","CZ","Czechia","EURO",0,5,0,0
"2020-03-05","CZ","Czechia","EURO",3,8,0,0
"2020-03-06","CZ","Czechia","EURO",4,12,0,0
"2020-03-07","CZ","Czechia","EURO",7,19,0,0
"2020-03-08","CZ","Czechia","EURO",7,26,0,0
"2020-03-09","CZ","Czechia","EURO",6,32,0,0
"2020-03-10","CZ","Czechia","EURO",8,40,0,0
"2020-03-11","CZ","Czechia","EURO",23,63,0,0
"2020-03-12","CZ","Czechia","EURO",31,94,0,0
"2020-03-13","CZ","Czechia","EURO",22,116,0,0
"2020-03-14","CZ","Czechia","EURO",34,150,0,0
"2020-03-15","CZ","Czechia","EURO",64,214,0,0
"2020-03-16","CZ","Czechia","EURO",84,298,0,0
"2020-03-17","CZ","Czechia","EURO",46,344,0,0
"2020-03-18","CZ","Czechia","EURO",90,434,0,0
"2020-03-19","CZ","Czechia","EURO",88,522,0,0
"2020-03-20","CZ","Czechia","EURO",172,694,0,0
"2020-03-21","CZ","Czechia","EURO",210,904,0,0
"2020-03-22","CZ","Czechia","EURO",91,995,0,0
"2020-03-23","CZ","Czechia","EURO",170,1165,1,1
"2020-03-24","CZ","Czechia","EURO",71,1236,0,1
"2020-03-25","CZ","Czechia","EURO",158,1394,2,3
"2020-03-26","CZ","Czechia","EURO",260,1654,3,6
"2020-03-27","CZ","Czechia","EURO",408,2062,3,9
"2020-03-28","CZ","Czechia","EURO",217,2279,0,9
"2020-03-29","CZ","Czechia","EURO",384,2663,2,11
"2020-03-30","CZ","Czechia","EURO",166,2829,5,16
"2020-03-31","CZ","Czechia","EURO",173,3002,8,24
"2020-04-01","CZ","Czechia","EURO",306,3308,7,31
"2020-04-02","CZ","Czechia","EURO",281,3589,8,39
"2020-04-03","CZ","Czechia","EURO",269,3858,5,44
"2020-04-04","CZ","Czechia","EURO",332,4190,9,53
"2020-04-05","CZ","Czechia","EURO",282,4472,6,59
"2020-04-06","CZ","Czechia","EURO",115,4587,8,67
"2020-04-07","CZ","Czechia","EURO",235,4822,11,78
"2020-04-08","CZ","Czechia","EURO",195,5017,10,88
"2020-04-09","CZ","Czechia","EURO",295,5312,11,99
"2020-04-10","CZ","Czechia","EURO",257,5569,13,112
"2020-04-11","CZ","Czechia","EURO",163,5732,7,119
"2020-04-12","CZ","Czechia","EURO",170,5902,10,129
"2020-04-13","CZ","Czechia","EURO",89,5991,9,138
"2020-04-14","CZ","Czechia","EURO",68,6059,5,143
"2020-04-15","CZ","Czechia","EURO",82,6141,18,161
"2020-04-16","CZ","Czechia","EURO",162,6303,5,166
"2020-04-17","CZ","Czechia","EURO",130,6433,3,169
"2020-04-18","CZ","Czechia","EURO",116,6549,4,173
"2020-04-19","CZ","Czechia","EURO",105,6654,8,181
"2020-04-20","CZ","Czechia","EURO",133,6787,7,188
"2020-04-21","CZ","Czechia","EURO",127,6914,8,196
"2020-04-22","CZ","Czechia","EURO",127,7041,5,201
"2020-04-23","CZ","Czechia","EURO",95,7136,9,210
"2020-04-24","CZ","Czechia","EURO",52,7188,3,213
"2020-04-25","CZ","Czechia","EURO",85,7273,2,215
"2020-04-26","CZ","Czechia","EURO",79,7352,3,218
"2020-04-27","CZ","Czechia","EURO",52,7404,3,221
"2020-04-28","CZ","Czechia","EURO",45,7449,2,223
"2020-04-29","CZ","Czechia","EURO",55,7504,4,227
"2020-04-30","CZ","Czechia","EURO",75,7579,0,227
"2020-05-01","CZ","Czechia","EURO",103,7682,9,236
"2020-05-02","CZ","Czechia","EURO",55,7737,4,240
"2020-05-03","CZ","Czechia","EURO",18,7755,5,245
"2020-05-04","CZ","Czechia","EURO",26,7781,3,248
"2020-05-05","CZ","Czechia","EURO",38,7819,4,252
"2020-05-06","CZ","Czechia","EURO",77,7896,5,257
"2020-05-07","CZ","Czechia","EURO",78,7974,5,262
"2020-05-08","CZ","Czechia","EURO",57,8031,8,270
"2020-05-09","CZ","Czechia","EURO",46,8077,3,273
"2020-05-10","CZ","Czechia","EURO",18,8095,3,276
"2020-05-11","CZ","Czechia","EURO",28,8123,4,280
"2020-05-12","CZ","Czechia","EURO",53,8176,2,282
"2020-05-13","CZ","Czechia","EURO",45,8221,1,283
"2020-05-14","CZ","Czechia","EURO",48,8269,7,290
"2020-05-15","CZ","Czechia","EURO",82,8351,3,293
"2020-05-16","CZ","Czechia","EURO",55,8406,2,295
"2020-05-17","CZ","Czechia","EURO",49,8455,1,296
"2020-05-18","CZ","Czechia","EURO",20,8475,1,297
"2020-05-19","CZ","Czechia","EURO",111,8586,0,297
"2020-05-20","CZ","Czechia","EURO",61,8647,5,302
"2020-05-21","CZ","Czechia","EURO",74,8721,2,304
"2020-05-22","CZ","Czechia","EURO",33,8754,2,306
"2020-05-23","CZ","Czechia","EURO",59,8813,6,312
"2020-05-24","CZ","Czechia","EURO",77,8890,2,314
"2020-05-25","CZ","Czechia","EURO",67,8957,1,315
"2020-05-26","CZ","Czechia","EURO",47,9004,2,317
"2020-05-27","CZ","Czechia","EURO",46,9050,0,317
"2020-05-28","CZ","Czechia","EURO",36,9086,0,317
"2020-05-29","CZ","Czechia","EURO",54,9140,2,319
"2020-05-30","CZ","Czechia","EURO",56,9196,0,319
"2020-05-31","CZ","Czechia","EURO",34,9230,0,319
"2020-06-01","CZ","Czechia","EURO",43,9273,1,320
"2020-06-02","CZ","Czechia","EURO",29,9302,1,321
"2020-06-03","CZ","Czechia","EURO",62,9364,2,323
"2020-06-04","CZ","Czechia","EURO",74,9438,1,324
"2020-06-05","CZ","Czechia","EURO",56,9494,2,326
"2020-06-06","CZ","Czechia","EURO",35,9529,1,327
"2020-06-07","CZ","Czechia","EURO",38,9567,0,327
"2020-06-08","CZ","Czechia","EURO",61,9628,0,327
"2020-06-09","CZ","Czechia","EURO",69,9697,1,328
"2020-06-10","CZ","Czechia","EURO",54,9751,0,328
"2020-06-11","CZ","Czechia","EURO",73,9824,0,328
"2020-06-12","CZ","Czechia","EURO",62,9886,1,329
"2020-06-13","CZ","Czechia","EURO",52,9938,0,329
"2020-06-14","CZ","Czechia","EURO",53,9991,0,329
"2020-06-15","CZ","Czechia","EURO",33,10024,0,329
"2020-06-16","CZ","Czechia","EURO",40,10064,1,330
"2020-06-17","CZ","Czechia","EURO",47,10111,1,331
"2020-06-18","CZ","Czechia","EURO",51,10162,2,333
"2020-06-19","CZ","Czechia","EURO",68,10230,1,334
"2020-06-20","CZ","Czechia","EURO",176,10406,1,335
"2020-06-21","CZ","Czechia","EURO",42,10448,1,336
"2020-06-22","CZ","Czechia","EURO",50,10498,0,336
"2020-06-23","CZ","Czechia","EURO",63,10561,0,336
"2020-06-24","CZ","Czechia","EURO",89,10650,3,339
"2020-06-25","CZ","Czechia","EURO",127,10777,4,343
"2020-06-26","CZ","Czechia","EURO",93,10870,2,345
"2020-06-27","CZ","Czechia","EURO",168,11038,0,345
"2020-06-28","CZ","Czechia","EURO",260,11298,2,347
"2020-06-29","CZ","Czechia","EURO",305,11603,1,348
"2020-06-30","CZ","Czechia","EURO",202,11805,0,348
"2020-07-01","CZ","Czechia","EURO",149,11954,1,349
"2020-07-02","CZ","Czechia","EURO",92,12046,0,349
"2020-07-03","CZ","Czechia","EURO",132,12178,2,351
"2020-07-04","CZ","Czechia","EURO",141,12319,1,352
"2020-07-05","CZ","Czechia","EURO",121,12440,-1,351
"2020-07-06","CZ","Czechia","EURO",75,12515,-3,348
"2020-07-07","CZ","Czechia","EURO",51,12566,2,350
"2020-07-08","CZ","Czechia","EURO",119,12685,1,351
"2020-07-09","CZ","Czechia","EURO",129,12814,0,351
"2020-07-10","CZ","Czechia","EURO",105,12919,1,352
"2020-07-11","CZ","Czechia","EURO",143,13062,0,352
"2020-07-12","CZ","Czechia","EURO",53,13115,0,352
"2020-07-13","CZ","Czechia","EURO",59,13174,0,352
"2020-07-14","CZ","Czechia","EURO",64,13238,1,353
"2020-07-15","CZ","Czechia","EURO",103,13341,2,355
"2020-07-16","CZ","Czechia","EURO",134,13475,0,355
"2020-07-17","CZ","Czechia","EURO",137,13612,0,355
"2020-07-18","CZ","Czechia","EURO",130,13742,3,358
"2020-07-19","CZ","Czechia","EURO",113,13855,0,358
"2020-07-20","CZ","Czechia","EURO",90,13945,1,359
"2020-07-21","CZ","Czechia","EURO",153,14098,0,359
"2020-07-22","CZ","Czechia","EURO",226,14324,1,360
"2020-07-23","CZ","Czechia","EURO",246,14570,4,364
"2020-07-24","CZ","Czechia","EURO",230,14800,1,365
"2020-07-25","CZ","Czechia","EURO",281,15081,3,368
"2020-07-26","CZ","Czechia","EURO",131,15212,0,368
"2020-07-27","CZ","Czechia","EURO",112,15324,3,371
"2020-07-28","CZ","Czechia","EURO",192,15516,2,373
"2020-07-29","CZ","Czechia","EURO",283,15799,0,373
"2020-07-30","CZ","Czechia","EURO",294,16093,1,374
"2020-07-31","CZ","Czechia","EURO",249,16342,5,379
"2020-08-01","CZ","Czechia","EURO",232,16574,3,382
"2020-08-02","CZ","Czechia","EURO",125,16699,1,383
"2020-08-03","CZ","Czechia","EURO",101,16800,0,383
"2020-08-04","CZ","Czechia","EURO",208,17008,0,383
"2020-08-05","CZ","Czechia","EURO",278,17286,0,383
"2020-08-06","CZ","Czechia","EURO",243,17529,5,388
"2020-08-07","CZ","Czechia","EURO",211,17740,1,389
"2020-08-08","CZ","Czechia","EURO",320,18060,0,389
"2020-08-09","CZ","Czechia","EURO",175,18235,0,389
"2020-08-10","CZ","Czechia","EURO",120,18355,0,389
"2020-08-11","CZ","Czechia","EURO",139,18494,0,389
"2020-08-12","CZ","Czechia","EURO",289,18783,2,391
"2020-08-13","CZ","Czechia","EURO",292,19075,0,391
"2020-08-14","CZ","Czechia","EURO",326,19401,0,391
"2020-08-15","CZ","Czechia","EURO",292,19693,3,394
"2020-08-16","CZ","Czechia","EURO",198,19891,1,395
"2020-08-17","CZ","Czechia","EURO",121,20012,2,397
"2020-08-18","CZ","Czechia","EURO",190,20202,2,399
"2020-08-19","CZ","Czechia","EURO",281,20483,2,401
"2020-08-20","CZ","Czechia","EURO",315,20798,3,404
"2020-08-21","CZ","Czechia","EURO",247,21045,2,406
"2020-08-22","CZ","Czechia","EURO",506,21551,5,411
"2020-08-23","CZ","Czechia","EURO",239,21790,0,411
"2020-08-24","CZ","Czechia","EURO",133,21923,1,412
"2020-08-25","CZ","Czechia","EURO",258,22181,3,415
"2020-08-26","CZ","Czechia","EURO",367,22548,1,416
"2020-08-27","CZ","Czechia","EURO",403,22951,2,418
"2020-08-28","CZ","Czechia","EURO",349,23300,0,418
"2020-08-29","CZ","Czechia","EURO",477,23777,1,419
"2020-08-30","CZ","Czechia","EURO",317,24094,2,421
"2020-08-31","CZ","Czechia","EURO",273,24367,2,423
"2020-09-01","CZ","Czechia","EURO",251,24618,1,424
"2020-09-02","CZ","Czechia","EURO",499,25117,1,425
"2020-09-03","CZ","Czechia","EURO",656,25773,0,425
"2020-09-04","CZ","Czechia","EURO",679,26452,1,426
"2020-09-05","CZ","Czechia","EURO",797,27249,3,429
"2020-09-06","CZ","Czechia","EURO",503,27752,2,431
"2020-09-07","CZ","Czechia","EURO",404,28156,5,436
"2020-09-08","CZ","Czechia","EURO",560,28716,1,437
"2020-09-09","CZ","Czechia","EURO",1161,29877,4,441
"2020-09-10","CZ","Czechia","EURO",1159,31036,3,444
"2020-09-11","CZ","Czechia","EURO",1377,32413,4,448
"2020-09-12","CZ","Czechia","EURO",1447,33860,2,450
"2020-09-13","CZ","Czechia","EURO",1541,35401,3,453
"2020-09-14","CZ","Czechia","EURO",787,36188,3,456
"2020-09-15","CZ","Czechia","EURO",1034,37222,9,465
"2020-09-16","CZ","Czechia","EURO",1674,38896,11,476
"2020-09-17","CZ","Czechia","EURO",2136,41032,6,482
"2020-09-18","CZ","Czechia","EURO",3123,44155,7,489
"2020-09-19","CZ","Czechia","EURO",2107,46262,6,495
"2020-09-20","CZ","Czechia","EURO",2044,48306,4,499
"2020-09-21","CZ","Czechia","EURO",934,49240,4,503
"2020-09-22","CZ","Czechia","EURO",1524,50764,19,522
"2020-09-23","CZ","Czechia","EURO",2394,53158,9,531
"2020-09-24","CZ","Czechia","EURO",2306,55464,24,555
"2020-09-25","CZ","Czechia","EURO",2910,58374,12,567
"2020-09-26","CZ","Czechia","EURO",2944,61318,14,581
"2020-09-27","CZ","Czechia","EURO",1976,63294,10,591
"2020-09-28","CZ","Czechia","EURO",1303,64597,15,606
"2020-09-29","CZ","Czechia","EURO",1286,65883,12,618
"2020-09-30","CZ","Czechia","EURO",1960,67843,18,636
"2020-10-01","CZ","Czechia","EURO",1076,68919,19,655
"2020-10-02","CZ","Czechia","EURO",5336,74255,23,678
"2020-10-03","CZ","Czechia","EURO",3796,78051,21,699
"2020-10-04","CZ","Czechia","EURO",2554,80605,12,711
"2020-10-05","CZ","Czechia","EURO",1841,82446,16,727
"2020-10-06","CZ","Czechia","EURO",3120,85566,31,758
"2020-10-07","CZ","Czechia","EURO",4456,90022,36,794
"2020-10-08","CZ","Czechia","EURO",5338,95360,35,829
"2020-10-09","CZ","Czechia","EURO",5397,100757,40,869
"2020-10-10","CZ","Czechia","EURO",8617,109374,36,905
"2020-10-11","CZ","Czechia","EURO",4633,114007,90,995
"2020-10-12","CZ","Czechia","EURO",3103,117110,39,1034
"2020-10-13","CZ","Czechia","EURO",4311,121421,17,1051
"2020-10-14","CZ","Czechia","EURO",8326,129747,55,1106
"2020-10-15","CZ","Czechia","EURO",9543,139290,66,1172
"2020-10-16","CZ","Czechia","EURO",9720,149010,58,1230
"2020-10-17","CZ","Czechia","EURO",11102,160112,53,1283
"2020-10-18","CZ","Czechia","EURO",8715,168827,69,1352
"2020-10-19","CZ","Czechia","EURO",5058,173885,70,1422
"2020-10-20","CZ","Czechia","EURO",8077,181962,91,1513
"2020-10-21","CZ","Czechia","EURO",11984,193946,106,1619
"2020-10-22","CZ","Czechia","EURO",14969,208915,120,1739
"2020-10-23","CZ","Czechia","EURO",14150,223065,106,1845
"2020-10-24","CZ","Czechia","EURO",15258,238323,126,1971
"2020-10-25","CZ","Czechia","EURO",12474,250797,106,2077
"2020-10-26","CZ","Czechia","EURO",7300,258097,124,2201
"2020-10-27","CZ","Czechia","EURO",10273,268370,164,2365
"2020-10-28","CZ","Czechia","EURO",15663,284033,182,2547
"2020-10-29","CZ","Czechia","EURO",12980,297013,128,2675
"2020-10-30","CZ","Czechia","EURO",13055,310068,187,2862
"2020-10-31","CZ","Czechia","EURO",13605,323673,216,3078
"2020-11-01","CZ","Czechia","EURO",11429,335102,173,3251
"2020-11-02","CZ","Czechia","EURO",6542,341644,178,3429
"2020-11-03","CZ","Czechia","EURO",9252,350896,225,3654
"2020-11-04","CZ","Czechia","EURO",12089,362985,259,3913
"2020-11-05","CZ","Czechia","EURO",15731,378716,220,4133
"2020-11-06","CZ","Czechia","EURO",13229,391945,197,4330
"2020-11-07","CZ","Czechia","EURO",11552,403497,196,4526
"2020-11-08","CZ","Czechia","EURO",7723,411220,155,4681
"2020-11-09","CZ","Czechia","EURO",3608,414828,177,4858
"2020-11-10","CZ","Czechia","EURO",6047,420875,216,5074
"2020-11-11","CZ","Czechia","EURO",9005,429880,249,5323
"2020-11-12","CZ","Czechia","EURO",8925,438805,247,5570
"2020-11-13","CZ","Czechia","EURO",7870,446675,185,5755
"2020-11-14","CZ","Czechia","EURO",7355,454030,171,5926
"2020-11-15","CZ","Czechia","EURO",4199,458229,132,6058
"2020-11-16","CZ","Czechia","EURO",1887,460116,150,6208
"2020-11-17","CZ","Czechia","EURO",5407,465523,208,6416
"2020-11-18","CZ","Czechia","EURO",4246,469769,142,6558
"2020-11-19","CZ","Czechia","EURO",5515,475284,182,6740
"2020-11-20","CZ","Czechia","EURO",6471,481755,134,6874
"2020-11-21","CZ","Czechia","EURO",5808,487563,147,7021
"2020-11-22","CZ","Czechia","EURO",3187,490750,74,7095
"2020-11-23","CZ","Czechia","EURO",1513,492263,101,7196
"2020-11-24","CZ","Czechia","EURO",4375,496638,164,7360
"2020-11-25","CZ","Czechia","EURO",5896,502534,139,7499
"2020-11-26","CZ","Czechia","EURO",2681,505215,112,7611
"2020-11-27","CZ","Czechia","EURO",6305,511520,168,7779
"2020-11-28","CZ","Czechia","EURO",4464,515984,188,7967
"2020-11-29","CZ","Czechia","EURO",2665,518649,87,8054
"2020-11-30","CZ","Czechia","EURO",1074,519723,84,8138
"2020-12-01","CZ","Czechia","EURO",3575,523298,157,8295
"2020-12-02","CZ","Czechia","EURO",5176,528474,112,8407
"2020-12-03","CZ","Czechia","EURO",4568,533042,108,8515
"2020-12-04","CZ","Czechia","EURO",4621,537663,126,8641
"2020-12-05","CZ","Czechia","EURO",4743,542406,97,8738
"2020-12-06","CZ","Czechia","EURO",1773,544179,77,8815
"2020-12-07","CZ","Czechia","EURO",2654,546833,87,8902
"2020-12-08","CZ","Czechia","EURO",4237,551070,134,9036
"2020-12-09","CZ","Czechia","EURO",5857,556927,100,9136
"2020-12-10","CZ","Czechia","EURO",6406,563333,90,9226
"2020-12-11","CZ","Czechia","EURO",5872,569205,115,9341
"2020-12-12","CZ","Czechia","EURO",6217,575422,109,9450
