"Fecha_de_reporte","Codigo_pais","Paises","Region","Casos_nuevos","Casos_acumulados","defunciones_nuevas","defunciones_acumuladas"
"2020-01-03","DO","Dominican Republic","AMRO",0,0,0,0
"2020-01-04","DO","Dominican Republic","AMRO",0,0,0,0
"2020-01-05","DO","Dominican Republic","AMRO",0,0,0,0
"2020-01-06","DO","Dominican Republic","AMRO",0,0,0,0
"2020-01-07","DO","Dominican Republic","AMRO",0,0,0,0
"2020-01-08","DO","Dominican Republic","AMRO",0,0,0,0
"2020-01-09","DO","Dominican Republic","AMRO",0,0,0,0
"2020-01-10","DO","Dominican Republic","AMRO",0,0,0,0
"2020-01-11","DO","Dominican Republic","AMRO",0,0,0,0
"2020-01-12","DO","Dominican Republic","AMRO",0,0,0,0
"2020-01-13","DO","Dominican Republic","AMRO",0,0,0,0
"2020-01-14","DO","Dominican Republic","AMRO",0,0,0,0
"2020-01-15","DO","Dominican Republic","AMRO",0,0,0,0
"2020-01-16","DO","Dominican Republic","AMRO",0,0,0,0
"2020-01-17","DO","Dominican Republic","AMRO",0,0,0,0
"2020-01-18","DO","Dominican Republic","AMRO",0,0,0,0
"2020-01-19","DO","Dominican Republic","AMRO",0,0,0,0
"2020-01-20","DO","Dominican Republic","AMRO",0,0,0,0
"2020-01-21","DO","Dominican Republic","AMRO",0,0,0,0
"2020-01-22","DO","Dominican Republic","AMRO",0,0,0,0
"2020-01-23","DO","Dominican Republic","AMRO",0,0,0,0
"2020-01-24","DO","Dominican Republic","AMRO",0,0,0,0
"2020-01-25","DO","Dominican Republic","AMRO",0,0,0,0
"2020-01-26","DO","Dominican Republic","AMRO",0,0,0,0
"2020-01-27","DO","Dominican Republic","AMRO",0,0,0,0
"2020-01-28","DO","Dominican Republic","AMRO",0,0,0,0
"2020-01-29","DO","Dominican Republic","AMRO",0,0,0,0
"2020-01-30","DO","Dominican Republic","AMRO",0,0,0,0
"2020-01-31","DO","Dominican Republic","AMRO",0,0,0,0
"2020-02-01","DO","Dominican Republic","AMRO",0,0,0,0
"2020-02-02","DO","Dominican Republic","AMRO",0,0,0,0
"2020-02-03","DO","Dominican Republic","AMRO",0,0,0,0
"2020-02-04","DO","Dominican Republic","AMRO",0,0,0,0
"2020-02-05","DO","Dominican Republic","AMRO",0,0,0,0
"2020-02-06","DO","Dominican Republic","AMRO",0,0,0,0
"2020-02-07","DO","Dominican Republic","AMRO",0,0,0,0
"2020-02-08","DO","Dominican Republic","AMRO",0,0,0,0
"2020-02-09","DO","Dominican Republic","AMRO",0,0,0,0
"2020-02-10","DO","Dominican Republic","AMRO",0,0,0,0
"2020-02-11","DO","Dominican Republic","AMRO",0,0,0,0
"2020-02-12","DO","Dominican Republic","AMRO",0,0,0,0
"2020-02-13","DO","Dominican Republic","AMRO",0,0,0,0
"2020-02-14","DO","Dominican Republic","AMRO",0,0,0,0
"2020-02-15","DO","Dominican Republic","AMRO",0,0,0,0
"2020-02-16","DO","Dominican Republic","AMRO",0,0,0,0
"2020-02-17","DO","Dominican Republic","AMRO",0,0,0,0
"2020-02-18","DO","Dominican Republic","AMRO",0,0,0,0
"2020-02-19","DO","Dominican Republic","AMRO",0,0,0,0
"2020-02-20","DO","Dominican Republic","AMRO",0,0,0,0
"2020-02-21","DO","Dominican Republic","AMRO",0,0,0,0
"2020-02-22","DO","Dominican Republic","AMRO",0,0,0,0
"2020-02-23","DO","Dominican Republic","AMRO",0,0,0,0
"2020-02-24","DO","Dominican Republic","AMRO",0,0,0,0
"2020-02-25","DO","Dominican Republic","AMRO",0,0,0,0
"2020-02-26","DO","Dominican Republic","AMRO",0,0,0,0
"2020-02-27","DO","Dominican Republic","AMRO",0,0,0,0
"2020-02-28","DO","Dominican Republic","AMRO",0,0,0,0
"2020-02-29","DO","Dominican Republic","AMRO",0,0,0,0
"2020-03-01","DO","Dominican Republic","AMRO",0,0,0,0
"2020-03-02","DO","Dominican Republic","AMRO",5,5,0,0
"2020-03-03","DO","Dominican Republic","AMRO",0,5,0,0
"2020-03-04","DO","Dominican Republic","AMRO",0,5,0,0
"2020-03-05","DO","Dominican Republic","AMRO",0,5,0,0
"2020-03-06","DO","Dominican Republic","AMRO",0,5,0,0
"2020-03-07","DO","Dominican Republic","AMRO",0,5,0,0
"2020-03-08","DO","Dominican Republic","AMRO",0,5,0,0
"2020-03-09","DO","Dominican Republic","AMRO",0,5,0,0
"2020-03-10","DO","Dominican Republic","AMRO",4,9,0,0
"2020-03-11","DO","Dominican Republic","AMRO",0,9,0,0
"2020-03-12","DO","Dominican Republic","AMRO",0,9,0,0
"2020-03-13","DO","Dominican Republic","AMRO",0,9,0,0
"2020-03-14","DO","Dominican Republic","AMRO",0,9,0,0
"2020-03-15","DO","Dominican Republic","AMRO",0,9,0,0
"2020-03-16","DO","Dominican Republic","AMRO",0,9,0,0
"2020-03-17","DO","Dominican Republic","AMRO",16,25,1,1
"2020-03-18","DO","Dominican Republic","AMRO",0,25,0,1
"2020-03-19","DO","Dominican Republic","AMRO",9,34,1,2
"2020-03-20","DO","Dominican Republic","AMRO",38,72,0,2
"2020-03-21","DO","Dominican Republic","AMRO",0,72,0,2
"2020-03-22","DO","Dominican Republic","AMRO",0,72,0,2
"2020-03-23","DO","Dominican Republic","AMRO",0,72,0,2
"2020-03-24","DO","Dominican Republic","AMRO",240,312,4,6
"2020-03-25","DO","Dominican Republic","AMRO",0,312,0,6
"2020-03-26","DO","Dominican Republic","AMRO",176,488,4,10
"2020-03-27","DO","Dominican Republic","AMRO",0,488,0,10
"2020-03-28","DO","Dominican Republic","AMRO",93,581,10,20
"2020-03-29","DO","Dominican Republic","AMRO",0,581,0,20
"2020-03-30","DO","Dominican Republic","AMRO",0,581,0,20
"2020-03-31","DO","Dominican Republic","AMRO",320,901,22,42
"2020-04-01","DO","Dominican Republic","AMRO",208,1109,9,51
"2020-04-02","DO","Dominican Republic","AMRO",175,1284,6,57
"2020-04-03","DO","Dominican Republic","AMRO",96,1380,3,60
"2020-04-04","DO","Dominican Republic","AMRO",108,1488,8,68
"2020-04-05","DO","Dominican Republic","AMRO",0,1488,0,68
"2020-04-06","DO","Dominican Republic","AMRO",0,1488,0,68
"2020-04-07","DO","Dominican Republic","AMRO",340,1828,18,86
"2020-04-08","DO","Dominican Republic","AMRO",128,1956,12,98
"2020-04-09","DO","Dominican Republic","AMRO",0,1956,0,98
"2020-04-10","DO","Dominican Republic","AMRO",393,2349,20,118
"2020-04-11","DO","Dominican Republic","AMRO",0,2349,0,118
"2020-04-12","DO","Dominican Republic","AMRO",271,2620,8,126
"2020-04-13","DO","Dominican Republic","AMRO",347,2967,47,173
"2020-04-14","DO","Dominican Republic","AMRO",200,3167,4,177
"2020-04-15","DO","Dominican Republic","AMRO",119,3286,6,183
"2020-04-16","DO","Dominican Republic","AMRO",328,3614,6,189
"2020-04-17","DO","Dominican Republic","AMRO",141,3755,7,196
"2020-04-18","DO","Dominican Republic","AMRO",371,4126,4,200
"2020-04-19","DO","Dominican Republic","AMRO",209,4335,17,217
"2020-04-20","DO","Dominican Republic","AMRO",345,4680,9,226
"2020-04-21","DO","Dominican Republic","AMRO",284,4964,9,235
"2020-04-22","DO","Dominican Republic","AMRO",80,5044,10,245
"2020-04-23","DO","Dominican Republic","AMRO",256,5300,15,260
"2020-04-24","DO","Dominican Republic","AMRO",243,5543,5,265
"2020-04-25","DO","Dominican Republic","AMRO",206,5749,2,267
"2020-04-26","DO","Dominican Republic","AMRO",177,5926,6,273
"2020-04-27","DO","Dominican Republic","AMRO",209,6135,5,278
"2020-04-28","DO","Dominican Republic","AMRO",158,6293,4,282
"2020-04-29","DO","Dominican Republic","AMRO",123,6416,4,286
"2020-04-30","DO","Dominican Republic","AMRO",236,6652,7,293
"2020-05-01","DO","Dominican Republic","AMRO",320,6972,8,301
"2020-05-02","DO","Dominican Republic","AMRO",316,7288,12,313
"2020-05-03","DO","Dominican Republic","AMRO",290,7578,13,326
"2020-05-04","DO","Dominican Republic","AMRO",376,7954,7,333
"2020-05-05","DO","Dominican Republic","AMRO",281,8235,13,346
"2020-05-06","DO","Dominican Republic","AMRO",245,8480,8,354
"2020-05-07","DO","Dominican Republic","AMRO",327,8807,8,362
"2020-05-08","DO","Dominican Republic","AMRO",288,9095,11,373
"2020-05-09","DO","Dominican Republic","AMRO",281,9376,7,380
"2020-05-10","DO","Dominican Republic","AMRO",506,9882,5,385
"2020-05-11","DO","Dominican Republic","AMRO",465,10347,3,388
"2020-05-12","DO","Dominican Republic","AMRO",287,10634,5,393
"2020-05-13","DO","Dominican Republic","AMRO",266,10900,9,402
"2020-05-14","DO","Dominican Republic","AMRO",296,11196,7,409
"2020-05-15","DO","Dominican Republic","AMRO",124,11320,13,422
"2020-05-16","DO","Dominican Republic","AMRO",419,11739,2,424
"2020-05-17","DO","Dominican Republic","AMRO",371,12110,4,428
"2020-05-18","DO","Dominican Republic","AMRO",204,12314,0,428
"2020-05-19","DO","Dominican Republic","AMRO",411,12725,6,434
"2020-05-20","DO","Dominican Republic","AMRO",498,13223,7,441
"2020-05-21","DO","Dominican Republic","AMRO",254,13477,5,446
"2020-05-22","DO","Dominican Republic","AMRO",180,13657,2,448
"2020-05-23","DO","Dominican Republic","AMRO",332,13989,8,456
"2020-05-24","DO","Dominican Republic","AMRO",433,14422,2,458
"2020-05-25","DO","Dominican Republic","AMRO",379,14801,0,458
"2020-05-26","DO","Dominican Republic","AMRO",272,15073,2,460
"2020-05-27","DO","Dominican Republic","AMRO",191,15264,8,468
"2020-05-28","DO","Dominican Republic","AMRO",459,15723,6,474
"2020-05-29","DO","Dominican Republic","AMRO",345,16068,11,485
"2020-05-30","DO","Dominican Republic","AMRO",463,16531,3,488
"2020-05-31","DO","Dominican Republic","AMRO",377,16908,10,498
"2020-06-01","DO","Dominican Republic","AMRO",377,17285,4,502
"2020-06-02","DO","Dominican Republic","AMRO",287,17572,0,502
"2020-06-03","DO","Dominican Republic","AMRO",180,17752,13,515
"2020-06-04","DO","Dominican Republic","AMRO",288,18040,1,516
"2020-06-05","DO","Dominican Republic","AMRO",279,18319,4,520
"2020-06-06","DO","Dominican Republic","AMRO",389,18708,5,525
"2020-06-07","DO","Dominican Republic","AMRO",487,19195,11,536
"2020-06-08","DO","Dominican Republic","AMRO",405,19600,2,538
"2020-06-09","DO","Dominican Republic","AMRO",526,20126,1,539
"2020-06-10","DO","Dominican Republic","AMRO",289,20415,5,544
"2020-06-11","DO","Dominican Republic","AMRO",393,20808,6,550
"2020-06-12","DO","Dominican Republic","AMRO",629,21437,11,561
"2020-06-13","DO","Dominican Republic","AMRO",571,22008,7,568
"2020-06-14","DO","Dominican Republic","AMRO",564,22572,9,577
"2020-06-15","DO","Dominican Republic","AMRO",390,22962,15,592
"2020-06-16","DO","Dominican Republic","AMRO",309,23271,13,605
"2020-06-17","DO","Dominican Republic","AMRO",415,23686,10,615
"2020-06-18","DO","Dominican Republic","AMRO",419,24105,18,633
"2020-06-19","DO","Dominican Republic","AMRO",540,24645,2,635
"2020-06-20","DO","Dominican Republic","AMRO",423,25068,12,647
"2020-06-21","DO","Dominican Republic","AMRO",710,25778,8,655
"2020-06-22","DO","Dominican Republic","AMRO",899,26677,7,662
"2020-06-23","DO","Dominican Republic","AMRO",693,27370,7,669
"2020-06-24","DO","Dominican Republic","AMRO",566,27936,6,675
"2020-06-25","DO","Dominican Republic","AMRO",695,28631,16,691
"2020-06-26","DO","Dominican Republic","AMRO",510,29141,7,698
"2020-06-27","DO","Dominican Republic","AMRO",623,29764,14,712
"2020-06-28","DO","Dominican Republic","AMRO",855,30619,6,718
"2020-06-29","DO","Dominican Republic","AMRO",754,31373,8,726
"2020-06-30","DO","Dominican Republic","AMRO",443,31816,7,733
"2020-07-01","DO","Dominican Republic","AMRO",752,32568,14,747
"2020-07-02","DO","Dominican Republic","AMRO",819,33387,7,754
"2020-07-03","DO","Dominican Republic","AMRO",810,34197,11,765
"2020-07-04","DO","Dominican Republic","AMRO",951,35148,10,775
"2020-07-05","DO","Dominican Republic","AMRO",1036,36184,11,786
"2020-07-06","DO","Dominican Republic","AMRO",1241,37425,8,794
"2020-07-07","DO","Dominican Republic","AMRO",703,38128,10,804
"2020-07-08","DO","Dominican Republic","AMRO",302,38430,17,821
"2020-07-09","DO","Dominican Republic","AMRO",1158,39588,8,829
"2020-07-10","DO","Dominican Republic","AMRO",1202,40790,13,842
"2020-07-11","DO","Dominican Republic","AMRO",1125,41915,22,864
"2020-07-12","DO","Dominican Republic","AMRO",1199,43114,16,880
"2020-07-13","DO","Dominican Republic","AMRO",1418,44532,17,897
"2020-07-14","DO","Dominican Republic","AMRO",974,45506,6,903
"2020-07-15","DO","Dominican Republic","AMRO",799,46305,7,910
"2020-07-16","DO","Dominican Republic","AMRO",1366,47671,19,929
"2020-07-17","DO","Dominican Republic","AMRO",1072,48743,12,941
"2020-07-18","DO","Dominican Republic","AMRO",1370,50113,1,942
"2020-07-19","DO","Dominican Republic","AMRO",1406,51519,29,971
"2020-07-20","DO","Dominican Republic","AMRO",1336,52855,10,981
"2020-07-21","DO","Dominican Republic","AMRO",1101,53956,12,993
"2020-07-22","DO","Dominican Republic","AMRO",841,54797,6,999
"2020-07-23","DO","Dominican Republic","AMRO",1246,56043,6,1005
"2020-07-24","DO","Dominican Republic","AMRO",1572,57615,1,1006
"2020-07-25","DO","Dominican Republic","AMRO",1462,59077,30,1036
"2020-07-26","DO","Dominican Republic","AMRO",1819,60896,19,1055
"2020-07-27","DO","Dominican Republic","AMRO",2012,62908,8,1063
"2020-07-28","DO","Dominican Republic","AMRO",1248,64156,20,1083
"2020-07-29","DO","Dominican Republic","AMRO",534,64690,18,1101
"2020-07-30","DO","Dominican Republic","AMRO",1492,66182,22,1123
"2020-07-31","DO","Dominican Republic","AMRO",1733,67915,23,1146
"2020-08-01","DO","Dominican Republic","AMRO",1734,69649,14,1160
"2020-08-02","DO","Dominican Republic","AMRO",1766,71415,10,1170
"2020-08-03","DO","Dominican Republic","AMRO",828,72243,8,1178
"2020-08-04","DO","Dominican Republic","AMRO",874,73117,5,1183
"2020-08-05","DO","Dominican Republic","AMRO",1178,74295,30,1213
"2020-08-06","DO","Dominican Republic","AMRO",1365,75660,9,1222
"2020-08-07","DO","Dominican Republic","AMRO",876,76536,24,1246
"2020-08-08","DO","Dominican Republic","AMRO",1173,77709,13,1259
"2020-08-09","DO","Dominican Republic","AMRO",1069,78778,30,1289
"2020-08-10","DO","Dominican Republic","AMRO",954,79732,20,1309
"2020-08-11","DO","Dominican Republic","AMRO",767,80499,19,1328
"2020-08-12","DO","Dominican Republic","AMRO",595,81094,18,1346
"2020-08-13","DO","Dominican Republic","AMRO",1130,82224,25,1371
"2020-08-14","DO","Dominican Republic","AMRO",910,83134,22,1393
"2020-08-15","DO","Dominican Republic","AMRO",1354,84488,16,1409
"2020-08-16","DO","Dominican Republic","AMRO",1057,85545,29,1438
"2020-08-17","DO","Dominican Republic","AMRO",764,86309,15,1453
"2020-08-18","DO","Dominican Republic","AMRO",428,86737,28,1481
"2020-08-19","DO","Dominican Republic","AMRO",386,87123,8,1489
"2020-08-20","DO","Dominican Republic","AMRO",1004,88127,12,1501
"2020-08-21","DO","Dominican Republic","AMRO",0,88127,0,1501
"2020-08-22","DO","Dominican Republic","AMRO",1740,89867,32,1533
"2020-08-23","DO","Dominican Republic","AMRO",694,90561,21,1554
"2020-08-24","DO","Dominican Republic","AMRO",600,91161,13,1567
"2020-08-25","DO","Dominican Republic","AMRO",447,91608,6,1573
"2020-08-26","DO","Dominican Republic","AMRO",609,92217,12,1585
"2020-08-27","DO","Dominican Republic","AMRO",340,92557,28,1613
"2020-08-28","DO","Dominican Republic","AMRO",407,92964,17,1630
"2020-08-29","DO","Dominican Republic","AMRO",426,93390,18,1648
"2020-08-30","DO","Dominican Republic","AMRO",336,93726,25,1673
"2020-08-31","DO","Dominican Republic","AMRO",509,94235,8,1681
"2020-09-01","DO","Dominican Republic","AMRO",480,94715,29,1710
"2020-09-02","DO","Dominican Republic","AMRO",264,94979,28,1738
"2020-09-03","DO","Dominican Republic","AMRO",648,95627,27,1765
"2020-09-04","DO","Dominican Republic","AMRO",1002,96629,36,1801
"2020-09-05","DO","Dominican Republic","AMRO",0,96629,0,1801
"2020-09-06","DO","Dominican Republic","AMRO",2147,98776,39,1840
"2020-09-07","DO","Dominican Republic","AMRO",557,99333,5,1845
"2020-09-08","DO","Dominican Republic","AMRO",565,99898,19,1864
"2020-09-09","DO","Dominican Republic","AMRO",233,100131,25,1889
"2020-09-10","DO","Dominican Republic","AMRO",806,100937,25,1914
"2020-09-11","DO","Dominican Republic","AMRO",779,101716,12,1926
"2020-09-12","DO","Dominican Republic","AMRO",516,102232,15,1941
"2020-09-13","DO","Dominican Republic","AMRO",0,102232,0,1941
"2020-09-14","DO","Dominican Republic","AMRO",1428,103660,27,1968
"2020-09-15","DO","Dominican Republic","AMRO",450,104110,16,1984
"2020-09-16","DO","Dominican Republic","AMRO",693,104803,14,1998
"2020-09-17","DO","Dominican Republic","AMRO",718,105521,11,2009
"2020-09-18","DO","Dominican Republic","AMRO",615,106136,13,2022
"2020-09-19","DO","Dominican Republic","AMRO",596,106732,12,2034
"2020-09-20","DO","Dominican Republic","AMRO",968,107700,10,2044
"2020-09-21","DO","Dominican Republic","AMRO",589,108289,3,2047
"2020-09-22","DO","Dominican Republic","AMRO",494,108783,7,2054
"2020-09-23","DO","Dominican Republic","AMRO",486,109269,10,2064
"2020-09-24","DO","Dominican Republic","AMRO",468,109737,10,2074
"2020-09-25","DO","Dominican Republic","AMRO",385,110122,2,2076
"2020-09-26","DO","Dominican Republic","AMRO",475,110597,11,2087
"2020-09-27","DO","Dominican Republic","AMRO",360,110957,6,2093
"2020-09-28","DO","Dominican Republic","AMRO",429,111386,2,2095
"2020-09-29","DO","Dominican Republic","AMRO",280,111666,3,2098
"2020-09-30","DO","Dominican Republic","AMRO",234,111900,3,2101
"2020-10-01","DO","Dominican Republic","AMRO",309,112209,4,2105
"2020-10-02","DO","Dominican Republic","AMRO",519,112728,3,2108
"2020-10-03","DO","Dominican Republic","AMRO",622,113350,9,2117
"2020-10-04","DO","Dominican Republic","AMRO",576,113926,11,2128
"2020-10-05","DO","Dominican Republic","AMRO",554,114480,6,2134
"2020-10-06","DO","Dominican Republic","AMRO",574,115054,10,2144
"2020-10-07","DO","Dominican Republic","AMRO",317,115371,5,2149
"2020-10-08","DO","Dominican Republic","AMRO",777,116148,10,2159
"2020-10-09","DO","Dominican Republic","AMRO",724,116872,4,2163
"2020-10-10","DO","Dominican Republic","AMRO",585,117457,2,2165
"2020-10-11","DO","Dominican Republic","AMRO",557,118014,2,2167
"2020-10-12","DO","Dominican Republic","AMRO",463,118477,6,2173
"2020-10-13","DO","Dominican Republic","AMRO",366,118843,6,2179
"2020-10-14","DO","Dominican Republic","AMRO",165,119008,4,2183
"2020-10-15","DO","Dominican Republic","AMRO",654,119662,3,2186
"2020-10-16","DO","Dominican Republic","AMRO",404,120066,3,2189
"2020-10-17","DO","Dominican Republic","AMRO",384,120450,3,2192
"2020-10-18","DO","Dominican Republic","AMRO",475,120925,3,2195
"2020-10-19","DO","Dominican Republic","AMRO",422,121347,4,2199
"2020-10-20","DO","Dominican Republic","AMRO",320,121667,4,2203
"2020-10-21","DO","Dominican Republic","AMRO",306,121973,1,2204
"2020-10-22","DO","Dominican Republic","AMRO",425,122398,2,2206
"2020-10-23","DO","Dominican Republic","AMRO",475,122873,6,2212
"2020-10-24","DO","Dominican Republic","AMRO",0,122873,0,2212
"2020-10-25","DO","Dominican Republic","AMRO",1145,124018,8,2220
"2020-10-26","DO","Dominican Republic","AMRO",509,124527,3,2223
"2020-10-27","DO","Dominican Republic","AMRO",316,124843,2,2225
"2020-10-28","DO","Dominican Republic","AMRO",165,125008,1,2226
"2020-10-29","DO","Dominican Republic","AMRO",562,125570,6,2232
"2020-10-30","DO","Dominican Republic","AMRO",343,125913,2,2234
"2020-10-31","DO","Dominican Republic","AMRO",419,126332,2,2236
"2020-11-01","DO","Dominican Republic","AMRO",686,127018,9,2245
"2020-11-02","DO","Dominican Republic","AMRO",314,127332,4,2249
"2020-11-03","DO","Dominican Republic","AMRO",259,127591,1,2250
"2020-11-04","DO","Dominican Republic","AMRO",257,127848,2,2252
"2020-11-05","DO","Dominican Republic","AMRO",430,128278,5,2257
"2020-11-06","DO","Dominican Republic","AMRO",546,128824,3,2260
"2020-11-07","DO","Dominican Republic","AMRO",476,129300,1,2261
"2020-11-08","DO","Dominican Republic","AMRO",345,129645,2,2263
"2020-11-09","DO","Dominican Republic","AMRO",537,130182,2,2265
"2020-11-10","DO","Dominican Republic","AMRO",421,130603,2,2267
"2020-11-11","DO","Dominican Republic","AMRO",528,131131,2,2269
"2020-11-12","DO","Dominican Republic","AMRO",134,131265,3,2272
"2020-11-13","DO","Dominican Republic","AMRO",371,131636,2,2274
"2020-11-14","DO","Dominican Republic","AMRO",918,132554,6,2280
"2020-11-15","DO","Dominican Republic","AMRO",671,133225,2,2282
"2020-11-16","DO","Dominican Republic","AMRO",499,133724,3,2285
"2020-11-17","DO","Dominican Republic","AMRO",479,134203,1,2286
"2020-11-18","DO","Dominican Republic","AMRO",494,134697,4,2290
"2020-11-19","DO","Dominican Republic","AMRO",460,135157,3,2293
"2020-11-20","DO","Dominican Republic","AMRO",1026,136183,8,2301
"2020-11-21","DO","Dominican Republic","AMRO",601,136784,5,2306
"2020-11-22","DO","Dominican Republic","AMRO",986,137770,2,2308
"2020-11-23","DO","Dominican Republic","AMRO",640,138410,2,2310
"2020-11-24","DO","Dominican Republic","AMRO",419,138829,1,2311
"2020-11-25","DO","Dominican Republic","AMRO",282,139111,2,2313
"2020-11-26","DO","Dominican Republic","AMRO",553,139664,2,2315
"2020-11-27","DO","Dominican Republic","AMRO",1258,140922,2,2317
"2020-11-28","DO","Dominican Republic","AMRO",855,141777,7,2324
"2020-11-29","DO","Dominican Republic","AMRO",876,142653,4,2328
"2020-11-30","DO","Dominican Republic","AMRO",820,143473,2,2330
"2020-12-01","DO","Dominican Republic","AMRO",515,143988,1,2331
"2020-12-02","DO","Dominican Republic","AMRO",314,144302,2,2333
"2020-12-03","DO","Dominican Republic","AMRO",895,145197,1,2334
"2020-12-04","DO","Dominican Republic","AMRO",812,146009,1,2335
"2020-12-05","DO","Dominican Republic","AMRO",671,146680,8,2343
"2020-12-06","DO","Dominican Republic","AMRO",975,147655,2,2345
"2020-12-07","DO","Dominican Republic","AMRO",798,148453,0,2345
"2020-12-08","DO","Dominican Republic","AMRO",685,149138,1,2346
"2020-12-09","DO","Dominican Republic","AMRO",492,149630,1,2347
"2020-12-10","DO","Dominican Republic","AMRO",531,150161,3,2350
"2020-12-11","DO","Dominican Republic","AMRO",1560,151721,8,2358
"2020-12-12","DO","Dominican Republic","AMRO",731,152452,1,2359
