"Fecha_de_reporte","Codigo_pais","Paises","Region","Casos_nuevos","Casos_acumulados","defunciones_nuevas","defunciones_acumuladas"
"2020-01-03","EC","Ecuador","AMRO",0,0,0,0
"2020-01-04","EC","Ecuador","AMRO",0,0,0,0
"2020-01-05","EC","Ecuador","AMRO",0,0,0,0
"2020-01-06","EC","Ecuador","AMRO",0,0,0,0
"2020-01-07","EC","Ecuador","AMRO",0,0,0,0
"2020-01-08","EC","Ecuador","AMRO",0,0,0,0
"2020-01-09","EC","Ecuador","AMRO",0,0,0,0
"2020-01-10","EC","Ecuador","AMRO",0,0,0,0
"2020-01-11","EC","Ecuador","AMRO",0,0,0,0
"2020-01-12","EC","Ecuador","AMRO",0,0,0,0
"2020-01-13","EC","Ecuador","AMRO",0,0,0,0
"2020-01-14","EC","Ecuador","AMRO",0,0,0,0
"2020-01-15","EC","Ecuador","AMRO",0,0,0,0
"2020-01-16","EC","Ecuador","AMRO",0,0,0,0
"2020-01-17","EC","Ecuador","AMRO",0,0,0,0
"2020-01-18","EC","Ecuador","AMRO",0,0,0,0
"2020-01-19","EC","Ecuador","AMRO",0,0,0,0
"2020-01-20","EC","Ecuador","AMRO",0,0,0,0
"2020-01-21","EC","Ecuador","AMRO",0,0,0,0
"2020-01-22","EC","Ecuador","AMRO",0,0,0,0
"2020-01-23","EC","Ecuador","AMRO",0,0,0,0
"2020-01-24","EC","Ecuador","AMRO",0,0,0,0
"2020-01-25","EC","Ecuador","AMRO",0,0,0,0
"2020-01-26","EC","Ecuador","AMRO",0,0,0,0
"2020-01-27","EC","Ecuador","AMRO",0,0,0,0
"2020-01-28","EC","Ecuador","AMRO",0,0,0,0
"2020-01-29","EC","Ecuador","AMRO",0,0,0,0
"2020-01-30","EC","Ecuador","AMRO",0,0,0,0
"2020-01-31","EC","Ecuador","AMRO",0,0,0,0
"2020-02-01","EC","Ecuador","AMRO",0,0,0,0
"2020-02-02","EC","Ecuador","AMRO",0,0,0,0
"2020-02-03","EC","Ecuador","AMRO",0,0,0,0
"2020-02-04","EC","Ecuador","AMRO",0,0,0,0
"2020-02-05","EC","Ecuador","AMRO",0,0,0,0
"2020-02-06","EC","Ecuador","AMRO",0,0,0,0
"2020-02-07","EC","Ecuador","AMRO",0,0,0,0
"2020-02-08","EC","Ecuador","AMRO",0,0,0,0
"2020-02-09","EC","Ecuador","AMRO",0,0,0,0
"2020-02-10","EC","Ecuador","AMRO",0,0,0,0
"2020-02-11","EC","Ecuador","AMRO",0,0,0,0
"2020-02-12","EC","Ecuador","AMRO",0,0,0,0
"2020-02-13","EC","Ecuador","AMRO",0,0,0,0
"2020-02-14","EC","Ecuador","AMRO",0,0,0,0
"2020-02-15","EC","Ecuador","AMRO",0,0,0,0
"2020-02-16","EC","Ecuador","AMRO",0,0,0,0
"2020-02-17","EC","Ecuador","AMRO",0,0,0,0
"2020-02-18","EC","Ecuador","AMRO",0,0,0,0
"2020-02-19","EC","Ecuador","AMRO",0,0,0,0
"2020-02-20","EC","Ecuador","AMRO",0,0,0,0
"2020-02-21","EC","Ecuador","AMRO",0,0,0,0
"2020-02-22","EC","Ecuador","AMRO",0,0,0,0
"2020-02-23","EC","Ecuador","AMRO",0,0,0,0
"2020-02-24","EC","Ecuador","AMRO",0,0,0,0
"2020-02-25","EC","Ecuador","AMRO",0,0,0,0
"2020-02-26","EC","Ecuador","AMRO",0,0,0,0
"2020-02-27","EC","Ecuador","AMRO",0,0,0,0
"2020-02-28","EC","Ecuador","AMRO",0,0,0,0
"2020-02-29","EC","Ecuador","AMRO",5,5,0,0
"2020-03-01","EC","Ecuador","AMRO",0,5,0,0
"2020-03-02","EC","Ecuador","AMRO",5,10,0,0
"2020-03-03","EC","Ecuador","AMRO",1,11,0,0
"2020-03-04","EC","Ecuador","AMRO",0,11,0,0
"2020-03-05","EC","Ecuador","AMRO",6,17,0,0
"2020-03-06","EC","Ecuador","AMRO",0,17,0,0
"2020-03-07","EC","Ecuador","AMRO",1,18,0,0
"2020-03-08","EC","Ecuador","AMRO",0,18,0,0
"2020-03-09","EC","Ecuador","AMRO",1,19,0,0
"2020-03-10","EC","Ecuador","AMRO",0,19,0,0
"2020-03-11","EC","Ecuador","AMRO",0,19,0,0
"2020-03-12","EC","Ecuador","AMRO",2,21,0,0
"2020-03-13","EC","Ecuador","AMRO",6,27,0,0
"2020-03-14","EC","Ecuador","AMRO",0,27,0,0
"2020-03-15","EC","Ecuador","AMRO",0,27,0,0
"2020-03-16","EC","Ecuador","AMRO",14,41,2,2
"2020-03-17","EC","Ecuador","AMRO",21,62,0,2
"2020-03-18","EC","Ecuador","AMRO",97,159,0,2
"2020-03-19","EC","Ecuador","AMRO",40,199,1,3
"2020-03-20","EC","Ecuador","AMRO",168,367,2,5
"2020-03-21","EC","Ecuador","AMRO",139,506,2,7
"2020-03-22","EC","Ecuador","AMRO",0,506,0,7
"2020-03-23","EC","Ecuador","AMRO",26,532,0,7
"2020-03-24","EC","Ecuador","AMRO",517,1049,1,8
"2020-03-25","EC","Ecuador","AMRO",0,1049,0,8
"2020-03-26","EC","Ecuador","AMRO",162,1211,0,8
"2020-03-27","EC","Ecuador","AMRO",0,1211,0,8
"2020-03-28","EC","Ecuador","AMRO",384,1595,0,8
"2020-03-29","EC","Ecuador","AMRO",228,1823,0,8
"2020-03-30","EC","Ecuador","AMRO",12,1835,0,8
"2020-03-31","EC","Ecuador","AMRO",127,1962,0,8
"2020-04-01","EC","Ecuador","AMRO",278,2240,0,8
"2020-04-02","EC","Ecuador","AMRO",132,2372,71,79
"2020-04-03","EC","Ecuador","AMRO",791,3163,41,120
"2020-04-04","EC","Ecuador","AMRO",0,3163,0,120
"2020-04-05","EC","Ecuador","AMRO",302,3465,52,172
"2020-04-06","EC","Ecuador","AMRO",0,3465,0,172
"2020-04-07","EC","Ecuador","AMRO",282,3747,19,191
"2020-04-08","EC","Ecuador","AMRO",0,3747,0,191
"2020-04-09","EC","Ecuador","AMRO",703,4450,51,242
"2020-04-10","EC","Ecuador","AMRO",515,4965,30,272
"2020-04-11","EC","Ecuador","AMRO",2196,7161,25,297
"2020-04-12","EC","Ecuador","AMRO",96,7257,18,315
"2020-04-13","EC","Ecuador","AMRO",209,7466,18,333
"2020-04-14","EC","Ecuador","AMRO",63,7529,22,355
"2020-04-15","EC","Ecuador","AMRO",74,7603,14,369
"2020-04-16","EC","Ecuador","AMRO",255,7858,19,388
"2020-04-17","EC","Ecuador","AMRO",367,8225,15,403
"2020-04-18","EC","Ecuador","AMRO",225,8450,18,421
"2020-04-19","EC","Ecuador","AMRO",572,9022,35,456
"2020-04-20","EC","Ecuador","AMRO",446,9468,18,474
"2020-04-21","EC","Ecuador","AMRO",660,10128,33,507
"2020-04-22","EC","Ecuador","AMRO",270,10398,13,520
"2020-04-23","EC","Ecuador","AMRO",452,10850,17,537
"2020-04-24","EC","Ecuador","AMRO",333,11183,23,560
"2020-04-25","EC","Ecuador","AMRO",11536,22719,16,576
"2020-04-26","EC","Ecuador","AMRO",0,22719,0,576
"2020-04-27","EC","Ecuador","AMRO",0,22719,0,576
"2020-04-28","EC","Ecuador","AMRO",521,23240,87,663
"2020-04-29","EC","Ecuador","AMRO",1018,24258,208,871
"2020-04-30","EC","Ecuador","AMRO",417,24675,12,883
"2020-05-01","EC","Ecuador","AMRO",259,24934,17,900
"2020-05-02","EC","Ecuador","AMRO",1402,26336,163,1063
"2020-05-03","EC","Ecuador","AMRO",1128,27464,308,1371
"2020-05-04","EC","Ecuador","AMRO",2074,29538,193,1564
"2020-05-05","EC","Ecuador","AMRO",2343,31881,5,1569
"2020-05-06","EC","Ecuador","AMRO",0,31881,0,1569
"2020-05-07","EC","Ecuador","AMRO",-2461,29420,49,1618
"2020-05-08","EC","Ecuador","AMRO",878,30298,36,1654
"2020-05-09","EC","Ecuador","AMRO",0,30298,0,1654
"2020-05-10","EC","Ecuador","AMRO",-1480,28818,50,1704
"2020-05-11","EC","Ecuador","AMRO",741,29559,423,2127
"2020-05-12","EC","Ecuador","AMRO",-50,29509,18,2145
"2020-05-13","EC","Ecuador","AMRO",910,30419,182,2327
"2020-05-14","EC","Ecuador","AMRO",67,30486,7,2334
"2020-05-15","EC","Ecuador","AMRO",16,30502,4,2338
"2020-05-16","EC","Ecuador","AMRO",0,30502,0,2338
"2020-05-17","EC","Ecuador","AMRO",965,31467,256,2594
"2020-05-18","EC","Ecuador","AMRO",1256,32723,94,2688
"2020-05-19","EC","Ecuador","AMRO",459,33182,48,2736
"2020-05-20","EC","Ecuador","AMRO",969,34151,103,2839
"2020-05-21","EC","Ecuador","AMRO",0,34151,0,2839
"2020-05-22","EC","Ecuador","AMRO",703,34854,49,2888
"2020-05-23","EC","Ecuador","AMRO",974,35828,168,3056
"2020-05-24","EC","Ecuador","AMRO",430,36258,40,3096
"2020-05-25","EC","Ecuador","AMRO",498,36756,12,3108
"2020-05-26","EC","Ecuador","AMRO",599,37355,95,3203
"2020-05-27","EC","Ecuador","AMRO",301,37656,18,3221
"2020-05-28","EC","Ecuador","AMRO",447,38103,54,3275
"2020-05-29","EC","Ecuador","AMRO",368,38471,38,3313
"2020-05-30","EC","Ecuador","AMRO",100,38571,21,3334
"2020-05-31","EC","Ecuador","AMRO",0,38571,0,3334
"2020-06-01","EC","Ecuador","AMRO",527,39098,24,3358
"2020-06-02","EC","Ecuador","AMRO",0,39098,0,3358
"2020-06-03","EC","Ecuador","AMRO",1316,40414,80,3438
"2020-06-04","EC","Ecuador","AMRO",552,40966,48,3486
"2020-06-05","EC","Ecuador","AMRO",0,40966,0,3486
"2020-06-06","EC","Ecuador","AMRO",1140,42106,106,3592
"2020-06-07","EC","Ecuador","AMRO",622,42728,16,3608
"2020-06-08","EC","Ecuador","AMRO",392,43120,13,3621
"2020-06-09","EC","Ecuador","AMRO",258,43378,21,3642
"2020-06-10","EC","Ecuador","AMRO",539,43917,48,3690
"2020-06-11","EC","Ecuador","AMRO",523,44440,30,3720
"2020-06-12","EC","Ecuador","AMRO",0,44440,0,3720
"2020-06-13","EC","Ecuador","AMRO",1338,45778,108,3828
"2020-06-14","EC","Ecuador","AMRO",578,46356,46,3874
"2020-06-15","EC","Ecuador","AMRO",395,46751,22,3896
"2020-06-16","EC","Ecuador","AMRO",571,47322,33,3929
"2020-06-17","EC","Ecuador","AMRO",621,47943,41,3970
"2020-06-18","EC","Ecuador","AMRO",547,48490,37,4007
"2020-06-19","EC","Ecuador","AMRO",607,49097,80,4087
"2020-06-20","EC","Ecuador","AMRO",634,49731,69,4156
"2020-06-21","EC","Ecuador","AMRO",452,50183,43,4199
"2020-06-22","EC","Ecuador","AMRO",457,50640,24,4223
"2020-06-23","EC","Ecuador","AMRO",275,50915,23,4246
"2020-06-24","EC","Ecuador","AMRO",728,51643,28,4274
"2020-06-25","EC","Ecuador","AMRO",691,52334,35,4309
"2020-06-26","EC","Ecuador","AMRO",822,53156,34,4343
"2020-06-27","EC","Ecuador","AMRO",700,53856,63,4406
"2020-06-28","EC","Ecuador","AMRO",718,54574,18,4424
"2020-06-29","EC","Ecuador","AMRO",681,55255,5,4429
"2020-06-30","EC","Ecuador","AMRO",410,55665,73,4502
"2020-07-01","EC","Ecuador","AMRO",677,56342,25,4527
"2020-07-02","EC","Ecuador","AMRO",0,56342,0,4527
"2020-07-03","EC","Ecuador","AMRO",3126,59468,112,4639
"2020-07-04","EC","Ecuador","AMRO",1189,60657,61,4700
"2020-07-05","EC","Ecuador","AMRO",878,61535,69,4769
"2020-07-06","EC","Ecuador","AMRO",423,61958,12,4781
"2020-07-07","EC","Ecuador","AMRO",422,62380,40,4821
"2020-07-08","EC","Ecuador","AMRO",865,63245,52,4873
"2020-07-09","EC","Ecuador","AMRO",0,63245,0,4873
"2020-07-10","EC","Ecuador","AMRO",1773,65018,66,4939
"2020-07-11","EC","Ecuador","AMRO",783,65801,44,4983
"2020-07-12","EC","Ecuador","AMRO",1408,67209,48,5031
"2020-07-13","EC","Ecuador","AMRO",661,67870,16,5047
"2020-07-14","EC","Ecuador","AMRO",589,68459,16,5063
"2020-07-15","EC","Ecuador","AMRO",1111,69570,67,5130
"2020-07-16","EC","Ecuador","AMRO",759,70329,28,5158
"2020-07-17","EC","Ecuador","AMRO",1036,71365,49,5207
"2020-07-18","EC","Ecuador","AMRO",1079,72444,43,5250
"2020-07-19","EC","Ecuador","AMRO",938,73382,32,5282
"2020-07-20","EC","Ecuador","AMRO",631,74013,31,5313
"2020-07-21","EC","Ecuador","AMRO",607,74620,5,5318
"2020-07-22","EC","Ecuador","AMRO",1597,76217,48,5366
"2020-07-23","EC","Ecuador","AMRO",1040,77257,52,5418
"2020-07-24","EC","Ecuador","AMRO",891,78148,21,5439
"2020-07-25","EC","Ecuador","AMRO",901,79049,29,5468
"2020-07-26","EC","Ecuador","AMRO",987,80036,39,5507
"2020-07-27","EC","Ecuador","AMRO",658,80694,8,5515
"2020-07-28","EC","Ecuador","AMRO",467,81161,17,5532
"2020-07-29","EC","Ecuador","AMRO",1118,82279,52,5584
"2020-07-30","EC","Ecuador","AMRO",914,83193,39,5623
"2020-07-31","EC","Ecuador","AMRO",1177,84370,34,5657
"2020-08-01","EC","Ecuador","AMRO",985,85355,45,5702
"2020-08-02","EC","Ecuador","AMRO",877,86232,34,5736
"2020-08-03","EC","Ecuador","AMRO",0,86232,0,5736
"2020-08-04","EC","Ecuador","AMRO",809,87041,31,5767
"2020-08-05","EC","Ecuador","AMRO",922,87963,41,5808
"2020-08-06","EC","Ecuador","AMRO",903,88866,39,5847
"2020-08-07","EC","Ecuador","AMRO",1671,90537,30,5877
"2020-08-08","EC","Ecuador","AMRO",1432,91969,20,5897
"2020-08-09","EC","Ecuador","AMRO",1603,93572,19,5916
"2020-08-10","EC","Ecuador","AMRO",887,94459,6,5922
"2020-08-11","EC","Ecuador","AMRO",242,94701,10,5932
"2020-08-12","EC","Ecuador","AMRO",862,95563,19,5951
"2020-08-13","EC","Ecuador","AMRO",1547,97110,33,5984
"2020-08-14","EC","Ecuador","AMRO",1233,98343,26,6010
"2020-08-15","EC","Ecuador","AMRO",1066,99409,20,6030
"2020-08-16","EC","Ecuador","AMRO",1279,100688,35,6065
"2020-08-17","EC","Ecuador","AMRO",854,101542,5,6070
"2020-08-18","EC","Ecuador","AMRO",209,101751,13,6083
"2020-08-19","EC","Ecuador","AMRO",1190,102941,22,6105
"2020-08-20","EC","Ecuador","AMRO",1534,104475,41,6146
"2020-08-21","EC","Ecuador","AMRO",1033,105508,54,6200
"2020-08-22","EC","Ecuador","AMRO",973,106481,48,6248
"2020-08-23","EC","Ecuador","AMRO",608,107089,29,6277
"2020-08-24","EC","Ecuador","AMRO",680,107769,33,6310
"2020-08-25","EC","Ecuador","AMRO",520,108289,12,6322
"2020-08-26","EC","Ecuador","AMRO",741,109030,46,6368
"2020-08-27","EC","Ecuador","AMRO",1519,110549,42,6410
"2020-08-28","EC","Ecuador","AMRO",670,111219,61,6471
"2020-08-29","EC","Ecuador","AMRO",922,112141,33,6504
"2020-08-30","EC","Ecuador","AMRO",765,112906,33,6537
"2020-08-31","EC","Ecuador","AMRO",742,113648,18,6555
"2020-09-01","EC","Ecuador","AMRO",119,113767,1,6556
"2020-09-02","EC","Ecuador","AMRO",542,114309,15,6571
"2020-09-03","EC","Ecuador","AMRO",1148,115457,48,6619
"2020-09-04","EC","Ecuador","AMRO",903,116360,29,6648
"2020-09-05","EC","Ecuador","AMRO",815,117175,26,6674
"2020-09-06","EC","Ecuador","AMRO",870,118045,50,6724
"2020-09-07","EC","Ecuador","AMRO",-8261,109784,3800,10524
"2020-09-08","EC","Ecuador","AMRO",308,110092,52,10576
"2020-09-09","EC","Ecuador","AMRO",665,110757,51,10627
"2020-09-10","EC","Ecuador","AMRO",1409,112166,74,10701
"2020-09-11","EC","Ecuador","AMRO",1040,113206,48,10749
"2020-09-12","EC","Ecuador","AMRO",0,113206,0,10749
"2020-09-13","EC","Ecuador","AMRO",1526,114732,87,10836
"2020-09-14","EC","Ecuador","AMRO",3862,118594,67,10903
"2020-09-15","EC","Ecuador","AMRO",317,118911,19,10922
"2020-09-16","EC","Ecuador","AMRO",642,119553,41,10963
"2020-09-17","EC","Ecuador","AMRO",1972,121525,33,10996
"2020-09-18","EC","Ecuador","AMRO",732,122257,33,11029
"2020-09-19","EC","Ecuador","AMRO",0,122257,0,11029
"2020-09-20","EC","Ecuador","AMRO",3363,125620,60,11089
"2020-09-21","EC","Ecuador","AMRO",799,126419,1,11090
"2020-09-22","EC","Ecuador","AMRO",292,126711,5,11095
"2020-09-23","EC","Ecuador","AMRO",932,127643,31,11126
"2020-09-24","EC","Ecuador","AMRO",2339,129982,45,11171
"2020-09-25","EC","Ecuador","AMRO",1164,131146,42,11213
"2020-09-26","EC","Ecuador","AMRO",1329,132475,23,11236
"2020-09-27","EC","Ecuador","AMRO",1506,133981,37,11273
"2020-09-28","EC","Ecuador","AMRO",766,134747,6,11279
"2020-09-29","EC","Ecuador","AMRO",218,134965,1,11280
"2020-09-30","EC","Ecuador","AMRO",784,135749,32,11312
"2020-10-01","EC","Ecuador","AMRO",1298,137047,43,11355
"2020-10-02","EC","Ecuador","AMRO",1537,138584,78,11433
"2020-10-03","EC","Ecuador","AMRO",950,139534,62,11495
"2020-10-04","EC","Ecuador","AMRO",817,140351,102,11597
"2020-10-05","EC","Ecuador","AMRO",683,141034,50,11647
"2020-10-06","EC","Ecuador","AMRO",305,141339,34,11681
"2020-10-07","EC","Ecuador","AMRO",717,142056,21,11702
"2020-10-08","EC","Ecuador","AMRO",1475,143531,41,11743
"2020-10-09","EC","Ecuador","AMRO",1514,145045,398,12141
"2020-10-10","EC","Ecuador","AMRO",0,145045,0,12141
"2020-10-11","EC","Ecuador","AMRO",1783,146828,47,12188
"2020-10-12","EC","Ecuador","AMRO",0,146828,0,12188
"2020-10-13","EC","Ecuador","AMRO",487,147315,30,12218
"2020-10-14","EC","Ecuador","AMRO",856,148171,17,12235
"2020-10-15","EC","Ecuador","AMRO",912,149083,29,12264
"2020-10-16","EC","Ecuador","AMRO",1277,150360,42,12306
"2020-10-17","EC","Ecuador","AMRO",1299,151659,51,12357
"2020-10-18","EC","Ecuador","AMRO",763,152422,18,12375
"2020-10-19","EC","Ecuador","AMRO",867,153289,12,12387
"2020-10-20","EC","Ecuador","AMRO",134,153423,8,12395
"2020-10-21","EC","Ecuador","AMRO",692,154115,9,12404
"2020-10-22","EC","Ecuador","AMRO",1510,155625,49,12453
"2020-10-23","EC","Ecuador","AMRO",826,156451,47,12500
"2020-10-24","EC","Ecuador","AMRO",0,156451,0,12500
"2020-10-25","EC","Ecuador","AMRO",3163,159614,42,12542
"2020-10-26","EC","Ecuador","AMRO",2021,161635,11,12553
"2020-10-27","EC","Ecuador","AMRO",543,162178,20,12573
"2020-10-28","EC","Ecuador","AMRO",1014,163192,15,12588
"2020-10-29","EC","Ecuador","AMRO",1716,164908,20,12608
"2020-10-30","EC","Ecuador","AMRO",1394,166302,14,12622
"2020-10-31","EC","Ecuador","AMRO",845,167147,10,12632
"2020-11-01","EC","Ecuador","AMRO",1045,168192,38,12670
"2020-11-02","EC","Ecuador","AMRO",1002,169194,14,12684
"2020-11-03","EC","Ecuador","AMRO",368,169562,8,12692
"2020-11-04","EC","Ecuador","AMRO",548,170110,6,12698
"2020-11-05","EC","Ecuador","AMRO",1323,171433,6,12704
"2020-11-06","EC","Ecuador","AMRO",350,171783,26,12730
"2020-11-07","EC","Ecuador","AMRO",725,172508,31,12761
"2020-11-08","EC","Ecuador","AMRO",978,173486,54,12815
"2020-11-09","EC","Ecuador","AMRO",1421,174907,15,12830
"2020-11-10","EC","Ecuador","AMRO",362,175269,9,12839
"2020-11-11","EC","Ecuador","AMRO",442,175711,10,12849
"2020-11-12","EC","Ecuador","AMRO",919,176630,71,12920
"2020-11-13","EC","Ecuador","AMRO",883,177513,26,12946
"2020-11-14","EC","Ecuador","AMRO",1161,178674,31,12977
"2020-11-15","EC","Ecuador","AMRO",953,179627,20,12997
"2020-11-16","EC","Ecuador","AMRO",668,180295,11,13008
"2020-11-17","EC","Ecuador","AMRO",381,180676,8,13016
"2020-11-18","EC","Ecuador","AMRO",428,181104,9,13025
"2020-11-19","EC","Ecuador","AMRO",1146,182250,27,13052
"2020-11-20","EC","Ecuador","AMRO",996,183246,21,13073
"2020-11-21","EC","Ecuador","AMRO",594,183840,22,13095
"2020-11-22","EC","Ecuador","AMRO",1036,184876,44,13139
"2020-11-23","EC","Ecuador","AMRO",767,185643,62,13201
"2020-11-24","EC","Ecuador","AMRO",301,185944,24,13225
"2020-11-25","EC","Ecuador","AMRO",492,186436,39,13264
"2020-11-26","EC","Ecuador","AMRO",794,187230,24,13288
"2020-11-27","EC","Ecuador","AMRO",908,188138,28,13316
"2020-11-28","EC","Ecuador","AMRO",1396,189534,42,13358
"2020-11-29","EC","Ecuador","AMRO",1375,190909,13,13371
"2020-11-30","EC","Ecuador","AMRO",1208,192117,52,13423
"2020-12-01","EC","Ecuador","AMRO",568,192685,38,13461
"2020-12-02","EC","Ecuador","AMRO",988,193673,40,13501
"2020-12-03","EC","Ecuador","AMRO",1203,194876,61,13562
"2020-12-04","EC","Ecuador","AMRO",1008,195884,50,13612
"2020-12-05","EC","Ecuador","AMRO",0,195884,0,13612
"2020-12-06","EC","Ecuador","AMRO",1507,197391,144,13756
"2020-12-07","EC","Ecuador","AMRO",607,197998,22,13778
"2020-12-08","EC","Ecuador","AMRO",246,198244,2,13780
"2020-12-09","EC","Ecuador","AMRO",508,198752,14,13794
"2020-12-10","EC","Ecuador","AMRO",476,199228,20,13814
"2020-12-11","EC","Ecuador","AMRO",1151,200379,36,13850
"2020-12-12","EC","Ecuador","AMRO",386,200765,8,13858
