"Fecha_de_reporte","Codigo_pais","Paises","Region","Casos_nuevos","Casos_acumulados","defunciones_nuevas","defunciones_acumuladas"
"2020-01-03","EG","Egypt","EMRO",0,0,0,0
"2020-01-04","EG","Egypt","EMRO",0,0,0,0
"2020-01-05","EG","Egypt","EMRO",0,0,0,0
"2020-01-06","EG","Egypt","EMRO",0,0,0,0
"2020-01-07","EG","Egypt","EMRO",0,0,0,0
"2020-01-08","EG","Egypt","EMRO",0,0,0,0
"2020-01-09","EG","Egypt","EMRO",0,0,0,0
"2020-01-10","EG","Egypt","EMRO",0,0,0,0
"2020-01-11","EG","Egypt","EMRO",0,0,0,0
"2020-01-12","EG","Egypt","EMRO",0,0,0,0
"2020-01-13","EG","Egypt","EMRO",0,0,0,0
"2020-01-14","EG","Egypt","EMRO",0,0,0,0
"2020-01-15","EG","Egypt","EMRO",0,0,0,0
"2020-01-16","EG","Egypt","EMRO",0,0,0,0
"2020-01-17","EG","Egypt","EMRO",0,0,0,0
"2020-01-18","EG","Egypt","EMRO",0,0,0,0
"2020-01-19","EG","Egypt","EMRO",0,0,0,0
"2020-01-20","EG","Egypt","EMRO",0,0,0,0
"2020-01-21","EG","Egypt","EMRO",0,0,0,0
"2020-01-22","EG","Egypt","EMRO",0,0,0,0
"2020-01-23","EG","Egypt","EMRO",0,0,0,0
"2020-01-24","EG","Egypt","EMRO",0,0,0,0
"2020-01-25","EG","Egypt","EMRO",0,0,0,0
"2020-01-26","EG","Egypt","EMRO",0,0,0,0
"2020-01-27","EG","Egypt","EMRO",0,0,0,0
"2020-01-28","EG","Egypt","EMRO",0,0,0,0
"2020-01-29","EG","Egypt","EMRO",0,0,0,0
"2020-01-30","EG","Egypt","EMRO",0,0,0,0
"2020-01-31","EG","Egypt","EMRO",0,0,0,0
"2020-02-01","EG","Egypt","EMRO",0,0,0,0
"2020-02-02","EG","Egypt","EMRO",0,0,0,0
"2020-02-03","EG","Egypt","EMRO",0,0,0,0
"2020-02-04","EG","Egypt","EMRO",0,0,0,0
"2020-02-05","EG","Egypt","EMRO",0,0,0,0
"2020-02-06","EG","Egypt","EMRO",0,0,0,0
"2020-02-07","EG","Egypt","EMRO",0,0,0,0
"2020-02-08","EG","Egypt","EMRO",0,0,0,0
"2020-02-09","EG","Egypt","EMRO",0,0,0,0
"2020-02-10","EG","Egypt","EMRO",0,0,0,0
"2020-02-11","EG","Egypt","EMRO",0,0,0,0
"2020-02-12","EG","Egypt","EMRO",0,0,0,0
"2020-02-13","EG","Egypt","EMRO",0,0,0,0
"2020-02-14","EG","Egypt","EMRO",5,5,0,0
"2020-02-15","EG","Egypt","EMRO",0,5,0,0
"2020-02-16","EG","Egypt","EMRO",0,5,0,0
"2020-02-17","EG","Egypt","EMRO",0,5,0,0
"2020-02-18","EG","Egypt","EMRO",0,5,0,0
"2020-02-19","EG","Egypt","EMRO",0,5,0,0
"2020-02-20","EG","Egypt","EMRO",0,5,0,0
"2020-02-21","EG","Egypt","EMRO",0,5,0,0
"2020-02-22","EG","Egypt","EMRO",0,5,0,0
"2020-02-23","EG","Egypt","EMRO",0,5,0,0
"2020-02-24","EG","Egypt","EMRO",0,5,0,0
"2020-02-25","EG","Egypt","EMRO",0,5,0,0
"2020-02-26","EG","Egypt","EMRO",0,5,0,0
"2020-02-27","EG","Egypt","EMRO",0,5,0,0
"2020-02-28","EG","Egypt","EMRO",0,5,0,0
"2020-02-29","EG","Egypt","EMRO",0,5,0,0
"2020-03-01","EG","Egypt","EMRO",0,5,0,0
"2020-03-02","EG","Egypt","EMRO",1,6,0,0
"2020-03-03","EG","Egypt","EMRO",0,6,0,0
"2020-03-04","EG","Egypt","EMRO",0,6,0,0
"2020-03-05","EG","Egypt","EMRO",1,7,0,0
"2020-03-06","EG","Egypt","EMRO",0,7,0,0
"2020-03-07","EG","Egypt","EMRO",45,52,0,0
"2020-03-08","EG","Egypt","EMRO",1,53,1,1
"2020-03-09","EG","Egypt","EMRO",10,63,0,1
"2020-03-10","EG","Egypt","EMRO",0,63,0,1
"2020-03-11","EG","Egypt","EMRO",8,71,0,1
"2020-03-12","EG","Egypt","EMRO",0,71,0,1
"2020-03-13","EG","Egypt","EMRO",0,71,0,1
"2020-03-14","EG","Egypt","EMRO",26,97,1,2
"2020-03-15","EG","Egypt","EMRO",17,114,0,2
"2020-03-16","EG","Egypt","EMRO",16,130,0,2
"2020-03-17","EG","Egypt","EMRO",40,170,2,4
"2020-03-18","EG","Egypt","EMRO",30,200,2,6
"2020-03-19","EG","Egypt","EMRO",14,214,0,6
"2020-03-20","EG","Egypt","EMRO",42,256,1,7
"2020-03-21","EG","Egypt","EMRO",29,285,1,8
"2020-03-22","EG","Egypt","EMRO",9,294,2,10
"2020-03-23","EG","Egypt","EMRO",33,327,4,14
"2020-03-24","EG","Egypt","EMRO",39,366,5,19
"2020-03-25","EG","Egypt","EMRO",76,442,2,21
"2020-03-26","EG","Egypt","EMRO",14,456,0,21
"2020-03-27","EG","Egypt","EMRO",39,495,3,24
"2020-03-28","EG","Egypt","EMRO",41,536,6,30
"2020-03-29","EG","Egypt","EMRO",40,576,6,36
"2020-03-30","EG","Egypt","EMRO",33,609,4,40
"2020-03-31","EG","Egypt","EMRO",47,656,1,41
"2020-04-01","EG","Egypt","EMRO",54,710,5,46
"2020-04-02","EG","Egypt","EMRO",69,779,6,52
"2020-04-03","EG","Egypt","EMRO",86,865,6,58
"2020-04-04","EG","Egypt","EMRO",120,985,8,66
"2020-04-05","EG","Egypt","EMRO",85,1070,5,71
"2020-04-06","EG","Egypt","EMRO",103,1173,7,78
"2020-04-07","EG","Egypt","EMRO",149,1322,7,85
"2020-04-08","EG","Egypt","EMRO",128,1450,9,94
"2020-04-09","EG","Egypt","EMRO",110,1560,9,103
"2020-04-10","EG","Egypt","EMRO",139,1699,15,118
"2020-04-11","EG","Egypt","EMRO",95,1794,17,135
"2020-04-12","EG","Egypt","EMRO",145,1939,11,146
"2020-04-13","EG","Egypt","EMRO",126,2065,13,159
"2020-04-14","EG","Egypt","EMRO",125,2190,5,164
"2020-04-15","EG","Egypt","EMRO",160,2350,14,178
"2020-04-16","EG","Egypt","EMRO",155,2505,5,183
"2020-04-17","EG","Egypt","EMRO",168,2673,13,196
"2020-04-18","EG","Egypt","EMRO",171,2844,9,205
"2020-04-19","EG","Egypt","EMRO",188,3032,19,224
"2020-04-20","EG","Egypt","EMRO",112,3144,15,239
"2020-04-21","EG","Egypt","EMRO",189,3333,11,250
"2020-04-22","EG","Egypt","EMRO",157,3490,14,264
"2020-04-23","EG","Egypt","EMRO",169,3659,12,276
"2020-04-24","EG","Egypt","EMRO",433,4092,18,294
"2020-04-25","EG","Egypt","EMRO",0,4092,0,294
"2020-04-26","EG","Egypt","EMRO",227,4319,13,307
"2020-04-27","EG","Egypt","EMRO",463,4782,30,337
"2020-04-28","EG","Egypt","EMRO",260,5042,22,359
"2020-04-29","EG","Egypt","EMRO",226,5268,21,380
"2020-04-30","EG","Egypt","EMRO",269,5537,12,392
"2020-05-01","EG","Egypt","EMRO",358,5895,14,406
"2020-05-02","EG","Egypt","EMRO",0,5895,0,406
"2020-05-03","EG","Egypt","EMRO",298,6193,9,415
"2020-05-04","EG","Egypt","EMRO",272,6465,14,429
"2020-05-05","EG","Egypt","EMRO",736,7201,23,452
"2020-05-06","EG","Egypt","EMRO",387,7588,17,469
"2020-05-07","EG","Egypt","EMRO",0,7588,0,469
"2020-05-08","EG","Egypt","EMRO",393,7981,13,482
"2020-05-09","EG","Egypt","EMRO",495,8476,21,503
"2020-05-10","EG","Egypt","EMRO",924,9400,22,525
"2020-05-11","EG","Egypt","EMRO",346,9746,8,533
"2020-05-12","EG","Egypt","EMRO",0,9746,0,533
"2020-05-13","EG","Egypt","EMRO",685,10431,23,556
"2020-05-14","EG","Egypt","EMRO",398,10829,15,571
"2020-05-15","EG","Egypt","EMRO",0,10829,0,571
"2020-05-16","EG","Egypt","EMRO",399,11228,21,592
"2020-05-17","EG","Egypt","EMRO",491,11719,20,612
"2020-05-18","EG","Egypt","EMRO",510,12229,18,630
"2020-05-19","EG","Egypt","EMRO",535,12764,15,645
"2020-05-20","EG","Egypt","EMRO",1465,14229,35,680
"2020-05-21","EG","Egypt","EMRO",0,14229,0,680
"2020-05-22","EG","Egypt","EMRO",774,15003,16,696
"2020-05-23","EG","Egypt","EMRO",783,15786,11,707
"2020-05-24","EG","Egypt","EMRO",727,16513,28,735
"2020-05-25","EG","Egypt","EMRO",752,17265,29,764
"2020-05-26","EG","Egypt","EMRO",702,17967,19,783
"2020-05-27","EG","Egypt","EMRO",789,18756,14,797
"2020-05-28","EG","Egypt","EMRO",910,19666,19,816
"2020-05-29","EG","Egypt","EMRO",1127,20793,29,845
"2020-05-30","EG","Egypt","EMRO",1289,22082,34,879
"2020-05-31","EG","Egypt","EMRO",1367,23449,34,913
"2020-06-01","EG","Egypt","EMRO",1536,24985,46,959
"2020-06-02","EG","Egypt","EMRO",1399,26384,46,1005
"2020-06-03","EG","Egypt","EMRO",1152,27536,47,1052
"2020-06-04","EG","Egypt","EMRO",1079,28615,36,1088
"2020-06-05","EG","Egypt","EMRO",1152,29767,38,1126
"2020-06-06","EG","Egypt","EMRO",1348,31115,40,1166
"2020-06-07","EG","Egypt","EMRO",1497,32612,32,1198
"2020-06-08","EG","Egypt","EMRO",1467,34079,39,1237
"2020-06-09","EG","Egypt","EMRO",1365,35444,34,1271
"2020-06-10","EG","Egypt","EMRO",1385,36829,35,1306
"2020-06-11","EG","Egypt","EMRO",1455,38284,36,1342
"2020-06-12","EG","Egypt","EMRO",1442,39726,35,1377
"2020-06-13","EG","Egypt","EMRO",1577,41303,45,1422
"2020-06-14","EG","Egypt","EMRO",1677,42980,62,1484
"2020-06-15","EG","Egypt","EMRO",1618,44598,91,1575
"2020-06-16","EG","Egypt","EMRO",1691,46289,97,1672
"2020-06-17","EG","Egypt","EMRO",1567,47856,94,1766
"2020-06-18","EG","Egypt","EMRO",1363,49219,84,1850
"2020-06-19","EG","Egypt","EMRO",1218,50437,88,1938
"2020-06-20","EG","Egypt","EMRO",1774,52211,79,2017
"2020-06-21","EG","Egypt","EMRO",1547,53758,89,2106
"2020-06-22","EG","Egypt","EMRO",1475,55233,87,2193
"2020-06-23","EG","Egypt","EMRO",1576,56809,85,2278
"2020-06-24","EG","Egypt","EMRO",1332,58141,87,2365
"2020-06-25","EG","Egypt","EMRO",1420,59561,85,2450
"2020-06-26","EG","Egypt","EMRO",1569,61130,83,2533
"2020-06-27","EG","Egypt","EMRO",1625,62755,87,2620
"2020-06-28","EG","Egypt","EMRO",1168,63923,88,2708
"2020-06-29","EG","Egypt","EMRO",1265,65188,81,2789
"2020-06-30","EG","Egypt","EMRO",1566,66754,83,2872
"2020-07-01","EG","Egypt","EMRO",1557,68311,81,2953
"2020-07-02","EG","Egypt","EMRO",1503,69814,81,3034
"2020-07-03","EG","Egypt","EMRO",1485,71299,86,3120
"2020-07-04","EG","Egypt","EMRO",1412,72711,81,3201
"2020-07-05","EG","Egypt","EMRO",1324,74035,79,3280
"2020-07-06","EG","Egypt","EMRO",1218,75253,63,3343
"2020-07-07","EG","Egypt","EMRO",969,76222,79,3422
"2020-07-08","EG","Egypt","EMRO",1057,77279,67,3489
"2020-07-09","EG","Egypt","EMRO",1025,78304,75,3564
"2020-07-10","EG","Egypt","EMRO",950,79254,53,3617
"2020-07-11","EG","Egypt","EMRO",981,80235,85,3702
"2020-07-12","EG","Egypt","EMRO",923,81158,67,3769
"2020-07-13","EG","Egypt","EMRO",912,82070,89,3858
"2020-07-14","EG","Egypt","EMRO",931,83001,77,3935
"2020-07-15","EG","Egypt","EMRO",929,83930,73,4008
"2020-07-16","EG","Egypt","EMRO",913,84843,59,4067
"2020-07-17","EG","Egypt","EMRO",928,85771,53,4120
"2020-07-18","EG","Egypt","EMRO",703,86474,68,4188
"2020-07-19","EG","Egypt","EMRO",698,87172,63,4251
"2020-07-20","EG","Egypt","EMRO",603,87775,51,4302
"2020-07-21","EG","Egypt","EMRO",627,88402,50,4352
"2020-07-22","EG","Egypt","EMRO",676,89078,47,4399
"2020-07-23","EG","Egypt","EMRO",667,89745,41,4440
"2020-07-24","EG","Egypt","EMRO",668,90413,40,4480
"2020-07-25","EG","Egypt","EMRO",659,91072,38,4518
"2020-07-26","EG","Egypt","EMRO",511,91583,40,4558
"2020-07-27","EG","Egypt","EMRO",479,92062,48,4606
"2020-07-28","EG","Egypt","EMRO",420,92482,46,4652
"2020-07-29","EG","Egypt","EMRO",465,92947,39,4691
"2020-07-30","EG","Egypt","EMRO",409,93356,37,4728
"2020-07-31","EG","Egypt","EMRO",401,93757,46,4774
"2020-08-01","EG","Egypt","EMRO",321,94078,31,4805
"2020-08-02","EG","Egypt","EMRO",238,94316,29,4834
"2020-08-03","EG","Egypt","EMRO",167,94483,31,4865
"2020-08-04","EG","Egypt","EMRO",157,94640,23,4888
"2020-08-05","EG","Egypt","EMRO",112,94752,24,4912
"2020-08-06","EG","Egypt","EMRO",123,94875,18,4930
"2020-08-07","EG","Egypt","EMRO",131,95006,21,4951
"2020-08-08","EG","Egypt","EMRO",141,95147,20,4971
"2020-08-09","EG","Egypt","EMRO",167,95314,21,4992
"2020-08-10","EG","Egypt","EMRO",178,95492,17,5009
"2020-08-11","EG","Egypt","EMRO",174,95666,26,5035
"2020-08-12","EG","Egypt","EMRO",168,95834,24,5059
"2020-08-13","EG","Egypt","EMRO",129,95963,26,5085
"2020-08-14","EG","Egypt","EMRO",145,96108,22,5107
"2020-08-15","EG","Egypt","EMRO",112,96220,17,5124
"2020-08-16","EG","Egypt","EMRO",116,96336,17,5141
"2020-08-17","EG","Egypt","EMRO",139,96475,19,5160
"2020-08-18","EG","Egypt","EMRO",115,96590,13,5173
"2020-08-19","EG","Egypt","EMRO",163,96753,11,5184
"2020-08-20","EG","Egypt","EMRO",161,96914,13,5197
"2020-08-21","EG","Egypt","EMRO",111,97025,15,5212
"2020-08-22","EG","Egypt","EMRO",123,97148,19,5231
"2020-08-23","EG","Egypt","EMRO",89,97237,12,5243
"2020-08-24","EG","Egypt","EMRO",103,97340,19,5262
"2020-08-25","EG","Egypt","EMRO",138,97478,18,5280
"2020-08-26","EG","Egypt","EMRO",141,97619,18,5298
"2020-08-27","EG","Egypt","EMRO",206,97825,19,5317
"2020-08-28","EG","Egypt","EMRO",237,98062,25,5342
"2020-08-29","EG","Egypt","EMRO",223,98285,20,5362
"2020-08-30","EG","Egypt","EMRO",212,98497,14,5376
"2020-08-31","EG","Egypt","EMRO",230,98727,23,5399
"2020-09-01","EG","Egypt","EMRO",212,98939,22,5421
"2020-09-02","EG","Egypt","EMRO",176,99115,19,5440
"2020-09-03","EG","Egypt","EMRO",165,99280,21,5461
"2020-09-04","EG","Egypt","EMRO",145,99425,18,5479
"2020-09-05","EG","Egypt","EMRO",157,99582,16,5495
"2020-09-06","EG","Egypt","EMRO",130,99712,16,5511
"2020-09-07","EG","Egypt","EMRO",151,99863,19,5530
"2020-09-08","EG","Egypt","EMRO",178,100041,11,5541
"2020-09-09","EG","Egypt","EMRO",187,100228,19,5560
"2020-09-10","EG","Egypt","EMRO",175,100403,17,5577
"2020-09-11","EG","Egypt","EMRO",154,100557,13,5590
"2020-09-12","EG","Egypt","EMRO",151,100708,17,5607
"2020-09-13","EG","Egypt","EMRO",148,100856,20,5627
"2020-09-14","EG","Egypt","EMRO",153,101009,21,5648
"2020-09-15","EG","Egypt","EMRO",168,101177,13,5661
"2020-09-16","EG","Egypt","EMRO",163,101340,18,5679
"2020-09-17","EG","Egypt","EMRO",160,101500,17,5696
"2020-09-18","EG","Egypt","EMRO",141,101641,19,5715
"2020-09-19","EG","Egypt","EMRO",131,101772,18,5733
"2020-09-20","EG","Egypt","EMRO",128,101900,17,5750
"2020-09-21","EG","Egypt","EMRO",115,102015,20,5770
"2020-09-22","EG","Egypt","EMRO",126,102141,17,5787
"2020-09-23","EG","Egypt","EMRO",113,102254,19,5806
"2020-09-24","EG","Egypt","EMRO",121,102375,16,5822
"2020-09-25","EG","Egypt","EMRO",138,102513,13,5835
"2020-09-26","EG","Egypt","EMRO",112,102625,18,5853
"2020-09-27","EG","Egypt","EMRO",111,102736,16,5869
"2020-09-28","EG","Egypt","EMRO",104,102840,14,5883
"2020-09-29","EG","Egypt","EMRO",115,102955,18,5901
"2020-09-30","EG","Egypt","EMRO",124,103079,13,5914
"2020-10-01","EG","Egypt","EMRO",119,103198,16,5930
"2020-10-02","EG","Egypt","EMRO",119,103317,16,5946
"2020-10-03","EG","Egypt","EMRO",149,103466,10,5956
"2020-10-04","EG","Egypt","EMRO",109,103575,14,5970
"2020-10-05","EG","Egypt","EMRO",108,103683,11,5981
"2020-10-06","EG","Egypt","EMRO",98,103781,9,5990
"2020-10-07","EG","Egypt","EMRO",121,103902,11,6001
"2020-10-08","EG","Egypt","EMRO",133,104035,9,6010
"2020-10-09","EG","Egypt","EMRO",121,104156,7,6017
"2020-10-10","EG","Egypt","EMRO",106,104262,12,6029
"2020-10-11","EG","Egypt","EMRO",125,104387,11,6040
"2020-10-12","EG","Egypt","EMRO",129,104516,12,6052
"2020-10-13","EG","Egypt","EMRO",132,104648,10,6062
"2020-10-14","EG","Egypt","EMRO",139,104787,9,6071
"2020-10-15","EG","Egypt","EMRO",128,104915,6,6077
"2020-10-16","EG","Egypt","EMRO",118,105033,11,6088
"2020-10-17","EG","Egypt","EMRO",126,105159,11,6099
"2020-10-18","EG","Egypt","EMRO",138,105297,10,6109
"2020-10-19","EG","Egypt","EMRO",127,105424,11,6120
"2020-10-20","EG","Egypt","EMRO",123,105547,10,6130
"2020-10-21","EG","Egypt","EMRO",158,105705,12,6142
"2020-10-22","EG","Egypt","EMRO",178,105883,13,6155
"2020-10-23","EG","Egypt","EMRO",177,106060,11,6166
"2020-10-24","EG","Egypt","EMRO",170,106230,10,6176
"2020-10-25","EG","Egypt","EMRO",167,106397,11,6187
"2020-10-26","EG","Egypt","EMRO",143,106540,12,6199
"2020-10-27","EG","Egypt","EMRO",167,106707,12,6211
"2020-10-28","EG","Egypt","EMRO",170,106877,11,6222
"2020-10-29","EG","Egypt","EMRO",153,107030,12,6234
"2020-10-30","EG","Egypt","EMRO",179,107209,13,6247
"2020-10-31","EG","Egypt","EMRO",176,107385,11,6258
"2020-11-01","EG","Egypt","EMRO",170,107555,8,6266
"2020-11-02","EG","Egypt","EMRO",181,107736,12,6278
"2020-11-03","EG","Egypt","EMRO",189,107925,13,6291
"2020-11-04","EG","Egypt","EMRO",197,108122,14,6305
"2020-11-05","EG","Egypt","EMRO",207,108329,13,6318
"2020-11-06","EG","Egypt","EMRO",201,108530,11,6329
"2020-11-07","EG","Egypt","EMRO",224,108754,14,6343
"2020-11-08","EG","Egypt","EMRO",208,108962,12,6355
"2020-11-09","EG","Egypt","EMRO",239,109201,13,6368
"2020-11-10","EG","Egypt","EMRO",221,109422,12,6380
"2020-11-11","EG","Egypt","EMRO",232,109654,14,6394
"2020-11-12","EG","Egypt","EMRO",227,109881,11,6405
"2020-11-13","EG","Egypt","EMRO",214,110095,12,6417
"2020-11-14","EG","Egypt","EMRO",224,110319,12,6429
"2020-11-15","EG","Egypt","EMRO",228,110547,13,6442
"2020-11-16","EG","Egypt","EMRO",220,110767,11,6453
"2020-11-17","EG","Egypt","EMRO",242,111009,12,6465
"2020-11-18","EG","Egypt","EMRO",275,111284,16,6481
"2020-11-19","EG","Egypt","EMRO",329,111613,14,6495
"2020-11-20","EG","Egypt","EMRO",342,111955,13,6508
"2020-11-21","EG","Egypt","EMRO",363,112318,13,6521
"2020-11-22","EG","Egypt","EMRO",358,112676,14,6535
"2020-11-23","EG","Egypt","EMRO",351,113027,13,6548
"2020-11-24","EG","Egypt","EMRO",354,113381,12,6560
"2020-11-25","EG","Egypt","EMRO",361,113742,13,6573
"2020-11-26","EG","Egypt","EMRO",365,114107,12,6585
"2020-11-27","EG","Egypt","EMRO",368,114475,11,6596
"2020-11-28","EG","Egypt","EMRO",357,114832,12,6608
"2020-11-29","EG","Egypt","EMRO",351,115183,13,6621
"2020-11-30","EG","Egypt","EMRO",358,115541,15,6636
"2020-12-01","EG","Egypt","EMRO",370,115911,14,6650
"2020-12-02","EG","Egypt","EMRO",392,116303,16,6666
"2020-12-03","EG","Egypt","EMRO",421,116724,28,6694
"2020-12-04","EG","Egypt","EMRO",432,117156,19,6713
"2020-12-05","EG","Egypt","EMRO",427,117583,19,6732
"2020-12-06","EG","Egypt","EMRO",431,118014,18,6750
"2020-12-07","EG","Egypt","EMRO",418,118432,21,6771
"2020-12-08","EG","Egypt","EMRO",415,118847,19,6790
"2020-12-09","EG","Egypt","EMRO",434,119281,23,6813
"2020-12-10","EG","Egypt","EMRO",421,119702,19,6832
"2020-12-11","EG","Egypt","EMRO",445,120147,22,6854
"2020-12-12","EG","Egypt","EMRO",464,120611,23,6877
