"Fecha_de_reporte","Codigo_pais","Paises","Region","Casos_nuevos","Casos_acumulados","defunciones_nuevas","defunciones_acumuladas"
"2020-01-03","EE","Estonia","EURO",0,0,0,0
"2020-01-04","EE","Estonia","EURO",0,0,0,0
"2020-01-05","EE","Estonia","EURO",0,0,0,0
"2020-01-06","EE","Estonia","EURO",0,0,0,0
"2020-01-07","EE","Estonia","EURO",0,0,0,0
"2020-01-08","EE","Estonia","EURO",0,0,0,0
"2020-01-09","EE","Estonia","EURO",0,0,0,0
"2020-01-10","EE","Estonia","EURO",0,0,0,0
"2020-01-11","EE","Estonia","EURO",0,0,0,0
"2020-01-12","EE","Estonia","EURO",0,0,0,0
"2020-01-13","EE","Estonia","EURO",0,0,0,0
"2020-01-14","EE","Estonia","EURO",0,0,0,0
"2020-01-15","EE","Estonia","EURO",0,0,0,0
"2020-01-16","EE","Estonia","EURO",0,0,0,0
"2020-01-17","EE","Estonia","EURO",0,0,0,0
"2020-01-18","EE","Estonia","EURO",0,0,0,0
"2020-01-19","EE","Estonia","EURO",0,0,0,0
"2020-01-20","EE","Estonia","EURO",0,0,0,0
"2020-01-21","EE","Estonia","EURO",0,0,0,0
"2020-01-22","EE","Estonia","EURO",0,0,0,0
"2020-01-23","EE","Estonia","EURO",0,0,0,0
"2020-01-24","EE","Estonia","EURO",0,0,0,0
"2020-01-25","EE","Estonia","EURO",0,0,0,0
"2020-01-26","EE","Estonia","EURO",0,0,0,0
"2020-01-27","EE","Estonia","EURO",0,0,0,0
"2020-01-28","EE","Estonia","EURO",0,0,0,0
"2020-01-29","EE","Estonia","EURO",0,0,0,0
"2020-01-30","EE","Estonia","EURO",0,0,0,0
"2020-01-31","EE","Estonia","EURO",0,0,0,0
"2020-02-01","EE","Estonia","EURO",0,0,0,0
"2020-02-02","EE","Estonia","EURO",0,0,0,0
"2020-02-03","EE","Estonia","EURO",0,0,0,0
"2020-02-04","EE","Estonia","EURO",0,0,0,0
"2020-02-05","EE","Estonia","EURO",0,0,0,0
"2020-02-06","EE","Estonia","EURO",0,0,0,0
"2020-02-07","EE","Estonia","EURO",0,0,0,0
"2020-02-08","EE","Estonia","EURO",0,0,0,0
"2020-02-09","EE","Estonia","EURO",0,0,0,0
"2020-02-10","EE","Estonia","EURO",0,0,0,0
"2020-02-11","EE","Estonia","EURO",0,0,0,0
"2020-02-12","EE","Estonia","EURO",0,0,0,0
"2020-02-13","EE","Estonia","EURO",0,0,0,0
"2020-02-14","EE","Estonia","EURO",0,0,0,0
"2020-02-15","EE","Estonia","EURO",0,0,0,0
"2020-02-16","EE","Estonia","EURO",0,0,0,0
"2020-02-17","EE","Estonia","EURO",0,0,0,0
"2020-02-18","EE","Estonia","EURO",0,0,0,0
"2020-02-19","EE","Estonia","EURO",0,0,0,0
"2020-02-20","EE","Estonia","EURO",0,0,0,0
"2020-02-21","EE","Estonia","EURO",0,0,0,0
"2020-02-22","EE","Estonia","EURO",0,0,0,0
"2020-02-23","EE","Estonia","EURO",0,0,0,0
"2020-02-24","EE","Estonia","EURO",0,0,0,0
"2020-02-25","EE","Estonia","EURO",0,0,0,0
"2020-02-26","EE","Estonia","EURO",0,0,0,0
"2020-02-27","EE","Estonia","EURO",1,1,0,0
"2020-02-28","EE","Estonia","EURO",0,1,0,0
"2020-02-29","EE","Estonia","EURO",0,1,0,0
"2020-03-01","EE","Estonia","EURO",0,1,0,0
"2020-03-02","EE","Estonia","EURO",0,1,0,0
"2020-03-03","EE","Estonia","EURO",0,1,0,0
"2020-03-04","EE","Estonia","EURO",1,2,0,0
"2020-03-05","EE","Estonia","EURO",0,2,0,0
"2020-03-06","EE","Estonia","EURO",3,5,0,0
"2020-03-07","EE","Estonia","EURO",5,10,0,0
"2020-03-08","EE","Estonia","EURO",0,10,0,0
"2020-03-09","EE","Estonia","EURO",0,10,0,0
"2020-03-10","EE","Estonia","EURO",0,10,0,0
"2020-03-11","EE","Estonia","EURO",3,13,0,0
"2020-03-12","EE","Estonia","EURO",3,16,0,0
"2020-03-13","EE","Estonia","EURO",11,27,0,0
"2020-03-14","EE","Estonia","EURO",52,79,0,0
"2020-03-15","EE","Estonia","EURO",36,115,0,0
"2020-03-16","EE","Estonia","EURO",56,171,0,0
"2020-03-17","EE","Estonia","EURO",34,205,0,0
"2020-03-18","EE","Estonia","EURO",20,225,0,0
"2020-03-19","EE","Estonia","EURO",33,258,0,0
"2020-03-20","EE","Estonia","EURO",9,267,0,0
"2020-03-21","EE","Estonia","EURO",16,283,0,0
"2020-03-22","EE","Estonia","EURO",23,306,0,0
"2020-03-23","EE","Estonia","EURO",20,326,0,0
"2020-03-24","EE","Estonia","EURO",26,352,0,0
"2020-03-25","EE","Estonia","EURO",17,369,0,0
"2020-03-26","EE","Estonia","EURO",35,404,1,1
"2020-03-27","EE","Estonia","EURO",134,538,0,1
"2020-03-28","EE","Estonia","EURO",37,575,0,1
"2020-03-29","EE","Estonia","EURO",65,640,0,1
"2020-03-30","EE","Estonia","EURO",39,679,2,3
"2020-03-31","EE","Estonia","EURO",36,715,0,3
"2020-04-01","EE","Estonia","EURO",30,745,1,4
"2020-04-02","EE","Estonia","EURO",34,779,1,5
"2020-04-03","EE","Estonia","EURO",79,858,6,11
"2020-04-04","EE","Estonia","EURO",103,961,1,12
"2020-04-05","EE","Estonia","EURO",57,1018,1,13
"2020-04-06","EE","Estonia","EURO",79,1097,2,15
"2020-04-07","EE","Estonia","EURO",11,1108,4,19
"2020-04-08","EE","Estonia","EURO",41,1149,2,21
"2020-04-09","EE","Estonia","EURO",36,1185,3,24
"2020-04-10","EE","Estonia","EURO",22,1207,0,24
"2020-04-11","EE","Estonia","EURO",51,1258,0,24
"2020-04-12","EE","Estonia","EURO",46,1304,0,24
"2020-04-13","EE","Estonia","EURO",5,1309,1,25
"2020-04-14","EE","Estonia","EURO",23,1332,3,28
"2020-04-15","EE","Estonia","EURO",41,1373,3,31
"2020-04-16","EE","Estonia","EURO",29,1402,4,35
"2020-04-17","EE","Estonia","EURO",32,1434,1,36
"2020-04-18","EE","Estonia","EURO",25,1459,2,38
"2020-04-19","EE","Estonia","EURO",53,1512,0,38
"2020-04-20","EE","Estonia","EURO",16,1528,2,40
"2020-04-21","EE","Estonia","EURO",7,1535,0,40
"2020-04-22","EE","Estonia","EURO",17,1552,3,43
"2020-04-23","EE","Estonia","EURO",7,1559,1,44
"2020-04-24","EE","Estonia","EURO",33,1592,1,45
"2020-04-25","EE","Estonia","EURO",13,1605,1,46
"2020-04-26","EE","Estonia","EURO",30,1635,0,46
"2020-04-27","EE","Estonia","EURO",8,1643,3,49
"2020-04-28","EE","Estonia","EURO",4,1647,1,50
"2020-04-29","EE","Estonia","EURO",13,1660,0,50
"2020-04-30","EE","Estonia","EURO",6,1666,0,50
"2020-05-01","EE","Estonia","EURO",23,1689,2,52
"2020-05-02","EE","Estonia","EURO",5,1694,0,52
"2020-05-03","EE","Estonia","EURO",5,1699,1,53
"2020-05-04","EE","Estonia","EURO",1,1700,2,55
"2020-05-05","EE","Estonia","EURO",3,1703,0,55
"2020-05-06","EE","Estonia","EURO",8,1711,0,55
"2020-05-07","EE","Estonia","EURO",2,1713,0,55
"2020-05-08","EE","Estonia","EURO",7,1720,1,56
"2020-05-09","EE","Estonia","EURO",5,1725,0,56
"2020-05-10","EE","Estonia","EURO",8,1733,4,60
"2020-05-11","EE","Estonia","EURO",6,1739,0,60
"2020-05-12","EE","Estonia","EURO",2,1741,1,61
"2020-05-13","EE","Estonia","EURO",5,1746,0,61
"2020-05-14","EE","Estonia","EURO",5,1751,0,61
"2020-05-15","EE","Estonia","EURO",7,1758,1,62
"2020-05-16","EE","Estonia","EURO",8,1766,1,63
"2020-05-17","EE","Estonia","EURO",4,1770,0,63
"2020-05-18","EE","Estonia","EURO",4,1774,0,63
"2020-05-19","EE","Estonia","EURO",10,1784,0,63
"2020-05-20","EE","Estonia","EURO",7,1791,0,63
"2020-05-21","EE","Estonia","EURO",3,1794,0,63
"2020-05-22","EE","Estonia","EURO",6,1800,0,63
"2020-05-23","EE","Estonia","EURO",7,1807,0,63
"2020-05-24","EE","Estonia","EURO",14,1821,0,63
"2020-05-25","EE","Estonia","EURO",2,1823,0,63
"2020-05-26","EE","Estonia","EURO",1,1824,0,63
"2020-05-27","EE","Estonia","EURO",10,1834,0,63
"2020-05-28","EE","Estonia","EURO",6,1840,0,63
"2020-05-29","EE","Estonia","EURO",11,1851,0,63
"2020-05-30","EE","Estonia","EURO",8,1859,0,63
"2020-05-31","EE","Estonia","EURO",6,1865,0,63
"2020-06-01","EE","Estonia","EURO",4,1869,0,63
"2020-06-02","EE","Estonia","EURO",1,1870,0,63
"2020-06-03","EE","Estonia","EURO",0,1870,0,63
"2020-06-04","EE","Estonia","EURO",10,1880,0,63
"2020-06-05","EE","Estonia","EURO",10,1890,0,63
"2020-06-06","EE","Estonia","EURO",20,1910,0,63
"2020-06-07","EE","Estonia","EURO",21,1931,0,63
"2020-06-08","EE","Estonia","EURO",8,1939,0,63
"2020-06-09","EE","Estonia","EURO",1,1940,0,63
"2020-06-10","EE","Estonia","EURO",7,1947,0,63
"2020-06-11","EE","Estonia","EURO",11,1958,0,63
"2020-06-12","EE","Estonia","EURO",7,1965,0,63
"2020-06-13","EE","Estonia","EURO",5,1970,0,63
"2020-06-14","EE","Estonia","EURO",3,1973,0,63
"2020-06-15","EE","Estonia","EURO",0,1973,0,63
"2020-06-16","EE","Estonia","EURO",1,1974,0,63
"2020-06-17","EE","Estonia","EURO",1,1975,0,63
"2020-06-18","EE","Estonia","EURO",2,1977,0,63
"2020-06-19","EE","Estonia","EURO",0,1977,0,63
"2020-06-20","EE","Estonia","EURO",2,1979,0,63
"2020-06-21","EE","Estonia","EURO",2,1981,0,63
"2020-06-22","EE","Estonia","EURO",0,1981,0,63
"2020-06-23","EE","Estonia","EURO",0,1981,0,63
"2020-06-24","EE","Estonia","EURO",1,1982,0,63
"2020-06-25","EE","Estonia","EURO",1,1983,0,63
"2020-06-26","EE","Estonia","EURO",1,1984,0,63
"2020-06-27","EE","Estonia","EURO",2,1986,0,63
"2020-06-28","EE","Estonia","EURO",0,1986,0,63
"2020-06-29","EE","Estonia","EURO",1,1987,0,63
"2020-06-30","EE","Estonia","EURO",0,1987,0,63
"2020-07-01","EE","Estonia","EURO",2,1989,0,63
"2020-07-02","EE","Estonia","EURO",0,1989,0,63
"2020-07-03","EE","Estonia","EURO",1,1990,0,63
"2020-07-04","EE","Estonia","EURO",1,1991,0,63
"2020-07-05","EE","Estonia","EURO",2,1993,0,63
"2020-07-06","EE","Estonia","EURO",0,1993,0,63
"2020-07-07","EE","Estonia","EURO",1,1994,0,63
"2020-07-08","EE","Estonia","EURO",1,1995,0,63
"2020-07-09","EE","Estonia","EURO",8,2003,0,63
"2020-07-10","EE","Estonia","EURO",8,2011,0,63
"2020-07-11","EE","Estonia","EURO",2,2013,0,63
"2020-07-12","EE","Estonia","EURO",1,2014,0,63
"2020-07-13","EE","Estonia","EURO",0,2014,0,63
"2020-07-14","EE","Estonia","EURO",0,2014,0,63
"2020-07-15","EE","Estonia","EURO",1,2015,0,63
"2020-07-16","EE","Estonia","EURO",1,2016,0,63
"2020-07-17","EE","Estonia","EURO",0,2016,0,63
"2020-07-18","EE","Estonia","EURO",4,2020,0,63
"2020-07-19","EE","Estonia","EURO",1,2021,0,63
"2020-07-20","EE","Estonia","EURO",0,2021,0,63
"2020-07-21","EE","Estonia","EURO",0,2021,0,63
"2020-07-22","EE","Estonia","EURO",1,2022,0,63
"2020-07-23","EE","Estonia","EURO",3,2025,0,63
"2020-07-24","EE","Estonia","EURO",2,2027,0,63
"2020-07-25","EE","Estonia","EURO",1,2028,0,63
"2020-07-26","EE","Estonia","EURO",5,2033,0,63
"2020-07-27","EE","Estonia","EURO",1,2034,0,63
"2020-07-28","EE","Estonia","EURO",4,2038,0,63
"2020-07-29","EE","Estonia","EURO",0,2038,0,63
"2020-07-30","EE","Estonia","EURO",4,2042,0,63
"2020-07-31","EE","Estonia","EURO",9,2051,0,63
"2020-08-01","EE","Estonia","EURO",13,2064,0,63
"2020-08-02","EE","Estonia","EURO",8,2072,0,63
"2020-08-03","EE","Estonia","EURO",7,2079,0,63
"2020-08-04","EE","Estonia","EURO",1,2080,0,63
"2020-08-05","EE","Estonia","EURO",11,2091,0,63
"2020-08-06","EE","Estonia","EURO",22,2113,0,63
"2020-08-07","EE","Estonia","EURO",11,2124,0,63
"2020-08-08","EE","Estonia","EURO",9,2133,0,63
"2020-08-09","EE","Estonia","EURO",14,2147,0,63
"2020-08-10","EE","Estonia","EURO",5,2152,0,63
"2020-08-11","EE","Estonia","EURO",6,2158,0,63
"2020-08-12","EE","Estonia","EURO",9,2167,0,63
"2020-08-13","EE","Estonia","EURO",7,2174,0,63
"2020-08-14","EE","Estonia","EURO",0,2174,0,63
"2020-08-15","EE","Estonia","EURO",3,2177,0,63
"2020-08-16","EE","Estonia","EURO",7,2184,0,63
"2020-08-17","EE","Estonia","EURO",6,2190,0,63
"2020-08-18","EE","Estonia","EURO",2,2192,0,63
"2020-08-19","EE","Estonia","EURO",8,2200,0,63
"2020-08-20","EE","Estonia","EURO",7,2207,0,63
"2020-08-21","EE","Estonia","EURO",20,2227,0,63
"2020-08-22","EE","Estonia","EURO",17,2244,0,63
"2020-08-23","EE","Estonia","EURO",21,2265,0,63
"2020-08-24","EE","Estonia","EURO",7,2272,0,63
"2020-08-25","EE","Estonia","EURO",3,2275,1,64
"2020-08-26","EE","Estonia","EURO",19,2294,0,64
"2020-08-27","EE","Estonia","EURO",17,2311,0,64
"2020-08-28","EE","Estonia","EURO",14,2325,0,64
"2020-08-29","EE","Estonia","EURO",18,2343,0,64
"2020-08-30","EE","Estonia","EURO",20,2363,0,64
"2020-08-31","EE","Estonia","EURO",10,2373,0,64
"2020-09-01","EE","Estonia","EURO",2,2375,0,64
"2020-09-02","EE","Estonia","EURO",20,2395,0,64
"2020-09-03","EE","Estonia","EURO",20,2415,0,64
"2020-09-04","EE","Estonia","EURO",26,2441,0,64
"2020-09-05","EE","Estonia","EURO",15,2456,0,64
"2020-09-06","EE","Estonia","EURO",34,2490,0,64
"2020-09-07","EE","Estonia","EURO",25,2515,0,64
"2020-09-08","EE","Estonia","EURO",16,2531,0,64
"2020-09-09","EE","Estonia","EURO",32,2563,0,64
"2020-09-10","EE","Estonia","EURO",22,2585,0,64
"2020-09-11","EE","Estonia","EURO",15,2600,0,64
"2020-09-12","EE","Estonia","EURO",32,2632,0,64
"2020-09-13","EE","Estonia","EURO",23,2655,0,64
"2020-09-14","EE","Estonia","EURO",21,2676,0,64
"2020-09-15","EE","Estonia","EURO",22,2698,0,64
"2020-09-16","EE","Estonia","EURO",24,2722,0,64
"2020-09-17","EE","Estonia","EURO",34,2756,0,64
"2020-09-18","EE","Estonia","EURO",22,2778,0,64
"2020-09-19","EE","Estonia","EURO",36,2814,0,64
"2020-09-20","EE","Estonia","EURO",61,2875,0,64
"2020-09-21","EE","Estonia","EURO",49,2924,0,64
"2020-09-22","EE","Estonia","EURO",17,2941,0,64
"2020-09-23","EE","Estonia","EURO",35,2976,0,64
"2020-09-24","EE","Estonia","EURO",57,3033,0,64
"2020-09-25","EE","Estonia","EURO",43,3076,0,64
"2020-09-26","EE","Estonia","EURO",42,3118,0,64
"2020-09-27","EE","Estonia","EURO",47,3165,0,64
"2020-09-28","EE","Estonia","EURO",35,3200,0,64
"2020-09-29","EE","Estonia","EURO",67,3267,0,64
"2020-09-30","EE","Estonia","EURO",48,3315,0,64
"2020-10-01","EE","Estonia","EURO",56,3371,0,64
"2020-10-02","EE","Estonia","EURO",79,3450,1,65
"2020-10-03","EE","Estonia","EURO",57,3507,1,66
"2020-10-04","EE","Estonia","EURO",70,3577,1,67
"2020-10-05","EE","Estonia","EURO",30,3607,0,67
"2020-10-06","EE","Estonia","EURO",10,3617,0,67
"2020-10-07","EE","Estonia","EURO",42,3659,0,67
"2020-10-08","EE","Estonia","EURO",56,3715,0,67
"2020-10-09","EE","Estonia","EURO",45,3760,0,67
"2020-10-10","EE","Estonia","EURO",49,3809,1,68
"2020-10-11","EE","Estonia","EURO",37,3846,0,68
"2020-10-12","EE","Estonia","EURO",19,3865,0,68
"2020-10-13","EE","Estonia","EURO",18,3883,0,68
"2020-10-14","EE","Estonia","EURO",25,3908,0,68
"2020-10-15","EE","Estonia","EURO",39,3947,0,68
"2020-10-16","EE","Estonia","EURO",33,3980,0,68
"2020-10-17","EE","Estonia","EURO",37,4017,0,68
"2020-10-18","EE","Estonia","EURO",35,4052,0,68
"2020-10-19","EE","Estonia","EURO",26,4078,0,68
"2020-10-20","EE","Estonia","EURO",7,4085,0,68
"2020-10-21","EE","Estonia","EURO",42,4127,3,71
"2020-10-22","EE","Estonia","EURO",44,4171,0,71
"2020-10-23","EE","Estonia","EURO",76,4247,0,71
"2020-10-24","EE","Estonia","EURO",53,4300,2,73
"2020-10-25","EE","Estonia","EURO",51,4351,0,73
"2020-10-26","EE","Estonia","EURO",60,4411,0,73
"2020-10-27","EE","Estonia","EURO",17,4428,0,73
"2020-10-28","EE","Estonia","EURO",37,4465,0,73
"2020-10-29","EE","Estonia","EURO",125,4590,0,73
"2020-10-30","EE","Estonia","EURO",81,4671,0,73
"2020-10-31","EE","Estonia","EURO",100,4771,0,73
"2020-11-01","EE","Estonia","EURO",134,4905,0,73
"2020-11-02","EE","Estonia","EURO",80,4985,0,73
"2020-11-03","EE","Estonia","EURO",61,5046,0,73
"2020-11-04","EE","Estonia","EURO",79,5125,0,73
"2020-11-05","EE","Estonia","EURO",208,5333,0,73
"2020-11-06","EE","Estonia","EURO",131,5464,0,73
"2020-11-07","EE","Estonia","EURO",241,5705,0,73
"2020-11-08","EE","Estonia","EURO",228,5933,0,73
"2020-11-09","EE","Estonia","EURO",192,6125,2,75
"2020-11-10","EE","Estonia","EURO",125,6250,1,76
"2020-11-11","EE","Estonia","EURO",126,6376,0,76
"2020-11-12","EE","Estonia","EURO",132,6508,0,76
"2020-11-13","EE","Estonia","EURO",373,6881,0,76
"2020-11-14","EE","Estonia","EURO",267,7148,4,80
"2020-11-15","EE","Estonia","EURO",0,7148,0,80
"2020-11-16","EE","Estonia","EURO",489,7637,1,81
"2020-11-17","EE","Estonia","EURO",211,7848,0,81
"2020-11-18","EE","Estonia","EURO",185,8033,3,84
"2020-11-19","EE","Estonia","EURO",271,8304,1,85
"2020-11-20","EE","Estonia","EURO",411,8715,1,86
"2020-11-21","EE","Estonia","EURO",361,9076,1,87
"2020-11-22","EE","Estonia","EURO",299,9375,0,87
"2020-11-23","EE","Estonia","EURO",349,9724,1,88
"2020-11-24","EE","Estonia","EURO",232,9956,4,92
"2020-11-25","EE","Estonia","EURO",203,10159,2,94
"2020-11-26","EE","Estonia","EURO",382,10541,3,97
"2020-11-27","EE","Estonia","EURO",414,10955,2,99
"2020-11-28","EE","Estonia","EURO",368,11323,5,104
"2020-11-29","EE","Estonia","EURO",375,11698,5,109
"2020-11-30","EE","Estonia","EURO",354,12052,3,112
"2020-12-01","EE","Estonia","EURO",256,12308,6,118
"2020-12-02","EE","Estonia","EURO",189,12497,3,121
"2020-12-03","EE","Estonia","EURO",522,13019,1,122
"2020-12-04","EE","Estonia","EURO",450,13469,1,123
"2020-12-05","EE","Estonia","EURO",470,13939,2,125
"2020-12-06","EE","Estonia","EURO",561,14500,1,126
"2020-12-07","EE","Estonia","EURO",478,14978,5,131
"2020-12-08","EE","Estonia","EURO",248,15226,3,134
"2020-12-09","EE","Estonia","EURO",284,15510,3,137
"2020-12-10","EE","Estonia","EURO",544,16054,2,139
"2020-12-11","EE","Estonia","EURO",544,16598,2,141
"2020-12-12","EE","Estonia","EURO",358,16956,1,142
