"Fecha_de_reporte","Codigo_pais","Paises","Region","Casos_nuevos","Casos_acumulados","defunciones_nuevas","defunciones_acumuladas"
"2020-01-03","ET","Ethiopia","AFRO",0,0,0,0
"2020-01-04","ET","Ethiopia","AFRO",0,0,0,0
"2020-01-05","ET","Ethiopia","AFRO",0,0,0,0
"2020-01-06","ET","Ethiopia","AFRO",0,0,0,0
"2020-01-07","ET","Ethiopia","AFRO",0,0,0,0
"2020-01-08","ET","Ethiopia","AFRO",0,0,0,0
"2020-01-09","ET","Ethiopia","AFRO",0,0,0,0
"2020-01-10","ET","Ethiopia","AFRO",0,0,0,0
"2020-01-11","ET","Ethiopia","AFRO",0,0,0,0
"2020-01-12","ET","Ethiopia","AFRO",0,0,0,0
"2020-01-13","ET","Ethiopia","AFRO",0,0,0,0
"2020-01-14","ET","Ethiopia","AFRO",0,0,0,0
"2020-01-15","ET","Ethiopia","AFRO",0,0,0,0
"2020-01-16","ET","Ethiopia","AFRO",0,0,0,0
"2020-01-17","ET","Ethiopia","AFRO",0,0,0,0
"2020-01-18","ET","Ethiopia","AFRO",0,0,0,0
"2020-01-19","ET","Ethiopia","AFRO",0,0,0,0
"2020-01-20","ET","Ethiopia","AFRO",0,0,0,0
"2020-01-21","ET","Ethiopia","AFRO",0,0,0,0
"2020-01-22","ET","Ethiopia","AFRO",0,0,0,0
"2020-01-23","ET","Ethiopia","AFRO",0,0,0,0
"2020-01-24","ET","Ethiopia","AFRO",0,0,0,0
"2020-01-25","ET","Ethiopia","AFRO",0,0,0,0
"2020-01-26","ET","Ethiopia","AFRO",0,0,0,0
"2020-01-27","ET","Ethiopia","AFRO",0,0,0,0
"2020-01-28","ET","Ethiopia","AFRO",0,0,0,0
"2020-01-29","ET","Ethiopia","AFRO",0,0,0,0
"2020-01-30","ET","Ethiopia","AFRO",0,0,0,0
"2020-01-31","ET","Ethiopia","AFRO",0,0,0,0
"2020-02-01","ET","Ethiopia","AFRO",0,0,0,0
"2020-02-02","ET","Ethiopia","AFRO",0,0,0,0
"2020-02-03","ET","Ethiopia","AFRO",0,0,0,0
"2020-02-04","ET","Ethiopia","AFRO",0,0,0,0
"2020-02-05","ET","Ethiopia","AFRO",0,0,0,0
"2020-02-06","ET","Ethiopia","AFRO",0,0,0,0
"2020-02-07","ET","Ethiopia","AFRO",0,0,0,0
"2020-02-08","ET","Ethiopia","AFRO",0,0,0,0
"2020-02-09","ET","Ethiopia","AFRO",0,0,0,0
"2020-02-10","ET","Ethiopia","AFRO",0,0,0,0
"2020-02-11","ET","Ethiopia","AFRO",0,0,0,0
"2020-02-12","ET","Ethiopia","AFRO",0,0,0,0
"2020-02-13","ET","Ethiopia","AFRO",0,0,0,0
"2020-02-14","ET","Ethiopia","AFRO",0,0,0,0
"2020-02-15","ET","Ethiopia","AFRO",0,0,0,0
"2020-02-16","ET","Ethiopia","AFRO",0,0,0,0
"2020-02-17","ET","Ethiopia","AFRO",0,0,0,0
"2020-02-18","ET","Ethiopia","AFRO",0,0,0,0
"2020-02-19","ET","Ethiopia","AFRO",0,0,0,0
"2020-02-20","ET","Ethiopia","AFRO",0,0,0,0
"2020-02-21","ET","Ethiopia","AFRO",0,0,0,0
"2020-02-22","ET","Ethiopia","AFRO",0,0,0,0
"2020-02-23","ET","Ethiopia","AFRO",0,0,0,0
"2020-02-24","ET","Ethiopia","AFRO",0,0,0,0
"2020-02-25","ET","Ethiopia","AFRO",0,0,0,0
"2020-02-26","ET","Ethiopia","AFRO",0,0,0,0
"2020-02-27","ET","Ethiopia","AFRO",0,0,0,0
"2020-02-28","ET","Ethiopia","AFRO",0,0,0,0
"2020-02-29","ET","Ethiopia","AFRO",0,0,0,0
"2020-03-01","ET","Ethiopia","AFRO",0,0,0,0
"2020-03-02","ET","Ethiopia","AFRO",0,0,0,0
"2020-03-03","ET","Ethiopia","AFRO",0,0,0,0
"2020-03-04","ET","Ethiopia","AFRO",0,0,0,0
"2020-03-05","ET","Ethiopia","AFRO",0,0,0,0
"2020-03-06","ET","Ethiopia","AFRO",0,0,0,0
"2020-03-07","ET","Ethiopia","AFRO",0,0,0,0
"2020-03-08","ET","Ethiopia","AFRO",0,0,0,0
"2020-03-09","ET","Ethiopia","AFRO",0,0,0,0
"2020-03-10","ET","Ethiopia","AFRO",0,0,0,0
"2020-03-11","ET","Ethiopia","AFRO",0,0,0,0
"2020-03-12","ET","Ethiopia","AFRO",0,0,0,0
"2020-03-13","ET","Ethiopia","AFRO",0,0,0,0
"2020-03-14","ET","Ethiopia","AFRO",5,5,0,0
"2020-03-15","ET","Ethiopia","AFRO",0,5,0,0
"2020-03-16","ET","Ethiopia","AFRO",3,8,0,0
"2020-03-17","ET","Ethiopia","AFRO",1,9,0,0
"2020-03-18","ET","Ethiopia","AFRO",1,10,0,0
"2020-03-19","ET","Ethiopia","AFRO",3,13,0,0
"2020-03-20","ET","Ethiopia","AFRO",0,13,0,0
"2020-03-21","ET","Ethiopia","AFRO",0,13,0,0
"2020-03-22","ET","Ethiopia","AFRO",0,13,0,0
"2020-03-23","ET","Ethiopia","AFRO",-2,11,0,0
"2020-03-24","ET","Ethiopia","AFRO",0,11,0,0
"2020-03-25","ET","Ethiopia","AFRO",1,12,0,0
"2020-03-26","ET","Ethiopia","AFRO",0,12,0,0
"2020-03-27","ET","Ethiopia","AFRO",0,12,0,0
"2020-03-28","ET","Ethiopia","AFRO",4,16,0,0
"2020-03-29","ET","Ethiopia","AFRO",0,16,0,0
"2020-03-30","ET","Ethiopia","AFRO",5,21,0,0
"2020-03-31","ET","Ethiopia","AFRO",2,23,0,0
"2020-04-01","ET","Ethiopia","AFRO",3,26,0,0
"2020-04-02","ET","Ethiopia","AFRO",0,26,0,0
"2020-04-03","ET","Ethiopia","AFRO",5,31,0,0
"2020-04-04","ET","Ethiopia","AFRO",4,35,0,0
"2020-04-05","ET","Ethiopia","AFRO",3,38,0,0
"2020-04-06","ET","Ethiopia","AFRO",5,43,1,1
"2020-04-07","ET","Ethiopia","AFRO",1,44,0,1
"2020-04-08","ET","Ethiopia","AFRO",8,52,1,2
"2020-04-09","ET","Ethiopia","AFRO",3,55,0,2
"2020-04-10","ET","Ethiopia","AFRO",1,56,0,2
"2020-04-11","ET","Ethiopia","AFRO",9,65,0,2
"2020-04-12","ET","Ethiopia","AFRO",4,69,1,3
"2020-04-13","ET","Ethiopia","AFRO",2,71,0,3
"2020-04-14","ET","Ethiopia","AFRO",3,74,0,3
"2020-04-15","ET","Ethiopia","AFRO",8,82,0,3
"2020-04-16","ET","Ethiopia","AFRO",3,85,0,3
"2020-04-17","ET","Ethiopia","AFRO",7,92,0,3
"2020-04-18","ET","Ethiopia","AFRO",4,96,0,3
"2020-04-19","ET","Ethiopia","AFRO",9,105,0,3
"2020-04-20","ET","Ethiopia","AFRO",3,108,0,3
"2020-04-21","ET","Ethiopia","AFRO",3,111,0,3
"2020-04-22","ET","Ethiopia","AFRO",3,114,0,3
"2020-04-23","ET","Ethiopia","AFRO",2,116,0,3
"2020-04-24","ET","Ethiopia","AFRO",0,116,0,3
"2020-04-25","ET","Ethiopia","AFRO",1,117,0,3
"2020-04-26","ET","Ethiopia","AFRO",5,122,0,3
"2020-04-27","ET","Ethiopia","AFRO",1,123,0,3
"2020-04-28","ET","Ethiopia","AFRO",1,124,0,3
"2020-04-29","ET","Ethiopia","AFRO",2,126,0,3
"2020-04-30","ET","Ethiopia","AFRO",4,130,0,3
"2020-05-01","ET","Ethiopia","AFRO",1,131,0,3
"2020-05-02","ET","Ethiopia","AFRO",2,133,0,3
"2020-05-03","ET","Ethiopia","AFRO",0,133,0,3
"2020-05-04","ET","Ethiopia","AFRO",2,135,0,3
"2020-05-05","ET","Ethiopia","AFRO",5,140,0,3
"2020-05-06","ET","Ethiopia","AFRO",5,145,1,4
"2020-05-07","ET","Ethiopia","AFRO",17,162,0,4
"2020-05-08","ET","Ethiopia","AFRO",29,191,0,4
"2020-05-09","ET","Ethiopia","AFRO",3,194,0,4
"2020-05-10","ET","Ethiopia","AFRO",16,210,1,5
"2020-05-11","ET","Ethiopia","AFRO",29,239,0,5
"2020-05-12","ET","Ethiopia","AFRO",11,250,0,5
"2020-05-13","ET","Ethiopia","AFRO",11,261,0,5
"2020-05-14","ET","Ethiopia","AFRO",2,263,0,5
"2020-05-15","ET","Ethiopia","AFRO",9,272,0,5
"2020-05-16","ET","Ethiopia","AFRO",15,287,0,5
"2020-05-17","ET","Ethiopia","AFRO",19,306,0,5
"2020-05-18","ET","Ethiopia","AFRO",11,317,0,5
"2020-05-19","ET","Ethiopia","AFRO",35,352,0,5
"2020-05-20","ET","Ethiopia","AFRO",13,365,0,5
"2020-05-21","ET","Ethiopia","AFRO",24,389,0,5
"2020-05-22","ET","Ethiopia","AFRO",10,399,0,5
"2020-05-23","ET","Ethiopia","AFRO",34,433,0,5
"2020-05-24","ET","Ethiopia","AFRO",61,494,0,5
"2020-05-25","ET","Ethiopia","AFRO",88,582,0,5
"2020-05-26","ET","Ethiopia","AFRO",73,655,0,5
"2020-05-27","ET","Ethiopia","AFRO",46,701,1,6
"2020-05-28","ET","Ethiopia","AFRO",30,731,0,6
"2020-05-29","ET","Ethiopia","AFRO",100,831,1,7
"2020-05-30","ET","Ethiopia","AFRO",137,968,1,8
"2020-05-31","ET","Ethiopia","AFRO",95,1063,0,8
"2020-06-01","ET","Ethiopia","AFRO",109,1172,3,11
"2020-06-02","ET","Ethiopia","AFRO",85,1257,1,12
"2020-06-03","ET","Ethiopia","AFRO",87,1344,2,14
"2020-06-04","ET","Ethiopia","AFRO",142,1486,3,17
"2020-06-05","ET","Ethiopia","AFRO",150,1636,1,18
"2020-06-06","ET","Ethiopia","AFRO",169,1805,1,19
"2020-06-07","ET","Ethiopia","AFRO",129,1934,1,20
"2020-06-08","ET","Ethiopia","AFRO",86,2020,7,27
"2020-06-09","ET","Ethiopia","AFRO",136,2156,0,27
"2020-06-10","ET","Ethiopia","AFRO",180,2336,5,32
"2020-06-11","ET","Ethiopia","AFRO",170,2506,3,35
"2020-06-12","ET","Ethiopia","AFRO",164,2670,5,40
"2020-06-13","ET","Ethiopia","AFRO",245,2915,7,47
"2020-06-14","ET","Ethiopia","AFRO",251,3166,8,55
"2020-06-15","ET","Ethiopia","AFRO",179,3345,2,57
"2020-06-16","ET","Ethiopia","AFRO",176,3521,3,60
"2020-06-17","ET","Ethiopia","AFRO",109,3630,1,61
"2020-06-18","ET","Ethiopia","AFRO",129,3759,2,63
"2020-06-19","ET","Ethiopia","AFRO",195,3954,2,65
"2020-06-20","ET","Ethiopia","AFRO",116,4070,7,72
"2020-06-21","ET","Ethiopia","AFRO",399,4469,0,72
"2020-06-22","ET","Ethiopia","AFRO",63,4532,2,74
"2020-06-23","ET","Ethiopia","AFRO",131,4663,1,75
"2020-06-24","ET","Ethiopia","AFRO",185,4848,0,75
"2020-06-25","ET","Ethiopia","AFRO",186,5034,3,78
"2020-06-26","ET","Ethiopia","AFRO",141,5175,3,81
"2020-06-27","ET","Ethiopia","AFRO",250,5425,8,89
"2020-06-28","ET","Ethiopia","AFRO",145,5570,5,94
"2020-06-29","ET","Ethiopia","AFRO",119,5689,4,98
"2020-06-30","ET","Ethiopia","AFRO",157,5846,5,103
"2020-07-01","ET","Ethiopia","AFRO",0,5846,0,103
"2020-07-02","ET","Ethiopia","AFRO",202,6048,4,107
"2020-07-03","ET","Ethiopia","AFRO",115,6163,2,109
"2020-07-04","ET","Ethiopia","AFRO",54,6217,5,114
"2020-07-05","ET","Ethiopia","AFRO",169,6386,2,116
"2020-07-06","ET","Ethiopia","AFRO",0,6386,0,116
"2020-07-07","ET","Ethiopia","AFRO",280,6666,3,119
"2020-07-08","ET","Ethiopia","AFRO",108,6774,1,120
"2020-07-09","ET","Ethiopia","AFRO",199,6973,0,120
"2020-07-10","ET","Ethiopia","AFRO",147,7120,4,124
"2020-07-11","ET","Ethiopia","AFRO",282,7402,0,124
"2020-07-12","ET","Ethiopia","AFRO",158,7560,3,127
"2020-07-13","ET","Ethiopia","AFRO",206,7766,1,128
"2020-07-14","ET","Ethiopia","AFRO",203,7969,11,139
"2020-07-15","ET","Ethiopia","AFRO",212,8181,7,146
"2020-07-16","ET","Ethiopia","AFRO",294,8475,2,148
"2020-07-17","ET","Ethiopia","AFRO",328,8803,2,150
"2020-07-18","ET","Ethiopia","AFRO",344,9147,13,163
"2020-07-19","ET","Ethiopia","AFRO",356,9503,4,167
"2020-07-20","ET","Ethiopia","AFRO",704,10207,3,170
"2020-07-21","ET","Ethiopia","AFRO",304,10511,3,173
"2020-07-22","ET","Ethiopia","AFRO",561,11072,7,180
"2020-07-23","ET","Ethiopia","AFRO",452,11524,8,188
"2020-07-24","ET","Ethiopia","AFRO",409,11933,9,197
"2020-07-25","ET","Ethiopia","AFRO",760,12693,3,200
"2020-07-26","ET","Ethiopia","AFRO",555,13248,9,209
"2020-07-27","ET","Ethiopia","AFRO",720,13968,14,223
"2020-07-28","ET","Ethiopia","AFRO",579,14547,5,228
"2020-07-29","ET","Ethiopia","AFRO",653,15200,11,239
"2020-07-30","ET","Ethiopia","AFRO",610,15810,14,253
"2020-07-31","ET","Ethiopia","AFRO",805,16615,10,263
"2020-08-01","ET","Ethiopia","AFRO",915,17530,11,274
"2020-08-02","ET","Ethiopia","AFRO",469,17999,10,284
"2020-08-03","ET","Ethiopia","AFRO",707,18706,26,310
"2020-08-04","ET","Ethiopia","AFRO",583,19289,26,336
"2020-08-05","ET","Ethiopia","AFRO",586,19875,7,343
"2020-08-06","ET","Ethiopia","AFRO",461,20336,13,356
"2020-08-07","ET","Ethiopia","AFRO",564,20900,9,365
"2020-08-08","ET","Ethiopia","AFRO",552,21452,15,380
"2020-08-09","ET","Ethiopia","AFRO",801,22253,10,390
"2020-08-10","ET","Ethiopia","AFRO",565,22818,17,407
"2020-08-11","ET","Ethiopia","AFRO",773,23591,13,420
"2020-08-12","ET","Ethiopia","AFRO",584,24175,20,440
"2020-08-13","ET","Ethiopia","AFRO",961,25136,23,463
"2020-08-14","ET","Ethiopia","AFRO",1068,26204,16,479
"2020-08-15","ET","Ethiopia","AFRO",1038,27242,13,492
"2020-08-16","ET","Ethiopia","AFRO",1652,28894,17,509
"2020-08-17","ET","Ethiopia","AFRO",982,29876,19,528
"2020-08-18","ET","Ethiopia","AFRO",1460,31336,16,544
"2020-08-19","ET","Ethiopia","AFRO",1386,32722,28,572
"2020-08-20","ET","Ethiopia","AFRO",1336,34058,28,600
"2020-08-21","ET","Ethiopia","AFRO",1778,35836,20,620
"2020-08-22","ET","Ethiopia","AFRO",1829,37665,17,637
"2020-08-23","ET","Ethiopia","AFRO",1368,39033,25,662
"2020-08-24","ET","Ethiopia","AFRO",1638,40671,16,678
"2020-08-25","ET","Ethiopia","AFRO",1472,42143,14,692
"2020-08-26","ET","Ethiopia","AFRO",1545,43688,17,709
"2020-08-27","ET","Ethiopia","AFRO",1533,45221,16,725
"2020-08-28","ET","Ethiopia","AFRO",1186,46407,20,745
"2020-08-29","ET","Ethiopia","AFRO",1733,48140,13,758
"2020-08-30","ET","Ethiopia","AFRO",1514,49654,12,770
"2020-08-31","ET","Ethiopia","AFRO",1468,51122,23,793
"2020-09-01","ET","Ethiopia","AFRO",1009,52131,16,809
"2020-09-02","ET","Ethiopia","AFRO",1173,53304,19,828
"2020-09-03","ET","Ethiopia","AFRO",1105,54409,18,846
"2020-09-04","ET","Ethiopia","AFRO",804,55213,10,856
"2020-09-05","ET","Ethiopia","AFRO",1303,56516,24,880
"2020-09-06","ET","Ethiopia","AFRO",950,57466,17,897
"2020-09-07","ET","Ethiopia","AFRO",1206,58672,21,918
"2020-09-08","ET","Ethiopia","AFRO",976,59648,15,933
"2020-09-09","ET","Ethiopia","AFRO",1136,60784,16,949
"2020-09-10","ET","Ethiopia","AFRO",916,61700,17,966
"2020-09-11","ET","Ethiopia","AFRO",878,62578,8,974
"2020-09-12","ET","Ethiopia","AFRO",789,63367,12,986
"2020-09-13","ET","Ethiopia","AFRO",521,63888,10,996
"2020-09-14","ET","Ethiopia","AFRO",413,64301,17,1013
"2020-09-15","ET","Ethiopia","AFRO",485,64786,9,1022
"2020-09-16","ET","Ethiopia","AFRO",700,65486,13,1035
"2020-09-17","ET","Ethiopia","AFRO",738,66224,10,1045
"2020-09-18","ET","Ethiopia","AFRO",689,66913,15,1060
"2020-09-19","ET","Ethiopia","AFRO",602,67515,12,1072
"2020-09-20","ET","Ethiopia","AFRO",616,68131,17,1089
"2020-09-21","ET","Ethiopia","AFRO",689,68820,7,1096
"2020-09-22","ET","Ethiopia","AFRO",889,69709,12,1108
"2020-09-23","ET","Ethiopia","AFRO",713,70422,19,1127
"2020-09-24","ET","Ethiopia","AFRO",661,71083,14,1141
"2020-09-25","ET","Ethiopia","AFRO",604,71687,7,1148
"2020-09-26","ET","Ethiopia","AFRO",486,72173,7,1155
"2020-09-27","ET","Ethiopia","AFRO",527,72700,10,1165
"2020-09-28","ET","Ethiopia","AFRO",632,73332,5,1170
"2020-09-29","ET","Ethiopia","AFRO",612,73944,7,1177
"2020-09-30","ET","Ethiopia","AFRO",640,74584,14,1191
"2020-10-01","ET","Ethiopia","AFRO",784,75368,7,1198
"2020-10-02","ET","Ethiopia","AFRO",730,76098,6,1204
"2020-10-03","ET","Ethiopia","AFRO",890,76988,3,1207
"2020-10-04","ET","Ethiopia","AFRO",872,77860,7,1214
"2020-10-05","ET","Ethiopia","AFRO",959,78819,8,1222
"2020-10-06","ET","Ethiopia","AFRO",618,79437,8,1230
"2020-10-07","ET","Ethiopia","AFRO",566,80003,8,1238
"2020-10-08","ET","Ethiopia","AFRO",892,80895,17,1255
"2020-10-09","ET","Ethiopia","AFRO",902,81797,7,1262
"2020-10-10","ET","Ethiopia","AFRO",865,82662,9,1271
"2020-10-11","ET","Ethiopia","AFRO",767,83429,6,1277
"2020-10-12","ET","Ethiopia","AFRO",866,84295,10,1287
"2020-10-13","ET","Ethiopia","AFRO",841,85136,14,1301
"2020-10-14","ET","Ethiopia","AFRO",582,85718,4,1305
"2020-10-15","ET","Ethiopia","AFRO",712,86430,7,1312
"2020-10-16","ET","Ethiopia","AFRO",739,87169,13,1325
"2020-10-17","ET","Ethiopia","AFRO",665,87834,12,1337
"2020-10-18","ET","Ethiopia","AFRO",600,88434,9,1346
"2020-10-19","ET","Ethiopia","AFRO",703,89137,6,1352
"2020-10-20","ET","Ethiopia","AFRO",723,89860,13,1365
"2020-10-21","ET","Ethiopia","AFRO",630,90490,6,1371
"2020-10-22","ET","Ethiopia","AFRO",628,91118,13,1384
"2020-10-23","ET","Ethiopia","AFRO",575,91693,12,1396
"2020-10-24","ET","Ethiopia","AFRO",536,92229,4,1400
"2020-10-25","ET","Ethiopia","AFRO",629,92858,19,1419
"2020-10-26","ET","Ethiopia","AFRO",485,93343,7,1426
"2020-10-27","ET","Ethiopia","AFRO",364,93707,11,1437
"2020-10-28","ET","Ethiopia","AFRO",511,94218,8,1445
"2020-10-29","ET","Ethiopia","AFRO",602,94820,6,1451
"2020-10-30","ET","Ethiopia","AFRO",481,95301,6,1457
"2020-10-31","ET","Ethiopia","AFRO",488,95789,7,1464
"2020-11-01","ET","Ethiopia","AFRO",380,96169,5,1469
"2020-11-02","ET","Ethiopia","AFRO",414,96583,9,1478
"2020-11-03","ET","Ethiopia","AFRO",359,96942,11,1489
"2020-11-04","ET","Ethiopia","AFRO",560,97502,5,1494
"2020-11-05","ET","Ethiopia","AFRO",379,97881,9,1503
"2020-11-06","ET","Ethiopia","AFRO",510,98391,5,1508
"2020-11-07","ET","Ethiopia","AFRO",355,98746,4,1512
"2020-11-08","ET","Ethiopia","AFRO",458,99204,6,1518
"2020-11-09","ET","Ethiopia","AFRO",471,99675,5,1523
"2020-11-10","ET","Ethiopia","AFRO",307,99982,7,1530
"2020-11-11","ET","Ethiopia","AFRO",345,100327,7,1537
"2020-11-12","ET","Ethiopia","AFRO",400,100727,8,1545
"2020-11-13","ET","Ethiopia","AFRO",521,101248,9,1554
"2020-11-14","ET","Ethiopia","AFRO",509,101757,4,1558
"2020-11-15","ET","Ethiopia","AFRO",564,102321,7,1565
"2020-11-16","ET","Ethiopia","AFRO",399,102720,4,1569
"2020-11-17","ET","Ethiopia","AFRO",336,103056,12,1581
"2020-11-18","ET","Ethiopia","AFRO",339,103395,7,1588
"2020-11-19","ET","Ethiopia","AFRO",533,103928,13,1601
"2020-11-20","ET","Ethiopia","AFRO",499,104427,6,1607
"2020-11-21","ET","Ethiopia","AFRO",452,104879,13,1620
"2020-11-22","ET","Ethiopia","AFRO",473,105352,16,1636
"2020-11-23","ET","Ethiopia","AFRO",433,105785,11,1647
"2020-11-24","ET","Ethiopia","AFRO",418,106203,4,1651
"2020-11-25","ET","Ethiopia","AFRO",388,106591,10,1661
"2020-11-26","ET","Ethiopia","AFRO",518,107109,3,1664
"2020-11-27","ET","Ethiopia","AFRO",560,107669,8,1672
"2020-11-28","ET","Ethiopia","AFRO",769,108438,14,1686
"2020-11-29","ET","Ethiopia","AFRO",492,108930,9,1695
"2020-11-30","ET","Ethiopia","AFRO",604,109534,5,1700
"2020-12-01","ET","Ethiopia","AFRO",540,110074,6,1706
"2020-12-02","ET","Ethiopia","AFRO",480,110554,3,1709
"2020-12-03","ET","Ethiopia","AFRO",430,110984,6,1715
"2020-12-04","ET","Ethiopia","AFRO",595,111579,9,1724
"2020-12-05","ET","Ethiopia","AFRO",512,112091,10,1734
"2020-12-06","ET","Ethiopia","AFRO",649,112740,11,1745
"2020-12-07","ET","Ethiopia","AFRO",555,113295,2,1747
"2020-12-08","ET","Ethiopia","AFRO",440,113735,8,1755
"2020-12-09","ET","Ethiopia","AFRO",0,113735,0,1755
"2020-12-10","ET","Ethiopia","AFRO",1099,114834,14,1769
"2020-12-11","ET","Ethiopia","AFRO",526,115360,10,1779
"2020-12-12","ET","Ethiopia","AFRO",0,115360,0,1779
