"Fecha_de_reporte","Codigo_pais","Paises","Region","Casos_nuevos","Casos_acumulados","defunciones_nuevas","defunciones_acumuladas"
"2020-01-03","GA","Gabon","AFRO",0,0,0,0
"2020-01-04","GA","Gabon","AFRO",0,0,0,0
"2020-01-05","GA","Gabon","AFRO",0,0,0,0
"2020-01-06","GA","Gabon","AFRO",0,0,0,0
"2020-01-07","GA","Gabon","AFRO",0,0,0,0
"2020-01-08","GA","Gabon","AFRO",0,0,0,0
"2020-01-09","GA","Gabon","AFRO",0,0,0,0
"2020-01-10","GA","Gabon","AFRO",0,0,0,0
"2020-01-11","GA","Gabon","AFRO",0,0,0,0
"2020-01-12","GA","Gabon","AFRO",0,0,0,0
"2020-01-13","GA","Gabon","AFRO",0,0,0,0
"2020-01-14","GA","Gabon","AFRO",0,0,0,0
"2020-01-15","GA","Gabon","AFRO",0,0,0,0
"2020-01-16","GA","Gabon","AFRO",0,0,0,0
"2020-01-17","GA","Gabon","AFRO",0,0,0,0
"2020-01-18","GA","Gabon","AFRO",0,0,0,0
"2020-01-19","GA","Gabon","AFRO",0,0,0,0
"2020-01-20","GA","Gabon","AFRO",0,0,0,0
"2020-01-21","GA","Gabon","AFRO",0,0,0,0
"2020-01-22","GA","Gabon","AFRO",0,0,0,0
"2020-01-23","GA","Gabon","AFRO",0,0,0,0
"2020-01-24","GA","Gabon","AFRO",0,0,0,0
"2020-01-25","GA","Gabon","AFRO",0,0,0,0
"2020-01-26","GA","Gabon","AFRO",0,0,0,0
"2020-01-27","GA","Gabon","AFRO",0,0,0,0
"2020-01-28","GA","Gabon","AFRO",0,0,0,0
"2020-01-29","GA","Gabon","AFRO",0,0,0,0
"2020-01-30","GA","Gabon","AFRO",0,0,0,0
"2020-01-31","GA","Gabon","AFRO",0,0,0,0
"2020-02-01","GA","Gabon","AFRO",0,0,0,0
"2020-02-02","GA","Gabon","AFRO",0,0,0,0
"2020-02-03","GA","Gabon","AFRO",0,0,0,0
"2020-02-04","GA","Gabon","AFRO",0,0,0,0
"2020-02-05","GA","Gabon","AFRO",0,0,0,0
"2020-02-06","GA","Gabon","AFRO",0,0,0,0
"2020-02-07","GA","Gabon","AFRO",0,0,0,0
"2020-02-08","GA","Gabon","AFRO",0,0,0,0
"2020-02-09","GA","Gabon","AFRO",0,0,0,0
"2020-02-10","GA","Gabon","AFRO",0,0,0,0
"2020-02-11","GA","Gabon","AFRO",0,0,0,0
"2020-02-12","GA","Gabon","AFRO",0,0,0,0
"2020-02-13","GA","Gabon","AFRO",0,0,0,0
"2020-02-14","GA","Gabon","AFRO",0,0,0,0
"2020-02-15","GA","Gabon","AFRO",0,0,0,0
"2020-02-16","GA","Gabon","AFRO",0,0,0,0
"2020-02-17","GA","Gabon","AFRO",0,0,0,0
"2020-02-18","GA","Gabon","AFRO",0,0,0,0
"2020-02-19","GA","Gabon","AFRO",0,0,0,0
"2020-02-20","GA","Gabon","AFRO",0,0,0,0
"2020-02-21","GA","Gabon","AFRO",0,0,0,0
"2020-02-22","GA","Gabon","AFRO",0,0,0,0
"2020-02-23","GA","Gabon","AFRO",0,0,0,0
"2020-02-24","GA","Gabon","AFRO",0,0,0,0
"2020-02-25","GA","Gabon","AFRO",0,0,0,0
"2020-02-26","GA","Gabon","AFRO",0,0,0,0
"2020-02-27","GA","Gabon","AFRO",0,0,0,0
"2020-02-28","GA","Gabon","AFRO",0,0,0,0
"2020-02-29","GA","Gabon","AFRO",0,0,0,0
"2020-03-01","GA","Gabon","AFRO",0,0,0,0
"2020-03-02","GA","Gabon","AFRO",0,0,0,0
"2020-03-03","GA","Gabon","AFRO",0,0,0,0
"2020-03-04","GA","Gabon","AFRO",0,0,0,0
"2020-03-05","GA","Gabon","AFRO",0,0,0,0
"2020-03-06","GA","Gabon","AFRO",0,0,0,0
"2020-03-07","GA","Gabon","AFRO",0,0,0,0
"2020-03-08","GA","Gabon","AFRO",0,0,0,0
"2020-03-09","GA","Gabon","AFRO",0,0,0,0
"2020-03-10","GA","Gabon","AFRO",0,0,0,0
"2020-03-11","GA","Gabon","AFRO",0,0,0,0
"2020-03-12","GA","Gabon","AFRO",0,0,0,0
"2020-03-13","GA","Gabon","AFRO",0,0,0,0
"2020-03-14","GA","Gabon","AFRO",1,1,0,0
"2020-03-15","GA","Gabon","AFRO",0,1,0,0
"2020-03-16","GA","Gabon","AFRO",0,1,0,0
"2020-03-17","GA","Gabon","AFRO",0,1,0,0
"2020-03-18","GA","Gabon","AFRO",1,2,0,0
"2020-03-19","GA","Gabon","AFRO",0,2,0,0
"2020-03-20","GA","Gabon","AFRO",1,3,1,1
"2020-03-21","GA","Gabon","AFRO",0,3,0,1
"2020-03-22","GA","Gabon","AFRO",3,6,0,1
"2020-03-23","GA","Gabon","AFRO",0,6,0,1
"2020-03-24","GA","Gabon","AFRO",0,6,0,1
"2020-03-25","GA","Gabon","AFRO",0,6,0,1
"2020-03-26","GA","Gabon","AFRO",0,6,0,1
"2020-03-27","GA","Gabon","AFRO",0,6,0,1
"2020-03-28","GA","Gabon","AFRO",1,7,0,1
"2020-03-29","GA","Gabon","AFRO",0,7,0,1
"2020-03-30","GA","Gabon","AFRO",0,7,0,1
"2020-03-31","GA","Gabon","AFRO",0,7,0,1
"2020-04-01","GA","Gabon","AFRO",0,7,0,1
"2020-04-02","GA","Gabon","AFRO",0,7,0,1
"2020-04-03","GA","Gabon","AFRO",11,18,0,1
"2020-04-04","GA","Gabon","AFRO",3,21,0,1
"2020-04-05","GA","Gabon","AFRO",0,21,0,1
"2020-04-06","GA","Gabon","AFRO",0,21,0,1
"2020-04-07","GA","Gabon","AFRO",0,21,0,1
"2020-04-08","GA","Gabon","AFRO",3,24,0,1
"2020-04-09","GA","Gabon","AFRO",0,24,0,1
"2020-04-10","GA","Gabon","AFRO",20,44,0,1
"2020-04-11","GA","Gabon","AFRO",0,44,0,1
"2020-04-12","GA","Gabon","AFRO",5,49,0,1
"2020-04-13","GA","Gabon","AFRO",8,57,0,1
"2020-04-14","GA","Gabon","AFRO",0,57,0,1
"2020-04-15","GA","Gabon","AFRO",23,80,0,1
"2020-04-16","GA","Gabon","AFRO",7,87,0,1
"2020-04-17","GA","Gabon","AFRO",8,95,0,1
"2020-04-18","GA","Gabon","AFRO",0,95,0,1
"2020-04-19","GA","Gabon","AFRO",13,108,0,1
"2020-04-20","GA","Gabon","AFRO",1,109,0,1
"2020-04-21","GA","Gabon","AFRO",11,120,0,1
"2020-04-22","GA","Gabon","AFRO",36,156,0,1
"2020-04-23","GA","Gabon","AFRO",10,166,0,1
"2020-04-24","GA","Gabon","AFRO",0,166,1,2
"2020-04-25","GA","Gabon","AFRO",6,172,1,3
"2020-04-26","GA","Gabon","AFRO",4,176,0,3
"2020-04-27","GA","Gabon","AFRO",0,176,0,3
"2020-04-28","GA","Gabon","AFRO",0,176,0,3
"2020-04-29","GA","Gabon","AFRO",62,238,0,3
"2020-04-30","GA","Gabon","AFRO",38,276,0,3
"2020-05-01","GA","Gabon","AFRO",0,276,0,3
"2020-05-02","GA","Gabon","AFRO",32,308,1,4
"2020-05-03","GA","Gabon","AFRO",27,335,1,5
"2020-05-04","GA","Gabon","AFRO",0,335,0,5
"2020-05-05","GA","Gabon","AFRO",32,367,1,6
"2020-05-06","GA","Gabon","AFRO",30,397,0,6
"2020-05-07","GA","Gabon","AFRO",0,397,0,6
"2020-05-08","GA","Gabon","AFRO",107,504,2,8
"2020-05-09","GA","Gabon","AFRO",116,620,0,8
"2020-05-10","GA","Gabon","AFRO",41,661,0,8
"2020-05-11","GA","Gabon","AFRO",0,661,0,8
"2020-05-12","GA","Gabon","AFRO",141,802,1,9
"2020-05-13","GA","Gabon","AFRO",61,863,0,9
"2020-05-14","GA","Gabon","AFRO",141,1004,0,9
"2020-05-15","GA","Gabon","AFRO",100,1104,1,10
"2020-05-16","GA","Gabon","AFRO",105,1209,0,10
"2020-05-17","GA","Gabon","AFRO",111,1320,1,11
"2020-05-18","GA","Gabon","AFRO",0,1320,0,11
"2020-05-19","GA","Gabon","AFRO",112,1432,0,11
"2020-05-20","GA","Gabon","AFRO",70,1502,1,12
"2020-05-21","GA","Gabon","AFRO",65,1567,0,12
"2020-05-22","GA","Gabon","AFRO",0,1567,0,12
"2020-05-23","GA","Gabon","AFRO",161,1728,0,12
"2020-05-24","GA","Gabon","AFRO",206,1934,0,12
"2020-05-25","GA","Gabon","AFRO",0,1934,0,12
"2020-05-26","GA","Gabon","AFRO",201,2135,2,14
"2020-05-27","GA","Gabon","AFRO",103,2238,0,14
"2020-05-28","GA","Gabon","AFRO",81,2319,0,14
"2020-05-29","GA","Gabon","AFRO",112,2431,0,14
"2020-05-30","GA","Gabon","AFRO",182,2613,1,15
"2020-05-31","GA","Gabon","AFRO",0,2613,0,15
"2020-06-01","GA","Gabon","AFRO",42,2655,2,17
"2020-06-02","GA","Gabon","AFRO",0,2655,0,17
"2020-06-03","GA","Gabon","AFRO",148,2803,3,20
"2020-06-04","GA","Gabon","AFRO",99,2902,0,20
"2020-06-05","GA","Gabon","AFRO",53,2955,1,21
"2020-06-06","GA","Gabon","AFRO",146,3101,0,21
"2020-06-07","GA","Gabon","AFRO",0,3101,0,21
"2020-06-08","GA","Gabon","AFRO",0,3101,0,21
"2020-06-09","GA","Gabon","AFRO",0,3101,0,21
"2020-06-10","GA","Gabon","AFRO",193,3294,0,21
"2020-06-11","GA","Gabon","AFRO",0,3294,0,21
"2020-06-12","GA","Gabon","AFRO",169,3463,2,23
"2020-06-13","GA","Gabon","AFRO",0,3463,0,23
"2020-06-14","GA","Gabon","AFRO",0,3463,0,23
"2020-06-15","GA","Gabon","AFRO",0,3463,0,23
"2020-06-16","GA","Gabon","AFRO",570,4033,4,27
"2020-06-17","GA","Gabon","AFRO",81,4114,2,29
"2020-06-18","GA","Gabon","AFRO",115,4229,1,30
"2020-06-19","GA","Gabon","AFRO",111,4340,2,32
"2020-06-20","GA","Gabon","AFRO",0,4340,0,32
"2020-06-21","GA","Gabon","AFRO",88,4428,2,34
"2020-06-22","GA","Gabon","AFRO",0,4428,0,34
"2020-06-23","GA","Gabon","AFRO",311,4739,5,39
"2020-06-24","GA","Gabon","AFRO",110,4849,0,39
"2020-06-25","GA","Gabon","AFRO",107,4956,0,39
"2020-06-26","GA","Gabon","AFRO",131,5087,1,40
"2020-06-27","GA","Gabon","AFRO",122,5209,0,40
"2020-06-28","GA","Gabon","AFRO",0,5209,0,40
"2020-06-29","GA","Gabon","AFRO",0,5209,0,40
"2020-06-30","GA","Gabon","AFRO",185,5394,2,42
"2020-07-01","GA","Gabon","AFRO",0,5394,0,42
"2020-07-02","GA","Gabon","AFRO",0,5394,0,42
"2020-07-03","GA","Gabon","AFRO",119,5513,0,42
"2020-07-04","GA","Gabon","AFRO",0,5513,0,42
"2020-07-05","GA","Gabon","AFRO",107,5620,2,44
"2020-07-06","GA","Gabon","AFRO",0,5620,0,44
"2020-07-07","GA","Gabon","AFRO",123,5743,2,46
"2020-07-08","GA","Gabon","AFRO",0,5743,0,46
"2020-07-09","GA","Gabon","AFRO",128,5871,0,46
"2020-07-10","GA","Gabon","AFRO",0,5871,0,46
"2020-07-11","GA","Gabon","AFRO",71,5942,0,46
"2020-07-12","GA","Gabon","AFRO",0,5942,0,46
"2020-07-13","GA","Gabon","AFRO",0,5942,0,46
"2020-07-14","GA","Gabon","AFRO",0,5942,0,46
"2020-07-15","GA","Gabon","AFRO",0,5942,0,46
"2020-07-16","GA","Gabon","AFRO",0,5942,0,46
"2020-07-17","GA","Gabon","AFRO",179,6121,0,46
"2020-07-18","GA","Gabon","AFRO",0,6121,0,46
"2020-07-19","GA","Gabon","AFRO",0,6121,0,46
"2020-07-20","GA","Gabon","AFRO",0,6121,0,46
"2020-07-21","GA","Gabon","AFRO",0,6121,0,46
"2020-07-22","GA","Gabon","AFRO",312,6433,0,46
"2020-07-23","GA","Gabon","AFRO",155,6588,1,47
"2020-07-24","GA","Gabon","AFRO",0,6588,0,47
"2020-07-25","GA","Gabon","AFRO",396,6984,2,49
"2020-07-26","GA","Gabon","AFRO",0,6984,0,49
"2020-07-27","GA","Gabon","AFRO",0,6984,0,49
"2020-07-28","GA","Gabon","AFRO",205,7189,0,49
"2020-07-29","GA","Gabon","AFRO",0,7189,0,49
"2020-07-30","GA","Gabon","AFRO",163,7352,0,49
"2020-07-31","GA","Gabon","AFRO",0,7352,0,49
"2020-08-01","GA","Gabon","AFRO",0,7352,0,49
"2020-08-02","GA","Gabon","AFRO",179,7531,1,50
"2020-08-03","GA","Gabon","AFRO",0,7531,0,50
"2020-08-04","GA","Gabon","AFRO",115,7646,1,51
"2020-08-05","GA","Gabon","AFRO",0,7646,0,51
"2020-08-06","GA","Gabon","AFRO",141,7787,0,51
"2020-08-07","GA","Gabon","AFRO",0,7787,0,51
"2020-08-08","GA","Gabon","AFRO",136,7923,0,51
"2020-08-09","GA","Gabon","AFRO",0,7923,0,51
"2020-08-10","GA","Gabon","AFRO",0,7923,0,51
"2020-08-11","GA","Gabon","AFRO",83,8006,0,51
"2020-08-12","GA","Gabon","AFRO",0,8006,0,51
"2020-08-13","GA","Gabon","AFRO",71,8077,0,51
"2020-08-14","GA","Gabon","AFRO",0,8077,0,51
"2020-08-15","GA","Gabon","AFRO",148,8225,0,51
"2020-08-16","GA","Gabon","AFRO",0,8225,0,51
"2020-08-17","GA","Gabon","AFRO",0,8225,0,51
"2020-08-18","GA","Gabon","AFRO",45,8270,2,53
"2020-08-19","GA","Gabon","AFRO",0,8270,0,53
"2020-08-20","GA","Gabon","AFRO",49,8319,0,53
"2020-08-21","GA","Gabon","AFRO",0,8319,0,53
"2020-08-22","GA","Gabon","AFRO",69,8388,0,53
"2020-08-23","GA","Gabon","AFRO",0,8388,0,53
"2020-08-24","GA","Gabon","AFRO",0,8388,0,53
"2020-08-25","GA","Gabon","AFRO",21,8409,0,53
"2020-08-26","GA","Gabon","AFRO",0,8409,0,53
"2020-08-27","GA","Gabon","AFRO",59,8468,0,53
"2020-08-28","GA","Gabon","AFRO",0,8468,0,53
"2020-08-29","GA","Gabon","AFRO",0,8468,0,53
"2020-08-30","GA","Gabon","AFRO",37,8505,0,53
"2020-08-31","GA","Gabon","AFRO",0,8505,0,53
"2020-09-01","GA","Gabon","AFRO",28,8533,0,53
"2020-09-02","GA","Gabon","AFRO",0,8533,0,53
"2020-09-03","GA","Gabon","AFRO",5,8538,0,53
"2020-09-04","GA","Gabon","AFRO",0,8538,0,53
"2020-09-05","GA","Gabon","AFRO",63,8601,0,53
"2020-09-06","GA","Gabon","AFRO",0,8601,0,53
"2020-09-07","GA","Gabon","AFRO",0,8601,0,53
"2020-09-08","GA","Gabon","AFRO",7,8608,0,53
"2020-09-09","GA","Gabon","AFRO",0,8608,0,53
"2020-09-10","GA","Gabon","AFRO",13,8621,0,53
"2020-09-11","GA","Gabon","AFRO",0,8621,0,53
"2020-09-12","GA","Gabon","AFRO",22,8643,0,53
"2020-09-13","GA","Gabon","AFRO",0,8643,0,53
"2020-09-14","GA","Gabon","AFRO",0,8643,0,53
"2020-09-15","GA","Gabon","AFRO",11,8654,0,53
"2020-09-16","GA","Gabon","AFRO",0,8654,0,53
"2020-09-17","GA","Gabon","AFRO",24,8678,0,53
"2020-09-18","GA","Gabon","AFRO",0,8678,0,53
"2020-09-19","GA","Gabon","AFRO",18,8696,0,53
"2020-09-20","GA","Gabon","AFRO",0,8696,0,53
"2020-09-21","GA","Gabon","AFRO",0,8696,0,53
"2020-09-22","GA","Gabon","AFRO",8,8704,1,54
"2020-09-23","GA","Gabon","AFRO",0,8704,0,54
"2020-09-24","GA","Gabon","AFRO",12,8716,0,54
"2020-09-25","GA","Gabon","AFRO",0,8716,0,54
"2020-09-26","GA","Gabon","AFRO",12,8728,0,54
"2020-09-27","GA","Gabon","AFRO",0,8728,0,54
"2020-09-28","GA","Gabon","AFRO",0,8728,0,54
"2020-09-29","GA","Gabon","AFRO",24,8752,0,54
"2020-09-30","GA","Gabon","AFRO",0,8752,0,54
"2020-10-01","GA","Gabon","AFRO",14,8766,0,54
"2020-10-02","GA","Gabon","AFRO",0,8766,0,54
"2020-10-03","GA","Gabon","AFRO",31,8797,0,54
"2020-10-04","GA","Gabon","AFRO",0,8797,0,54
"2020-10-05","GA","Gabon","AFRO",0,8797,0,54
"2020-10-06","GA","Gabon","AFRO",11,8808,0,54
"2020-10-07","GA","Gabon","AFRO",0,8808,0,54
"2020-10-08","GA","Gabon","AFRO",7,8815,0,54
"2020-10-09","GA","Gabon","AFRO",0,8815,0,54
"2020-10-10","GA","Gabon","AFRO",0,8815,0,54
"2020-10-11","GA","Gabon","AFRO",0,8815,0,54
"2020-10-12","GA","Gabon","AFRO",0,8815,0,54
"2020-10-13","GA","Gabon","AFRO",45,8860,0,54
"2020-10-14","GA","Gabon","AFRO",0,8860,0,54
"2020-10-15","GA","Gabon","AFRO",9,8869,0,54
"2020-10-16","GA","Gabon","AFRO",0,8869,0,54
"2020-10-17","GA","Gabon","AFRO",12,8881,0,54
"2020-10-18","GA","Gabon","AFRO",0,8881,0,54
"2020-10-19","GA","Gabon","AFRO",0,8881,0,54
"2020-10-20","GA","Gabon","AFRO",3,8884,0,54
"2020-10-21","GA","Gabon","AFRO",0,8884,0,54
"2020-10-22","GA","Gabon","AFRO",17,8901,0,54
"2020-10-23","GA","Gabon","AFRO",0,8901,0,54
"2020-10-24","GA","Gabon","AFRO",18,8919,0,54
"2020-10-25","GA","Gabon","AFRO",0,8919,0,54
"2020-10-26","GA","Gabon","AFRO",0,8919,0,54
"2020-10-27","GA","Gabon","AFRO",18,8937,0,54
"2020-10-28","GA","Gabon","AFRO",0,8937,0,54
"2020-10-29","GA","Gabon","AFRO",20,8957,1,55
"2020-10-30","GA","Gabon","AFRO",0,8957,0,55
"2020-10-31","GA","Gabon","AFRO",0,8957,0,55
"2020-11-01","GA","Gabon","AFRO",11,8968,0,55
"2020-11-02","GA","Gabon","AFRO",0,8968,0,55
"2020-11-03","GA","Gabon","AFRO",16,8984,0,55
"2020-11-04","GA","Gabon","AFRO",0,8984,0,55
"2020-11-05","GA","Gabon","AFRO",21,9005,0,55
"2020-11-06","GA","Gabon","AFRO",0,9005,0,55
"2020-11-07","GA","Gabon","AFRO",17,9022,0,55
"2020-11-08","GA","Gabon","AFRO",0,9022,0,55
"2020-11-09","GA","Gabon","AFRO",0,9022,0,55
"2020-11-10","GA","Gabon","AFRO",7,9029,2,57
"2020-11-11","GA","Gabon","AFRO",0,9029,0,57
"2020-11-12","GA","Gabon","AFRO",19,9048,0,57
"2020-11-13","GA","Gabon","AFRO",0,9048,0,57
"2020-11-14","GA","Gabon","AFRO",14,9062,1,58
"2020-11-15","GA","Gabon","AFRO",0,9062,0,58
"2020-11-16","GA","Gabon","AFRO",0,9062,0,58
"2020-11-17","GA","Gabon","AFRO",0,9062,0,58
"2020-11-18","GA","Gabon","AFRO",0,9062,0,58
"2020-11-19","GA","Gabon","AFRO",0,9062,0,58
"2020-11-20","GA","Gabon","AFRO",54,9116,1,59
"2020-11-21","GA","Gabon","AFRO",15,9131,0,59
"2020-11-22","GA","Gabon","AFRO",0,9131,0,59
"2020-11-23","GA","Gabon","AFRO",0,9131,0,59
"2020-11-24","GA","Gabon","AFRO",19,9150,0,59
"2020-11-25","GA","Gabon","AFRO",0,9150,0,59
"2020-11-26","GA","Gabon","AFRO",23,9173,0,59
"2020-11-27","GA","Gabon","AFRO",0,9173,0,59
"2020-11-28","GA","Gabon","AFRO",18,9191,0,59
"2020-11-29","GA","Gabon","AFRO",0,9191,0,59
"2020-11-30","GA","Gabon","AFRO",0,9191,0,59
"2020-12-01","GA","Gabon","AFRO",0,9191,0,59
"2020-12-02","GA","Gabon","AFRO",0,9191,0,59
"2020-12-03","GA","Gabon","AFRO",48,9239,1,60
"2020-12-04","GA","Gabon","AFRO",0,9239,0,60
"2020-12-05","GA","Gabon","AFRO",15,9254,0,60
"2020-12-06","GA","Gabon","AFRO",0,9254,0,60
"2020-12-07","GA","Gabon","AFRO",0,9254,0,60
"2020-12-08","GA","Gabon","AFRO",24,9278,0,60
"2020-12-09","GA","Gabon","AFRO",0,9278,0,60
"2020-12-10","GA","Gabon","AFRO",22,9300,2,62
"2020-12-11","GA","Gabon","AFRO",0,9300,0,62
"2020-12-12","GA","Gabon","AFRO",30,9330,1,63
