"Fecha_de_reporte","Codigo_pais","Paises","Region","Casos_nuevos","Casos_acumulados","defunciones_nuevas","defunciones_acumuladas"
"2020-01-03","GE","Georgia","EURO",0,0,0,0
"2020-01-04","GE","Georgia","EURO",0,0,0,0
"2020-01-05","GE","Georgia","EURO",0,0,0,0
"2020-01-06","GE","Georgia","EURO",0,0,0,0
"2020-01-07","GE","Georgia","EURO",0,0,0,0
"2020-01-08","GE","Georgia","EURO",0,0,0,0
"2020-01-09","GE","Georgia","EURO",0,0,0,0
"2020-01-10","GE","Georgia","EURO",0,0,0,0
"2020-01-11","GE","Georgia","EURO",0,0,0,0
"2020-01-12","GE","Georgia","EURO",0,0,0,0
"2020-01-13","GE","Georgia","EURO",0,0,0,0
"2020-01-14","GE","Georgia","EURO",0,0,0,0
"2020-01-15","GE","Georgia","EURO",0,0,0,0
"2020-01-16","GE","Georgia","EURO",0,0,0,0
"2020-01-17","GE","Georgia","EURO",0,0,0,0
"2020-01-18","GE","Georgia","EURO",0,0,0,0
"2020-01-19","GE","Georgia","EURO",0,0,0,0
"2020-01-20","GE","Georgia","EURO",0,0,0,0
"2020-01-21","GE","Georgia","EURO",0,0,0,0
"2020-01-22","GE","Georgia","EURO",0,0,0,0
"2020-01-23","GE","Georgia","EURO",0,0,0,0
"2020-01-24","GE","Georgia","EURO",0,0,0,0
"2020-01-25","GE","Georgia","EURO",0,0,0,0
"2020-01-26","GE","Georgia","EURO",0,0,0,0
"2020-01-27","GE","Georgia","EURO",0,0,0,0
"2020-01-28","GE","Georgia","EURO",0,0,0,0
"2020-01-29","GE","Georgia","EURO",0,0,0,0
"2020-01-30","GE","Georgia","EURO",0,0,0,0
"2020-01-31","GE","Georgia","EURO",0,0,0,0
"2020-02-01","GE","Georgia","EURO",0,0,0,0
"2020-02-02","GE","Georgia","EURO",0,0,0,0
"2020-02-03","GE","Georgia","EURO",0,0,0,0
"2020-02-04","GE","Georgia","EURO",0,0,0,0
"2020-02-05","GE","Georgia","EURO",0,0,0,0
"2020-02-06","GE","Georgia","EURO",0,0,0,0
"2020-02-07","GE","Georgia","EURO",0,0,0,0
"2020-02-08","GE","Georgia","EURO",0,0,0,0
"2020-02-09","GE","Georgia","EURO",0,0,0,0
"2020-02-10","GE","Georgia","EURO",0,0,0,0
"2020-02-11","GE","Georgia","EURO",0,0,0,0
"2020-02-12","GE","Georgia","EURO",0,0,0,0
"2020-02-13","GE","Georgia","EURO",0,0,0,0
"2020-02-14","GE","Georgia","EURO",0,0,0,0
"2020-02-15","GE","Georgia","EURO",0,0,0,0
"2020-02-16","GE","Georgia","EURO",0,0,0,0
"2020-02-17","GE","Georgia","EURO",0,0,0,0
"2020-02-18","GE","Georgia","EURO",0,0,0,0
"2020-02-19","GE","Georgia","EURO",0,0,0,0
"2020-02-20","GE","Georgia","EURO",0,0,0,0
"2020-02-21","GE","Georgia","EURO",0,0,0,0
"2020-02-22","GE","Georgia","EURO",0,0,0,0
"2020-02-23","GE","Georgia","EURO",0,0,0,0
"2020-02-24","GE","Georgia","EURO",0,0,0,0
"2020-02-25","GE","Georgia","EURO",0,0,0,0
"2020-02-26","GE","Georgia","EURO",1,1,0,0
"2020-02-27","GE","Georgia","EURO",0,1,0,0
"2020-02-28","GE","Georgia","EURO",0,1,0,0
"2020-02-29","GE","Georgia","EURO",2,3,0,0
"2020-03-01","GE","Georgia","EURO",0,3,0,0
"2020-03-02","GE","Georgia","EURO",0,3,0,0
"2020-03-03","GE","Georgia","EURO",0,3,0,0
"2020-03-04","GE","Georgia","EURO",0,3,0,0
"2020-03-05","GE","Georgia","EURO",0,3,0,0
"2020-03-06","GE","Georgia","EURO",6,9,0,0
"2020-03-07","GE","Georgia","EURO",0,9,0,0
"2020-03-08","GE","Georgia","EURO",3,12,0,0
"2020-03-09","GE","Georgia","EURO",1,13,0,0
"2020-03-10","GE","Georgia","EURO",2,15,0,0
"2020-03-11","GE","Georgia","EURO",8,23,0,0
"2020-03-12","GE","Georgia","EURO",0,23,0,0
"2020-03-13","GE","Georgia","EURO",2,25,0,0
"2020-03-14","GE","Georgia","EURO",0,25,0,0
"2020-03-15","GE","Georgia","EURO",5,30,0,0
"2020-03-16","GE","Georgia","EURO",3,33,0,0
"2020-03-17","GE","Georgia","EURO",0,33,0,0
"2020-03-18","GE","Georgia","EURO",1,34,0,0
"2020-03-19","GE","Georgia","EURO",0,34,0,0
"2020-03-20","GE","Georgia","EURO",4,38,0,0
"2020-03-21","GE","Georgia","EURO",10,48,0,0
"2020-03-22","GE","Georgia","EURO",6,54,0,0
"2020-03-23","GE","Georgia","EURO",7,61,0,0
"2020-03-24","GE","Georgia","EURO",9,70,0,0
"2020-03-25","GE","Georgia","EURO",7,77,0,0
"2020-03-26","GE","Georgia","EURO",3,80,0,0
"2020-03-27","GE","Georgia","EURO",3,83,0,0
"2020-03-28","GE","Georgia","EURO",7,90,0,0
"2020-03-29","GE","Georgia","EURO",8,98,0,0
"2020-03-30","GE","Georgia","EURO",5,103,0,0
"2020-03-31","GE","Georgia","EURO",12,115,0,0
"2020-04-01","GE","Georgia","EURO",6,121,0,0
"2020-04-02","GE","Georgia","EURO",0,121,0,0
"2020-04-03","GE","Georgia","EURO",27,148,0,0
"2020-04-04","GE","Georgia","EURO",9,157,0,0
"2020-04-05","GE","Georgia","EURO",13,170,1,1
"2020-04-06","GE","Georgia","EURO",18,188,1,2
"2020-04-07","GE","Georgia","EURO",7,195,0,2
"2020-04-08","GE","Georgia","EURO",13,208,1,3
"2020-04-09","GE","Georgia","EURO",6,214,0,3
"2020-04-10","GE","Georgia","EURO",16,230,0,3
"2020-04-11","GE","Georgia","EURO",3,233,0,3
"2020-04-12","GE","Georgia","EURO",19,252,0,3
"2020-04-13","GE","Georgia","EURO",14,266,0,3
"2020-04-14","GE","Georgia","EURO",30,296,0,3
"2020-04-15","GE","Georgia","EURO",10,306,0,3
"2020-04-16","GE","Georgia","EURO",30,336,0,3
"2020-04-17","GE","Georgia","EURO",34,370,0,3
"2020-04-18","GE","Georgia","EURO",15,385,0,3
"2020-04-19","GE","Georgia","EURO",9,394,1,4
"2020-04-20","GE","Georgia","EURO",5,399,0,4
"2020-04-21","GE","Georgia","EURO",9,408,0,4
"2020-04-22","GE","Georgia","EURO",3,411,1,5
"2020-04-23","GE","Georgia","EURO",9,420,0,5
"2020-04-24","GE","Georgia","EURO",11,431,0,5
"2020-04-25","GE","Georgia","EURO",25,456,0,5
"2020-04-26","GE","Georgia","EURO",29,485,0,5
"2020-04-27","GE","Georgia","EURO",11,496,1,6
"2020-04-28","GE","Georgia","EURO",15,511,0,6
"2020-04-29","GE","Georgia","EURO",6,517,0,6
"2020-04-30","GE","Georgia","EURO",22,539,0,6
"2020-05-01","GE","Georgia","EURO",27,566,0,6
"2020-05-02","GE","Georgia","EURO",16,582,2,8
"2020-05-03","GE","Georgia","EURO",7,589,0,8
"2020-05-04","GE","Georgia","EURO",4,593,1,9
"2020-05-05","GE","Georgia","EURO",11,604,0,9
"2020-05-06","GE","Georgia","EURO",6,610,0,9
"2020-05-07","GE","Georgia","EURO",4,614,0,9
"2020-05-08","GE","Georgia","EURO",9,623,0,9
"2020-05-09","GE","Georgia","EURO",3,626,1,10
"2020-05-10","GE","Georgia","EURO",9,635,0,10
"2020-05-11","GE","Georgia","EURO",3,638,0,10
"2020-05-12","GE","Georgia","EURO",1,639,1,11
"2020-05-13","GE","Georgia","EURO",3,642,0,11
"2020-05-14","GE","Georgia","EURO",10,652,0,11
"2020-05-15","GE","Georgia","EURO",19,671,1,12
"2020-05-16","GE","Georgia","EURO",6,677,0,12
"2020-05-17","GE","Georgia","EURO",18,695,0,12
"2020-05-18","GE","Georgia","EURO",6,701,0,12
"2020-05-19","GE","Georgia","EURO",1,702,0,12
"2020-05-20","GE","Georgia","EURO",11,713,0,12
"2020-05-21","GE","Georgia","EURO",8,721,0,12
"2020-05-22","GE","Georgia","EURO",2,723,0,12
"2020-05-23","GE","Georgia","EURO",0,723,0,12
"2020-05-24","GE","Georgia","EURO",7,730,0,12
"2020-05-25","GE","Georgia","EURO",1,731,0,12
"2020-05-26","GE","Georgia","EURO",1,732,0,12
"2020-05-27","GE","Georgia","EURO",3,735,0,12
"2020-05-28","GE","Georgia","EURO",3,738,0,12
"2020-05-29","GE","Georgia","EURO",8,746,0,12
"2020-05-30","GE","Georgia","EURO",11,757,0,12
"2020-05-31","GE","Georgia","EURO",26,783,0,12
"2020-06-01","GE","Georgia","EURO",11,794,0,12
"2020-06-02","GE","Georgia","EURO",2,796,0,12
"2020-06-03","GE","Georgia","EURO",4,800,1,13
"2020-06-04","GE","Georgia","EURO",1,801,0,13
"2020-06-05","GE","Georgia","EURO",5,806,0,13
"2020-06-06","GE","Georgia","EURO",2,808,0,13
"2020-06-07","GE","Georgia","EURO",1,809,0,13
"2020-06-08","GE","Georgia","EURO",1,810,0,13
"2020-06-09","GE","Georgia","EURO",8,818,0,13
"2020-06-10","GE","Georgia","EURO",4,822,0,13
"2020-06-11","GE","Georgia","EURO",6,828,0,13
"2020-06-12","GE","Georgia","EURO",9,837,0,13
"2020-06-13","GE","Georgia","EURO",14,851,0,13
"2020-06-14","GE","Georgia","EURO",13,864,1,14
"2020-06-15","GE","Georgia","EURO",15,879,0,14
"2020-06-16","GE","Georgia","EURO",0,879,0,14
"2020-06-17","GE","Georgia","EURO",9,888,0,14
"2020-06-18","GE","Georgia","EURO",5,893,0,14
"2020-06-19","GE","Georgia","EURO",2,895,0,14
"2020-06-20","GE","Georgia","EURO",3,898,0,14
"2020-06-21","GE","Georgia","EURO",8,906,0,14
"2020-06-22","GE","Georgia","EURO",2,908,0,14
"2020-06-23","GE","Georgia","EURO",3,911,0,14
"2020-06-24","GE","Georgia","EURO",3,914,0,14
"2020-06-25","GE","Georgia","EURO",3,917,0,14
"2020-06-26","GE","Georgia","EURO",2,919,0,14
"2020-06-27","GE","Georgia","EURO",2,921,0,14
"2020-06-28","GE","Georgia","EURO",3,924,1,15
"2020-06-29","GE","Georgia","EURO",2,926,0,15
"2020-06-30","GE","Georgia","EURO",2,928,0,15
"2020-07-01","GE","Georgia","EURO",3,931,0,15
"2020-07-02","GE","Georgia","EURO",8,939,0,15
"2020-07-03","GE","Georgia","EURO",4,943,0,15
"2020-07-04","GE","Georgia","EURO",3,946,0,15
"2020-07-05","GE","Georgia","EURO",5,951,0,15
"2020-07-06","GE","Georgia","EURO",2,953,0,15
"2020-07-07","GE","Georgia","EURO",5,958,0,15
"2020-07-08","GE","Georgia","EURO",5,963,0,15
"2020-07-09","GE","Georgia","EURO",5,968,0,15
"2020-07-10","GE","Georgia","EURO",5,973,0,15
"2020-07-11","GE","Georgia","EURO",8,981,0,15
"2020-07-12","GE","Georgia","EURO",5,986,0,15
"2020-07-13","GE","Georgia","EURO",9,995,0,15
"2020-07-14","GE","Georgia","EURO",4,999,0,15
"2020-07-15","GE","Georgia","EURO",4,1003,0,15
"2020-07-16","GE","Georgia","EURO",3,1006,0,15
"2020-07-17","GE","Georgia","EURO",4,1010,0,15
"2020-07-18","GE","Georgia","EURO",8,1018,0,15
"2020-07-19","GE","Georgia","EURO",10,1028,0,15
"2020-07-20","GE","Georgia","EURO",11,1039,0,15
"2020-07-21","GE","Georgia","EURO",10,1049,1,16
"2020-07-22","GE","Georgia","EURO",24,1073,0,16
"2020-07-23","GE","Georgia","EURO",12,1085,0,16
"2020-07-24","GE","Georgia","EURO",19,1104,0,16
"2020-07-25","GE","Georgia","EURO",13,1117,0,16
"2020-07-26","GE","Georgia","EURO",14,1131,0,16
"2020-07-27","GE","Georgia","EURO",6,1137,0,16
"2020-07-28","GE","Georgia","EURO",8,1145,0,16
"2020-07-29","GE","Georgia","EURO",10,1155,0,16
"2020-07-30","GE","Georgia","EURO",5,1160,1,17
"2020-07-31","GE","Georgia","EURO",8,1168,0,17
"2020-08-01","GE","Georgia","EURO",3,1171,0,17
"2020-08-02","GE","Georgia","EURO",6,1177,0,17
"2020-08-03","GE","Georgia","EURO",2,1179,0,17
"2020-08-04","GE","Georgia","EURO",3,1182,0,17
"2020-08-05","GE","Georgia","EURO",15,1197,0,17
"2020-08-06","GE","Georgia","EURO",9,1206,0,17
"2020-08-07","GE","Georgia","EURO",7,1213,0,17
"2020-08-08","GE","Georgia","EURO",3,1216,0,17
"2020-08-09","GE","Georgia","EURO",9,1225,0,17
"2020-08-10","GE","Georgia","EURO",25,1250,0,17
"2020-08-11","GE","Georgia","EURO",14,1264,0,17
"2020-08-12","GE","Georgia","EURO",14,1278,0,17
"2020-08-13","GE","Georgia","EURO",5,1283,0,17
"2020-08-14","GE","Georgia","EURO",23,1306,0,17
"2020-08-15","GE","Georgia","EURO",15,1321,0,17
"2020-08-16","GE","Georgia","EURO",15,1336,0,17
"2020-08-17","GE","Georgia","EURO",5,1341,0,17
"2020-08-18","GE","Georgia","EURO",10,1351,0,17
"2020-08-19","GE","Georgia","EURO",10,1361,0,17
"2020-08-20","GE","Georgia","EURO",9,1370,0,17
"2020-08-21","GE","Georgia","EURO",15,1385,0,17
"2020-08-22","GE","Georgia","EURO",9,1394,0,17
"2020-08-23","GE","Georgia","EURO",17,1411,0,17
"2020-08-24","GE","Georgia","EURO",10,1421,0,17
"2020-08-25","GE","Georgia","EURO",8,1429,2,19
"2020-08-26","GE","Georgia","EURO",7,1436,0,19
"2020-08-27","GE","Georgia","EURO",11,1447,0,19
"2020-08-28","GE","Georgia","EURO",8,1455,0,19
"2020-08-29","GE","Georgia","EURO",7,1462,0,19
"2020-08-30","GE","Georgia","EURO",7,1469,0,19
"2020-08-31","GE","Georgia","EURO",18,1487,0,19
"2020-09-01","GE","Georgia","EURO",23,1510,0,19
"2020-09-02","GE","Georgia","EURO",38,1548,0,19
"2020-09-03","GE","Georgia","EURO",20,1568,0,19
"2020-09-04","GE","Georgia","EURO",28,1596,0,19
"2020-09-05","GE","Georgia","EURO",25,1621,0,19
"2020-09-06","GE","Georgia","EURO",29,1650,0,19
"2020-09-07","GE","Georgia","EURO",34,1684,0,19
"2020-09-08","GE","Georgia","EURO",45,1729,0,19
"2020-09-09","GE","Georgia","EURO",44,1773,0,19
"2020-09-10","GE","Georgia","EURO",57,1830,0,19
"2020-09-11","GE","Georgia","EURO",87,1917,0,19
"2020-09-12","GE","Georgia","EURO",158,2075,0,19
"2020-09-13","GE","Georgia","EURO",152,2227,0,19
"2020-09-14","GE","Georgia","EURO",165,2392,0,19
"2020-09-15","GE","Georgia","EURO",170,2562,0,19
"2020-09-16","GE","Georgia","EURO",196,2758,0,19
"2020-09-17","GE","Georgia","EURO",179,2937,0,19
"2020-09-18","GE","Georgia","EURO",182,3119,0,19
"2020-09-19","GE","Georgia","EURO",187,3306,0,19
"2020-09-20","GE","Georgia","EURO",196,3502,0,19
"2020-09-21","GE","Georgia","EURO",193,3695,1,20
"2020-09-22","GE","Georgia","EURO",218,3913,2,22
"2020-09-23","GE","Georgia","EURO",227,4140,2,24
"2020-09-24","GE","Georgia","EURO",259,4399,1,25
"2020-09-25","GE","Georgia","EURO",265,4664,1,26
"2020-09-26","GE","Georgia","EURO",296,4960,1,27
"2020-09-27","GE","Georgia","EURO",294,5254,1,28
"2020-09-28","GE","Georgia","EURO",298,5552,0,28
"2020-09-29","GE","Georgia","EURO",314,5866,5,33
"2020-09-30","GE","Georgia","EURO",326,6192,3,36
"2020-10-01","GE","Georgia","EURO",448,6640,4,40
"2020-10-02","GE","Georgia","EURO",453,7093,3,43
"2020-10-03","GE","Georgia","EURO",471,7564,5,48
"2020-10-04","GE","Georgia","EURO",554,8118,2,50
"2020-10-05","GE","Georgia","EURO",578,8696,2,52
"2020-10-06","GE","Georgia","EURO",549,9245,6,58
"2020-10-07","GE","Georgia","EURO",508,9753,4,62
"2020-10-08","GE","Georgia","EURO",472,10225,4,66
"2020-10-09","GE","Georgia","EURO",527,10752,6,72
"2020-10-10","GE","Georgia","EURO",519,11271,6,78
"2020-10-11","GE","Georgia","EURO",523,11794,7,85
"2020-10-12","GE","Georgia","EURO",478,12272,6,91
"2020-10-13","GE","Georgia","EURO",569,12841,11,102
"2020-10-14","GE","Georgia","EURO",680,13521,7,109
"2020-10-15","GE","Georgia","EURO",919,14440,4,113
"2020-10-16","GE","Georgia","EURO",887,15327,11,124
"2020-10-17","GE","Georgia","EURO",958,16285,4,128
"2020-10-18","GE","Georgia","EURO",1192,17477,8,136
"2020-10-19","GE","Georgia","EURO",1186,18663,7,143
"2020-10-20","GE","Georgia","EURO",1194,19857,15,158
"2020-10-21","GE","Georgia","EURO",1351,21208,14,172
"2020-10-22","GE","Georgia","EURO",1595,22803,7,179
"2020-10-23","GE","Georgia","EURO",1759,24562,4,183
"2020-10-24","GE","Georgia","EURO",1941,26503,10,193
"2020-10-25","GE","Georgia","EURO",1928,28431,8,201
"2020-10-26","GE","Georgia","EURO",1872,30303,14,215
"2020-10-27","GE","Georgia","EURO",1824,32127,23,238
"2020-10-28","GE","Georgia","EURO",1731,33858,15,253
"2020-10-29","GE","Georgia","EURO",1709,35567,20,273
"2020-10-30","GE","Georgia","EURO",1696,37263,12,285
"2020-10-31","GE","Georgia","EURO",1673,38936,22,307
"2020-11-01","GE","Georgia","EURO",1791,40727,28,335
"2020-11-02","GE","Georgia","EURO",1852,42579,7,342
"2020-11-03","GE","Georgia","EURO",1943,44522,20,362
"2020-11-04","GE","Georgia","EURO",2295,46817,19,381
"2020-11-05","GE","Georgia","EURO",2401,49218,20,401
"2020-11-06","GE","Georgia","EURO",2775,51993,22,423
"2020-11-07","GE","Georgia","EURO",2859,54852,18,441
"2020-11-08","GE","Georgia","EURO",2901,57753,34,475
"2020-11-09","GE","Georgia","EURO",2927,60680,24,499
"2020-11-10","GE","Georgia","EURO",2970,63650,22,521
"2020-11-11","GE","Georgia","EURO",2911,66561,45,566
"2020-11-12","GE","Georgia","EURO",3120,69681,33,599
"2020-11-13","GE","Georgia","EURO",3473,73154,37,636
"2020-11-14","GE","Georgia","EURO",3504,76658,33,669
"2020-11-15","GE","Georgia","EURO",3020,79678,34,703
"2020-11-16","GE","Georgia","EURO",3157,82835,30,733
"2020-11-17","GE","Georgia","EURO",3117,85952,45,778
"2020-11-18","GE","Georgia","EURO",3443,89395,37,815
"2020-11-19","GE","Georgia","EURO",3697,93092,38,853
"2020-11-20","GE","Georgia","EURO",3768,96860,41,894
"2020-11-21","GE","Georgia","EURO",3824,100684,33,927
"2020-11-22","GE","Georgia","EURO",4048,104732,49,976
"2020-11-23","GE","Georgia","EURO",3958,108690,36,1012
"2020-11-24","GE","Georgia","EURO",3128,111818,39,1051
"2020-11-25","GE","Georgia","EURO",3071,114889,34,1085
"2020-11-26","GE","Georgia","EURO",3801,118690,39,1124
"2020-11-27","GE","Georgia","EURO",4780,123470,37,1161
"2020-11-28","GE","Georgia","EURO",4472,127942,34,1195
"2020-11-29","GE","Georgia","EURO",4426,132368,35,1230
"2020-11-30","GE","Georgia","EURO",3216,135584,37,1267
"2020-12-01","GE","Georgia","EURO",3759,139343,36,1303
"2020-12-02","GE","Georgia","EURO",4033,143376,39,1342
"2020-12-03","GE","Georgia","EURO",4260,147636,45,1387
"2020-12-04","GE","Georgia","EURO",5068,152704,38,1425
"2020-12-05","GE","Georgia","EURO",5450,158154,37,1462
"2020-12-06","GE","Georgia","EURO",4321,162475,42,1504
"2020-12-07","GE","Georgia","EURO",2501,164976,36,1540
"2020-12-08","GE","Georgia","EURO",4673,169649,36,1576
"2020-12-09","GE","Georgia","EURO",4734,174383,38,1614
"2020-12-10","GE","Georgia","EURO",4570,178953,43,1657
"2020-12-11","GE","Georgia","EURO",4146,183099,37,1694
"2020-12-12","GE","Georgia","EURO",3907,187006,50,1744
