"Fecha_de_reporte","Codigo_pais","Paises","Region","Casos_nuevos","Casos_acumulados","defunciones_nuevas","defunciones_acumuladas"
"2020-01-03","GH","Ghana","AFRO",0,0,0,0
"2020-01-04","GH","Ghana","AFRO",0,0,0,0
"2020-01-05","GH","Ghana","AFRO",0,0,0,0
"2020-01-06","GH","Ghana","AFRO",0,0,0,0
"2020-01-07","GH","Ghana","AFRO",0,0,0,0
"2020-01-08","GH","Ghana","AFRO",0,0,0,0
"2020-01-09","GH","Ghana","AFRO",0,0,0,0
"2020-01-10","GH","Ghana","AFRO",0,0,0,0
"2020-01-11","GH","Ghana","AFRO",0,0,0,0
"2020-01-12","GH","Ghana","AFRO",0,0,0,0
"2020-01-13","GH","Ghana","AFRO",0,0,0,0
"2020-01-14","GH","Ghana","AFRO",0,0,0,0
"2020-01-15","GH","Ghana","AFRO",0,0,0,0
"2020-01-16","GH","Ghana","AFRO",0,0,0,0
"2020-01-17","GH","Ghana","AFRO",0,0,0,0
"2020-01-18","GH","Ghana","AFRO",0,0,0,0
"2020-01-19","GH","Ghana","AFRO",0,0,0,0
"2020-01-20","GH","Ghana","AFRO",0,0,0,0
"2020-01-21","GH","Ghana","AFRO",0,0,0,0
"2020-01-22","GH","Ghana","AFRO",0,0,0,0
"2020-01-23","GH","Ghana","AFRO",0,0,0,0
"2020-01-24","GH","Ghana","AFRO",0,0,0,0
"2020-01-25","GH","Ghana","AFRO",0,0,0,0
"2020-01-26","GH","Ghana","AFRO",0,0,0,0
"2020-01-27","GH","Ghana","AFRO",0,0,0,0
"2020-01-28","GH","Ghana","AFRO",0,0,0,0
"2020-01-29","GH","Ghana","AFRO",0,0,0,0
"2020-01-30","GH","Ghana","AFRO",0,0,0,0
"2020-01-31","GH","Ghana","AFRO",0,0,0,0
"2020-02-01","GH","Ghana","AFRO",0,0,0,0
"2020-02-02","GH","Ghana","AFRO",0,0,0,0
"2020-02-03","GH","Ghana","AFRO",0,0,0,0
"2020-02-04","GH","Ghana","AFRO",0,0,0,0
"2020-02-05","GH","Ghana","AFRO",0,0,0,0
"2020-02-06","GH","Ghana","AFRO",0,0,0,0
"2020-02-07","GH","Ghana","AFRO",0,0,0,0
"2020-02-08","GH","Ghana","AFRO",0,0,0,0
"2020-02-09","GH","Ghana","AFRO",0,0,0,0
"2020-02-10","GH","Ghana","AFRO",0,0,0,0
"2020-02-11","GH","Ghana","AFRO",0,0,0,0
"2020-02-12","GH","Ghana","AFRO",0,0,0,0
"2020-02-13","GH","Ghana","AFRO",0,0,0,0
"2020-02-14","GH","Ghana","AFRO",0,0,0,0
"2020-02-15","GH","Ghana","AFRO",0,0,0,0
"2020-02-16","GH","Ghana","AFRO",0,0,0,0
"2020-02-17","GH","Ghana","AFRO",0,0,0,0
"2020-02-18","GH","Ghana","AFRO",0,0,0,0
"2020-02-19","GH","Ghana","AFRO",0,0,0,0
"2020-02-20","GH","Ghana","AFRO",0,0,0,0
"2020-02-21","GH","Ghana","AFRO",0,0,0,0
"2020-02-22","GH","Ghana","AFRO",0,0,0,0
"2020-02-23","GH","Ghana","AFRO",0,0,0,0
"2020-02-24","GH","Ghana","AFRO",0,0,0,0
"2020-02-25","GH","Ghana","AFRO",0,0,0,0
"2020-02-26","GH","Ghana","AFRO",0,0,0,0
"2020-02-27","GH","Ghana","AFRO",0,0,0,0
"2020-02-28","GH","Ghana","AFRO",0,0,0,0
"2020-02-29","GH","Ghana","AFRO",0,0,0,0
"2020-03-01","GH","Ghana","AFRO",0,0,0,0
"2020-03-02","GH","Ghana","AFRO",0,0,0,0
"2020-03-03","GH","Ghana","AFRO",0,0,0,0
"2020-03-04","GH","Ghana","AFRO",0,0,0,0
"2020-03-05","GH","Ghana","AFRO",0,0,0,0
"2020-03-06","GH","Ghana","AFRO",0,0,0,0
"2020-03-07","GH","Ghana","AFRO",0,0,0,0
"2020-03-08","GH","Ghana","AFRO",0,0,0,0
"2020-03-09","GH","Ghana","AFRO",0,0,0,0
"2020-03-10","GH","Ghana","AFRO",0,0,0,0
"2020-03-11","GH","Ghana","AFRO",0,0,0,0
"2020-03-12","GH","Ghana","AFRO",0,0,0,0
"2020-03-13","GH","Ghana","AFRO",0,0,0,0
"2020-03-14","GH","Ghana","AFRO",5,5,0,0
"2020-03-15","GH","Ghana","AFRO",1,6,0,0
"2020-03-16","GH","Ghana","AFRO",0,6,0,0
"2020-03-17","GH","Ghana","AFRO",4,10,0,0
"2020-03-18","GH","Ghana","AFRO",3,13,0,0
"2020-03-19","GH","Ghana","AFRO",2,15,0,0
"2020-03-20","GH","Ghana","AFRO",1,16,0,0
"2020-03-21","GH","Ghana","AFRO",3,19,0,0
"2020-03-22","GH","Ghana","AFRO",0,19,0,0
"2020-03-23","GH","Ghana","AFRO",5,24,0,0
"2020-03-24","GH","Ghana","AFRO",3,27,2,2
"2020-03-25","GH","Ghana","AFRO",26,53,0,2
"2020-03-26","GH","Ghana","AFRO",79,132,0,2
"2020-03-27","GH","Ghana","AFRO",4,136,1,3
"2020-03-28","GH","Ghana","AFRO",1,137,1,4
"2020-03-29","GH","Ghana","AFRO",0,137,0,4
"2020-03-30","GH","Ghana","AFRO",15,152,0,4
"2020-03-31","GH","Ghana","AFRO",0,152,0,4
"2020-04-01","GH","Ghana","AFRO",9,161,0,4
"2020-04-02","GH","Ghana","AFRO",34,195,0,4
"2020-04-03","GH","Ghana","AFRO",9,204,0,4
"2020-04-04","GH","Ghana","AFRO",1,205,0,4
"2020-04-05","GH","Ghana","AFRO",0,205,0,4
"2020-04-06","GH","Ghana","AFRO",9,214,1,5
"2020-04-07","GH","Ghana","AFRO",0,214,0,5
"2020-04-08","GH","Ghana","AFRO",73,287,0,5
"2020-04-09","GH","Ghana","AFRO",26,313,1,6
"2020-04-10","GH","Ghana","AFRO",0,313,0,6
"2020-04-11","GH","Ghana","AFRO",65,378,0,6
"2020-04-12","GH","Ghana","AFRO",30,408,2,8
"2020-04-13","GH","Ghana","AFRO",158,566,0,8
"2020-04-14","GH","Ghana","AFRO",0,566,0,8
"2020-04-15","GH","Ghana","AFRO",70,636,0,8
"2020-04-16","GH","Ghana","AFRO",0,636,0,8
"2020-04-17","GH","Ghana","AFRO",5,641,0,8
"2020-04-18","GH","Ghana","AFRO",0,641,0,8
"2020-04-19","GH","Ghana","AFRO",193,834,1,9
"2020-04-20","GH","Ghana","AFRO",208,1042,0,9
"2020-04-21","GH","Ghana","AFRO",0,1042,0,9
"2020-04-22","GH","Ghana","AFRO",0,1042,0,9
"2020-04-23","GH","Ghana","AFRO",112,1154,0,9
"2020-04-24","GH","Ghana","AFRO",0,1154,0,9
"2020-04-25","GH","Ghana","AFRO",125,1279,1,10
"2020-04-26","GH","Ghana","AFRO",0,1279,0,10
"2020-04-27","GH","Ghana","AFRO",271,1550,1,11
"2020-04-28","GH","Ghana","AFRO",0,1550,0,11
"2020-04-29","GH","Ghana","AFRO",121,1671,5,16
"2020-04-30","GH","Ghana","AFRO",0,1671,0,16
"2020-05-01","GH","Ghana","AFRO",403,2074,1,17
"2020-05-02","GH","Ghana","AFRO",0,2074,0,17
"2020-05-03","GH","Ghana","AFRO",95,2169,1,18
"2020-05-04","GH","Ghana","AFRO",0,2169,0,18
"2020-05-05","GH","Ghana","AFRO",550,2719,0,18
"2020-05-06","GH","Ghana","AFRO",0,2719,0,18
"2020-05-07","GH","Ghana","AFRO",0,2719,0,18
"2020-05-08","GH","Ghana","AFRO",372,3091,0,18
"2020-05-09","GH","Ghana","AFRO",921,4012,0,18
"2020-05-10","GH","Ghana","AFRO",251,4263,4,22
"2020-05-11","GH","Ghana","AFRO",0,4263,0,22
"2020-05-12","GH","Ghana","AFRO",437,4700,0,22
"2020-05-13","GH","Ghana","AFRO",427,5127,0,22
"2020-05-14","GH","Ghana","AFRO",281,5408,2,24
"2020-05-15","GH","Ghana","AFRO",122,5530,0,24
"2020-05-16","GH","Ghana","AFRO",108,5638,4,28
"2020-05-17","GH","Ghana","AFRO",97,5735,1,29
"2020-05-18","GH","Ghana","AFRO",0,5735,0,29
"2020-05-19","GH","Ghana","AFRO",0,5735,0,29
"2020-05-20","GH","Ghana","AFRO",361,6096,2,31
"2020-05-21","GH","Ghana","AFRO",0,6096,0,31
"2020-05-22","GH","Ghana","AFRO",173,6269,0,31
"2020-05-23","GH","Ghana","AFRO",217,6486,0,31
"2020-05-24","GH","Ghana","AFRO",131,6617,0,31
"2020-05-25","GH","Ghana","AFRO",66,6683,1,32
"2020-05-26","GH","Ghana","AFRO",125,6808,0,32
"2020-05-27","GH","Ghana","AFRO",156,6964,0,32
"2020-05-28","GH","Ghana","AFRO",339,7303,2,34
"2020-05-29","GH","Ghana","AFRO",0,7303,0,34
"2020-05-30","GH","Ghana","AFRO",313,7616,0,34
"2020-05-31","GH","Ghana","AFRO",152,7768,1,35
"2020-06-01","GH","Ghana","AFRO",113,7881,1,36
"2020-06-02","GH","Ghana","AFRO",189,8070,0,36
"2020-06-03","GH","Ghana","AFRO",227,8297,2,38
"2020-06-04","GH","Ghana","AFRO",251,8548,0,38
"2020-06-05","GH","Ghana","AFRO",337,8885,0,38
"2020-06-06","GH","Ghana","AFRO",283,9168,4,42
"2020-06-07","GH","Ghana","AFRO",294,9462,2,44
"2020-06-08","GH","Ghana","AFRO",176,9638,0,44
"2020-06-09","GH","Ghana","AFRO",272,9910,4,48
"2020-06-10","GH","Ghana","AFRO",291,10201,0,48
"2020-06-11","GH","Ghana","AFRO",0,10201,0,48
"2020-06-12","GH","Ghana","AFRO",157,10358,0,48
"2020-06-13","GH","Ghana","AFRO",498,10856,0,48
"2020-06-14","GH","Ghana","AFRO",262,11118,0,48
"2020-06-15","GH","Ghana","AFRO",304,11422,3,51
"2020-06-16","GH","Ghana","AFRO",542,11964,3,54
"2020-06-17","GH","Ghana","AFRO",229,12193,4,58
"2020-06-18","GH","Ghana","AFRO",397,12590,8,66
"2020-06-19","GH","Ghana","AFRO",339,12929,0,66
"2020-06-20","GH","Ghana","AFRO",274,13203,4,70
"2020-06-21","GH","Ghana","AFRO",514,13717,15,85
"2020-06-22","GH","Ghana","AFRO",437,14154,0,85
"2020-06-23","GH","Ghana","AFRO",0,14154,0,85
"2020-06-24","GH","Ghana","AFRO",414,14568,10,95
"2020-06-25","GH","Ghana","AFRO",445,15013,0,95
"2020-06-26","GH","Ghana","AFRO",460,15473,0,95
"2020-06-27","GH","Ghana","AFRO",361,15834,8,103
"2020-06-28","GH","Ghana","AFRO",597,16431,0,103
"2020-06-29","GH","Ghana","AFRO",920,17351,9,112
"2020-06-30","GH","Ghana","AFRO",0,17351,0,112
"2020-07-01","GH","Ghana","AFRO",390,17741,0,112
"2020-07-02","GH","Ghana","AFRO",393,18134,5,117
"2020-07-03","GH","Ghana","AFRO",0,18134,0,117
"2020-07-04","GH","Ghana","AFRO",758,18892,0,117
"2020-07-05","GH","Ghana","AFRO",496,19388,0,117
"2020-07-06","GH","Ghana","AFRO",697,20085,5,122
"2020-07-07","GH","Ghana","AFRO",0,20085,0,122
"2020-07-08","GH","Ghana","AFRO",1883,21968,7,129
"2020-07-09","GH","Ghana","AFRO",854,22822,0,129
"2020-07-10","GH","Ghana","AFRO",641,23463,0,129
"2020-07-11","GH","Ghana","AFRO",0,23463,0,129
"2020-07-12","GH","Ghana","AFRO",785,24248,6,135
"2020-07-13","GH","Ghana","AFRO",270,24518,4,139
"2020-07-14","GH","Ghana","AFRO",470,24988,0,139
"2020-07-15","GH","Ghana","AFRO",0,24988,0,139
"2020-07-16","GH","Ghana","AFRO",442,25430,0,139
"2020-07-17","GH","Ghana","AFRO",695,26125,0,139
"2020-07-18","GH","Ghana","AFRO",447,26572,5,144
"2020-07-19","GH","Ghana","AFRO",488,27060,1,145
"2020-07-20","GH","Ghana","AFRO",607,27667,3,148
"2020-07-21","GH","Ghana","AFRO",763,28430,5,153
"2020-07-22","GH","Ghana","AFRO",559,28989,0,153
"2020-07-23","GH","Ghana","AFRO",683,29672,0,153
"2020-07-24","GH","Ghana","AFRO",0,29672,0,153
"2020-07-25","GH","Ghana","AFRO",1385,31057,8,161
"2020-07-26","GH","Ghana","AFRO",794,31851,0,161
"2020-07-27","GH","Ghana","AFRO",586,32437,0,161
"2020-07-28","GH","Ghana","AFRO",1187,33624,7,168
"2020-07-29","GH","Ghana","AFRO",782,34406,0,168
"2020-07-30","GH","Ghana","AFRO",736,35142,7,175
"2020-07-31","GH","Ghana","AFRO",0,35142,0,175
"2020-08-01","GH","Ghana","AFRO",359,35501,7,182
"2020-08-02","GH","Ghana","AFRO",0,35501,0,182
"2020-08-03","GH","Ghana","AFRO",1513,37014,0,182
"2020-08-04","GH","Ghana","AFRO",0,37014,0,182
"2020-08-05","GH","Ghana","AFRO",798,37812,9,191
"2020-08-06","GH","Ghana","AFRO",1263,39075,8,199
"2020-08-07","GH","Ghana","AFRO",567,39642,0,199
"2020-08-08","GH","Ghana","AFRO",455,40097,7,206
"2020-08-09","GH","Ghana","AFRO",436,40533,0,206
"2020-08-10","GH","Ghana","AFRO",470,41003,9,215
"2020-08-11","GH","Ghana","AFRO",209,41212,0,215
"2020-08-12","GH","Ghana","AFRO",192,41404,0,215
"2020-08-13","GH","Ghana","AFRO",168,41572,8,223
"2020-08-14","GH","Ghana","AFRO",275,41847,0,223
"2020-08-15","GH","Ghana","AFRO",216,42063,8,231
"2020-08-16","GH","Ghana","AFRO",147,42210,0,231
"2020-08-17","GH","Ghana","AFRO",322,42532,0,231
"2020-08-18","GH","Ghana","AFRO",121,42653,8,239
"2020-08-19","GH","Ghana","AFRO",340,42993,9,248
"2020-08-20","GH","Ghana","AFRO",101,43094,8,256
"2020-08-21","GH","Ghana","AFRO",166,43260,5,261
"2020-08-22","GH","Ghana","AFRO",65,43325,0,261
"2020-08-23","GH","Ghana","AFRO",0,43325,0,261
"2020-08-24","GH","Ghana","AFRO",180,43505,0,261
"2020-08-25","GH","Ghana","AFRO",117,43622,2,263
"2020-08-26","GH","Ghana","AFRO",95,43717,7,270
"2020-08-27","GH","Ghana","AFRO",52,43769,0,270
"2020-08-28","GH","Ghana","AFRO",72,43841,0,270
"2020-08-29","GH","Ghana","AFRO",0,43841,0,270
"2020-08-30","GH","Ghana","AFRO",108,43949,0,270
"2020-08-31","GH","Ghana","AFRO",256,44205,6,276
"2020-09-01","GH","Ghana","AFRO",0,44205,0,276
"2020-09-02","GH","Ghana","AFRO",0,44205,0,276
"2020-09-03","GH","Ghana","AFRO",255,44460,0,276
"2020-09-04","GH","Ghana","AFRO",253,44713,4,280
"2020-09-05","GH","Ghana","AFRO",64,44777,3,283
"2020-09-06","GH","Ghana","AFRO",0,44777,0,283
"2020-09-07","GH","Ghana","AFRO",0,44777,0,283
"2020-09-08","GH","Ghana","AFRO",0,44777,0,283
"2020-09-09","GH","Ghana","AFRO",235,45012,0,283
"2020-09-10","GH","Ghana","AFRO",0,45012,0,283
"2020-09-11","GH","Ghana","AFRO",301,45313,0,283
"2020-09-12","GH","Ghana","AFRO",75,45388,2,285
"2020-09-13","GH","Ghana","AFRO",46,45434,1,286
"2020-09-14","GH","Ghana","AFRO",0,45434,0,286
"2020-09-15","GH","Ghana","AFRO",0,45434,0,286
"2020-09-16","GH","Ghana","AFRO",221,45655,8,294
"2020-09-17","GH","Ghana","AFRO",0,45655,0,294
"2020-09-18","GH","Ghana","AFRO",59,45714,0,294
"2020-09-19","GH","Ghana","AFRO",143,45857,1,295
"2020-09-20","GH","Ghana","AFRO",20,45877,2,297
"2020-09-21","GH","Ghana","AFRO",127,46004,0,297
"2020-09-22","GH","Ghana","AFRO",0,46004,0,297
"2020-09-23","GH","Ghana","AFRO",58,46062,0,297
"2020-09-24","GH","Ghana","AFRO",54,46116,0,297
"2020-09-25","GH","Ghana","AFRO",37,46153,2,299
"2020-09-26","GH","Ghana","AFRO",69,46222,0,299
"2020-09-27","GH","Ghana","AFRO",0,46222,0,299
"2020-09-28","GH","Ghana","AFRO",0,46222,0,299
"2020-09-29","GH","Ghana","AFRO",0,46222,0,299
"2020-09-30","GH","Ghana","AFRO",260,46482,2,301
"2020-10-01","GH","Ghana","AFRO",174,46656,0,301
"2020-10-02","GH","Ghana","AFRO",0,46656,0,301
"2020-10-03","GH","Ghana","AFRO",0,46656,0,301
"2020-10-04","GH","Ghana","AFRO",112,46768,0,301
"2020-10-05","GH","Ghana","AFRO",61,46829,2,303
"2020-10-06","GH","Ghana","AFRO",0,46829,0,303
"2020-10-07","GH","Ghana","AFRO",0,46829,0,303
"2020-10-08","GH","Ghana","AFRO",0,46829,0,303
"2020-10-09","GH","Ghana","AFRO",118,46947,3,306
"2020-10-10","GH","Ghana","AFRO",40,46987,0,306
"2020-10-11","GH","Ghana","AFRO",0,46987,0,306
"2020-10-12","GH","Ghana","AFRO",18,47005,0,306
"2020-10-13","GH","Ghana","AFRO",0,47005,0,306
"2020-10-14","GH","Ghana","AFRO",92,47097,2,308
"2020-10-15","GH","Ghana","AFRO",29,47126,2,310
"2020-10-16","GH","Ghana","AFRO",25,47151,0,310
"2020-10-17","GH","Ghana","AFRO",22,47173,0,310
"2020-10-18","GH","Ghana","AFRO",0,47173,0,310
"2020-10-19","GH","Ghana","AFRO",59,47232,0,310
"2020-10-20","GH","Ghana","AFRO",140,47372,0,310
"2020-10-21","GH","Ghana","AFRO",0,47372,0,310
"2020-10-22","GH","Ghana","AFRO",89,47461,2,312
"2020-10-23","GH","Ghana","AFRO",77,47538,0,312
"2020-10-24","GH","Ghana","AFRO",63,47601,2,314
"2020-10-25","GH","Ghana","AFRO",89,47690,2,316
"2020-10-26","GH","Ghana","AFRO",0,47690,0,316
"2020-10-27","GH","Ghana","AFRO",0,47690,0,316
"2020-10-28","GH","Ghana","AFRO",85,47775,0,316
"2020-10-29","GH","Ghana","AFRO",0,47775,0,316
"2020-10-30","GH","Ghana","AFRO",280,48055,4,320
"2020-10-31","GH","Ghana","AFRO",0,48055,0,320
"2020-11-01","GH","Ghana","AFRO",0,48055,0,320
"2020-11-02","GH","Ghana","AFRO",0,48055,0,320
"2020-11-03","GH","Ghana","AFRO",69,48124,0,320
"2020-11-04","GH","Ghana","AFRO",76,48200,0,320
"2020-11-05","GH","Ghana","AFRO",443,48643,0,320
"2020-11-06","GH","Ghana","AFRO",145,48788,0,320
"2020-11-07","GH","Ghana","AFRO",0,48788,0,320
"2020-11-08","GH","Ghana","AFRO",0,48788,0,320
"2020-11-09","GH","Ghana","AFRO",414,49202,0,320
"2020-11-10","GH","Ghana","AFRO",0,49202,0,320
"2020-11-11","GH","Ghana","AFRO",100,49302,0,320
"2020-11-12","GH","Ghana","AFRO",0,49302,0,320
"2020-11-13","GH","Ghana","AFRO",716,50018,0,320
"2020-11-14","GH","Ghana","AFRO",0,50018,0,320
"2020-11-15","GH","Ghana","AFRO",0,50018,0,320
"2020-11-16","GH","Ghana","AFRO",105,50123,2,322
"2020-11-17","GH","Ghana","AFRO",0,50123,0,322
"2020-11-18","GH","Ghana","AFRO",334,50457,1,323
"2020-11-19","GH","Ghana","AFRO",0,50457,0,323
"2020-11-20","GH","Ghana","AFRO",174,50631,0,323
"2020-11-21","GH","Ghana","AFRO",0,50631,0,323
"2020-11-22","GH","Ghana","AFRO",243,50874,0,323
"2020-11-23","GH","Ghana","AFRO",0,50874,0,323
"2020-11-24","GH","Ghana","AFRO",67,50941,0,323
"2020-11-25","GH","Ghana","AFRO",243,51184,0,323
"2020-11-26","GH","Ghana","AFRO",41,51225,0,323
"2020-11-27","GH","Ghana","AFRO",0,51225,0,323
"2020-11-28","GH","Ghana","AFRO",0,51225,0,323
"2020-11-29","GH","Ghana","AFRO",154,51379,0,323
"2020-11-30","GH","Ghana","AFRO",190,51569,0,323
"2020-12-01","GH","Ghana","AFRO",98,51667,0,323
"2020-12-02","GH","Ghana","AFRO",0,51667,0,323
"2020-12-03","GH","Ghana","AFRO",0,51667,0,323
"2020-12-04","GH","Ghana","AFRO",0,51667,0,323
"2020-12-05","GH","Ghana","AFRO",429,52096,2,325
"2020-12-06","GH","Ghana","AFRO",0,52096,0,325
"2020-12-07","GH","Ghana","AFRO",178,52274,0,325
"2020-12-08","GH","Ghana","AFRO",0,52274,0,325
"2020-12-09","GH","Ghana","AFRO",226,52500,1,326
"2020-12-10","GH","Ghana","AFRO",122,52622,0,326
"2020-12-11","GH","Ghana","AFRO",116,52738,0,326
"2020-12-12","GH","Ghana","AFRO",0,52738,0,326
