"Fecha_de_reporte","Codigo_pais","Paises","Region","Casos_nuevos","Casos_acumulados","defunciones_nuevas","defunciones_acumuladas"
"2020-01-03","GT","Guatemala","AMRO",0,0,0,0
"2020-01-04","GT","Guatemala","AMRO",0,0,0,0
"2020-01-05","GT","Guatemala","AMRO",0,0,0,0
"2020-01-06","GT","Guatemala","AMRO",0,0,0,0
"2020-01-07","GT","Guatemala","AMRO",0,0,0,0
"2020-01-08","GT","Guatemala","AMRO",0,0,0,0
"2020-01-09","GT","Guatemala","AMRO",0,0,0,0
"2020-01-10","GT","Guatemala","AMRO",0,0,0,0
"2020-01-11","GT","Guatemala","AMRO",0,0,0,0
"2020-01-12","GT","Guatemala","AMRO",0,0,0,0
"2020-01-13","GT","Guatemala","AMRO",0,0,0,0
"2020-01-14","GT","Guatemala","AMRO",0,0,0,0
"2020-01-15","GT","Guatemala","AMRO",0,0,0,0
"2020-01-16","GT","Guatemala","AMRO",0,0,0,0
"2020-01-17","GT","Guatemala","AMRO",0,0,0,0
"2020-01-18","GT","Guatemala","AMRO",0,0,0,0
"2020-01-19","GT","Guatemala","AMRO",0,0,0,0
"2020-01-20","GT","Guatemala","AMRO",0,0,0,0
"2020-01-21","GT","Guatemala","AMRO",0,0,0,0
"2020-01-22","GT","Guatemala","AMRO",0,0,0,0
"2020-01-23","GT","Guatemala","AMRO",0,0,0,0
"2020-01-24","GT","Guatemala","AMRO",0,0,0,0
"2020-01-25","GT","Guatemala","AMRO",0,0,0,0
"2020-01-26","GT","Guatemala","AMRO",0,0,0,0
"2020-01-27","GT","Guatemala","AMRO",0,0,0,0
"2020-01-28","GT","Guatemala","AMRO",0,0,0,0
"2020-01-29","GT","Guatemala","AMRO",0,0,0,0
"2020-01-30","GT","Guatemala","AMRO",0,0,0,0
"2020-01-31","GT","Guatemala","AMRO",0,0,0,0
"2020-02-01","GT","Guatemala","AMRO",0,0,0,0
"2020-02-02","GT","Guatemala","AMRO",0,0,0,0
"2020-02-03","GT","Guatemala","AMRO",0,0,0,0
"2020-02-04","GT","Guatemala","AMRO",0,0,0,0
"2020-02-05","GT","Guatemala","AMRO",0,0,0,0
"2020-02-06","GT","Guatemala","AMRO",0,0,0,0
"2020-02-07","GT","Guatemala","AMRO",0,0,0,0
"2020-02-08","GT","Guatemala","AMRO",0,0,0,0
"2020-02-09","GT","Guatemala","AMRO",0,0,0,0
"2020-02-10","GT","Guatemala","AMRO",0,0,0,0
"2020-02-11","GT","Guatemala","AMRO",0,0,0,0
"2020-02-12","GT","Guatemala","AMRO",0,0,0,0
"2020-02-13","GT","Guatemala","AMRO",0,0,0,0
"2020-02-14","GT","Guatemala","AMRO",0,0,0,0
"2020-02-15","GT","Guatemala","AMRO",0,0,0,0
"2020-02-16","GT","Guatemala","AMRO",0,0,0,0
"2020-02-17","GT","Guatemala","AMRO",0,0,0,0
"2020-02-18","GT","Guatemala","AMRO",0,0,0,0
"2020-02-19","GT","Guatemala","AMRO",0,0,0,0
"2020-02-20","GT","Guatemala","AMRO",0,0,0,0
"2020-02-21","GT","Guatemala","AMRO",0,0,0,0
"2020-02-22","GT","Guatemala","AMRO",0,0,0,0
"2020-02-23","GT","Guatemala","AMRO",0,0,0,0
"2020-02-24","GT","Guatemala","AMRO",0,0,0,0
"2020-02-25","GT","Guatemala","AMRO",0,0,0,0
"2020-02-26","GT","Guatemala","AMRO",0,0,0,0
"2020-02-27","GT","Guatemala","AMRO",0,0,0,0
"2020-02-28","GT","Guatemala","AMRO",0,0,0,0
"2020-02-29","GT","Guatemala","AMRO",0,0,0,0
"2020-03-01","GT","Guatemala","AMRO",0,0,0,0
"2020-03-02","GT","Guatemala","AMRO",0,0,0,0
"2020-03-03","GT","Guatemala","AMRO",0,0,0,0
"2020-03-04","GT","Guatemala","AMRO",0,0,0,0
"2020-03-05","GT","Guatemala","AMRO",0,0,0,0
"2020-03-06","GT","Guatemala","AMRO",0,0,0,0
"2020-03-07","GT","Guatemala","AMRO",0,0,0,0
"2020-03-08","GT","Guatemala","AMRO",0,0,0,0
"2020-03-09","GT","Guatemala","AMRO",0,0,0,0
"2020-03-10","GT","Guatemala","AMRO",0,0,0,0
"2020-03-11","GT","Guatemala","AMRO",0,0,0,0
"2020-03-12","GT","Guatemala","AMRO",0,0,0,0
"2020-03-13","GT","Guatemala","AMRO",0,0,0,0
"2020-03-14","GT","Guatemala","AMRO",0,0,0,0
"2020-03-15","GT","Guatemala","AMRO",5,5,1,1
"2020-03-16","GT","Guatemala","AMRO",0,5,0,1
"2020-03-17","GT","Guatemala","AMRO",5,10,0,1
"2020-03-18","GT","Guatemala","AMRO",0,10,0,1
"2020-03-19","GT","Guatemala","AMRO",-1,9,0,1
"2020-03-20","GT","Guatemala","AMRO",3,12,0,1
"2020-03-21","GT","Guatemala","AMRO",0,12,0,1
"2020-03-22","GT","Guatemala","AMRO",0,12,0,1
"2020-03-23","GT","Guatemala","AMRO",6,18,0,1
"2020-03-24","GT","Guatemala","AMRO",3,21,0,1
"2020-03-25","GT","Guatemala","AMRO",0,21,0,1
"2020-03-26","GT","Guatemala","AMRO",3,24,0,1
"2020-03-27","GT","Guatemala","AMRO",0,24,0,1
"2020-03-28","GT","Guatemala","AMRO",1,25,0,1
"2020-03-29","GT","Guatemala","AMRO",7,32,0,1
"2020-03-30","GT","Guatemala","AMRO",2,34,0,1
"2020-03-31","GT","Guatemala","AMRO",2,36,0,1
"2020-04-01","GT","Guatemala","AMRO",0,36,0,1
"2020-04-02","GT","Guatemala","AMRO",3,39,0,1
"2020-04-03","GT","Guatemala","AMRO",8,47,0,1
"2020-04-04","GT","Guatemala","AMRO",3,50,0,1
"2020-04-05","GT","Guatemala","AMRO",0,50,0,1
"2020-04-06","GT","Guatemala","AMRO",11,61,1,2
"2020-04-07","GT","Guatemala","AMRO",9,70,1,3
"2020-04-08","GT","Guatemala","AMRO",7,77,0,3
"2020-04-09","GT","Guatemala","AMRO",10,87,0,3
"2020-04-10","GT","Guatemala","AMRO",8,95,0,3
"2020-04-11","GT","Guatemala","AMRO",31,126,0,3
"2020-04-12","GT","Guatemala","AMRO",11,137,0,3
"2020-04-13","GT","Guatemala","AMRO",16,153,0,3
"2020-04-14","GT","Guatemala","AMRO",3,156,2,5
"2020-04-15","GT","Guatemala","AMRO",11,167,0,5
"2020-04-16","GT","Guatemala","AMRO",13,180,0,5
"2020-04-17","GT","Guatemala","AMRO",16,196,0,5
"2020-04-18","GT","Guatemala","AMRO",18,214,2,7
"2020-04-19","GT","Guatemala","AMRO",21,235,0,7
"2020-04-20","GT","Guatemala","AMRO",22,257,0,7
"2020-04-21","GT","Guatemala","AMRO",32,289,0,7
"2020-04-22","GT","Guatemala","AMRO",5,294,1,8
"2020-04-23","GT","Guatemala","AMRO",22,316,0,8
"2020-04-24","GT","Guatemala","AMRO",26,342,2,10
"2020-04-25","GT","Guatemala","AMRO",42,384,1,11
"2020-04-26","GT","Guatemala","AMRO",46,430,2,13
"2020-04-27","GT","Guatemala","AMRO",43,473,2,15
"2020-04-28","GT","Guatemala","AMRO",27,500,0,15
"2020-04-29","GT","Guatemala","AMRO",30,530,0,15
"2020-04-30","GT","Guatemala","AMRO",27,557,1,16
"2020-05-01","GT","Guatemala","AMRO",28,585,0,16
"2020-05-02","GT","Guatemala","AMRO",14,599,0,16
"2020-05-03","GT","Guatemala","AMRO",45,644,2,18
"2020-05-04","GT","Guatemala","AMRO",44,688,1,19
"2020-05-05","GT","Guatemala","AMRO",15,703,-2,17
"2020-05-06","GT","Guatemala","AMRO",27,730,2,19
"2020-05-07","GT","Guatemala","AMRO",33,763,0,19
"2020-05-08","GT","Guatemala","AMRO",35,798,2,21
"2020-05-09","GT","Guatemala","AMRO",34,832,2,23
"2020-05-10","GT","Guatemala","AMRO",68,900,1,24
"2020-05-11","GT","Guatemala","AMRO",67,967,0,24
"2020-05-12","GT","Guatemala","AMRO",85,1052,2,26
"2020-05-13","GT","Guatemala","AMRO",62,1114,0,26
"2020-05-14","GT","Guatemala","AMRO",85,1199,1,27
"2020-05-15","GT","Guatemala","AMRO",143,1342,2,29
"2020-05-16","GT","Guatemala","AMRO",176,1518,0,29
"2020-05-17","GT","Guatemala","AMRO",125,1643,1,30
"2020-05-18","GT","Guatemala","AMRO",120,1763,3,33
"2020-05-19","GT","Guatemala","AMRO",149,1912,2,35
"2020-05-20","GT","Guatemala","AMRO",89,2001,3,38
"2020-05-21","GT","Guatemala","AMRO",132,2133,5,43
"2020-05-22","GT","Guatemala","AMRO",132,2265,2,45
"2020-05-23","GT","Guatemala","AMRO",247,2512,3,48
"2020-05-24","GT","Guatemala","AMRO",231,2743,5,53
"2020-05-25","GT","Guatemala","AMRO",311,3054,4,57
"2020-05-26","GT","Guatemala","AMRO",370,3424,1,58
"2020-05-27","GT","Guatemala","AMRO",336,3760,1,59
"2020-05-28","GT","Guatemala","AMRO",194,3954,4,63
"2020-05-29","GT","Guatemala","AMRO",191,4145,5,68
"2020-05-30","GT","Guatemala","AMRO",203,4348,12,80
"2020-05-31","GT","Guatemala","AMRO",259,4607,10,90
"2020-06-01","GT","Guatemala","AMRO",132,4739,12,102
"2020-06-02","GT","Guatemala","AMRO",348,5087,6,108
"2020-06-03","GT","Guatemala","AMRO",249,5336,8,116
"2020-06-04","GT","Guatemala","AMRO",250,5586,7,123
"2020-06-05","GT","Guatemala","AMRO",174,5760,20,143
"2020-06-06","GT","Guatemala","AMRO",394,6154,15,158
"2020-06-07","GT","Guatemala","AMRO",331,6485,58,216
"2020-06-08","GT","Guatemala","AMRO",307,6792,14,230
"2020-06-09","GT","Guatemala","AMRO",263,7055,22,252
"2020-06-10","GT","Guatemala","AMRO",447,7502,15,267
"2020-06-11","GT","Guatemala","AMRO",364,7866,22,289
"2020-06-12","GT","Guatemala","AMRO",355,8221,27,316
"2020-06-13","GT","Guatemala","AMRO",340,8561,18,334
"2020-06-14","GT","Guatemala","AMRO",421,8982,17,351
"2020-06-15","GT","Guatemala","AMRO",509,9491,16,367
"2020-06-16","GT","Guatemala","AMRO",354,9845,17,384
"2020-06-17","GT","Guatemala","AMRO",427,10272,15,399
"2020-06-18","GT","Guatemala","AMRO",434,10706,19,418
"2020-06-19","GT","Guatemala","AMRO",545,11251,14,432
"2020-06-20","GT","Guatemala","AMRO",617,11868,17,449
"2020-06-21","GT","Guatemala","AMRO",641,12509,34,483
"2020-06-22","GT","Guatemala","AMRO",246,12755,31,514
"2020-06-23","GT","Guatemala","AMRO",390,13145,17,531
"2020-06-24","GT","Guatemala","AMRO",624,13769,16,547
"2020-06-25","GT","Guatemala","AMRO",771,14540,35,582
"2020-06-26","GT","Guatemala","AMRO",279,14819,19,601
"2020-06-27","GT","Guatemala","AMRO",800,15619,22,623
"2020-06-28","GT","Guatemala","AMRO",209,15828,49,672
"2020-06-29","GT","Guatemala","AMRO",569,16397,34,706
"2020-06-30","GT","Guatemala","AMRO",533,16930,21,727
"2020-07-01","GT","Guatemala","AMRO",479,17409,19,746
"2020-07-02","GT","Guatemala","AMRO",687,18096,27,773
"2020-07-03","GT","Guatemala","AMRO",915,19011,44,817
"2020-07-04","GT","Guatemala","AMRO",1061,20072,26,843
"2020-07-05","GT","Guatemala","AMRO",1221,21293,37,880
"2020-07-06","GT","Guatemala","AMRO",1208,22501,40,920
"2020-07-07","GT","Guatemala","AMRO",747,23248,27,947
"2020-07-08","GT","Guatemala","AMRO",724,23972,34,981
"2020-07-09","GT","Guatemala","AMRO",815,24787,23,1004
"2020-07-10","GT","Guatemala","AMRO",624,25411,49,1053
"2020-07-11","GT","Guatemala","AMRO",1247,26658,39,1092
"2020-07-12","GT","Guatemala","AMRO",961,27619,47,1139
"2020-07-13","GT","Guatemala","AMRO",979,28598,33,1172
"2020-07-14","GT","Guatemala","AMRO",757,29355,47,1219
"2020-07-15","GT","Guatemala","AMRO",387,29742,25,1244
"2020-07-16","GT","Guatemala","AMRO",1130,30872,58,1302
"2020-07-17","GT","Guatemala","AMRO",1202,32074,48,1350
"2020-07-18","GT","Guatemala","AMRO",865,32939,54,1404
"2020-07-19","GT","Guatemala","AMRO",870,33809,39,1443
"2020-07-20","GT","Guatemala","AMRO",4233,38042,6,1449
"2020-07-21","GT","Guatemala","AMRO",997,39039,53,1502
"2020-07-22","GT","Guatemala","AMRO",1190,40229,29,1531
"2020-07-23","GT","Guatemala","AMRO",906,41135,42,1573
"2020-07-24","GT","Guatemala","AMRO",1057,42192,59,1632
"2020-07-25","GT","Guatemala","AMRO",1091,43283,37,1669
"2020-07-26","GT","Guatemala","AMRO",1209,44492,30,1699
"2020-07-27","GT","Guatemala","AMRO",561,45053,35,1734
"2020-07-28","GT","Guatemala","AMRO",6,45059,27,1761
"2020-07-29","GT","Guatemala","AMRO",1392,46451,21,1782
"2020-07-30","GT","Guatemala","AMRO",1154,47605,53,1835
"2020-07-31","GT","Guatemala","AMRO",1221,48826,32,1867
"2020-08-01","GT","Guatemala","AMRO",963,49789,57,1924
"2020-08-02","GT","Guatemala","AMRO",1190,50979,33,1957
"2020-08-03","GT","Guatemala","AMRO",327,51306,38,1995
"2020-08-04","GT","Guatemala","AMRO",236,51542,18,2013
"2020-08-05","GT","Guatemala","AMRO",823,52365,24,2037
"2020-08-06","GT","Guatemala","AMRO",1144,53509,35,2072
"2020-08-07","GT","Guatemala","AMRO",830,54339,47,2119
"2020-08-08","GT","Guatemala","AMRO",931,55270,49,2168
"2020-08-09","GT","Guatemala","AMRO",919,56189,29,2197
"2020-08-10","GT","Guatemala","AMRO",416,56605,14,2211
"2020-08-11","GT","Guatemala","AMRO",382,56987,11,2222
"2020-08-12","GT","Guatemala","AMRO",979,57966,11,2233
"2020-08-13","GT","Guatemala","AMRO",1123,59089,34,2267
"2020-08-14","GT","Guatemala","AMRO",1195,60284,29,2296
"2020-08-15","GT","Guatemala","AMRO",1144,61428,45,2341
"2020-08-16","GT","Guatemala","AMRO",885,62313,14,2355
"2020-08-17","GT","Guatemala","AMRO",249,62562,24,2379
"2020-08-18","GT","Guatemala","AMRO",382,62944,10,2389
"2020-08-19","GT","Guatemala","AMRO",903,63847,30,2419
"2020-08-20","GT","Guatemala","AMRO",1034,64881,48,2467
"2020-08-21","GT","Guatemala","AMRO",1102,65983,39,2506
"2020-08-22","GT","Guatemala","AMRO",958,66941,26,2532
"2020-08-23","GT","Guatemala","AMRO",915,67856,48,2580
"2020-08-24","GT","Guatemala","AMRO",332,68188,14,2594
"2020-08-25","GT","Guatemala","AMRO",345,68533,17,2611
"2020-08-26","GT","Guatemala","AMRO",1118,69651,19,2630
"2020-08-27","GT","Guatemala","AMRO",1063,70714,32,2662
"2020-08-28","GT","Guatemala","AMRO",1142,71856,23,2685
"2020-08-29","GT","Guatemala","AMRO",1065,72921,24,2709
"2020-08-30","GT","Guatemala","AMRO",758,73679,19,2728
"2020-08-31","GT","Guatemala","AMRO",233,73912,12,2740
"2020-09-01","GT","Guatemala","AMRO",162,74074,20,2760
"2020-09-02","GT","Guatemala","AMRO",819,74893,18,2778
"2020-09-03","GT","Guatemala","AMRO",751,75644,12,2790
"2020-09-04","GT","Guatemala","AMRO",714,76358,14,2804
"2020-09-05","GT","Guatemala","AMRO",682,77040,21,2825
"2020-09-06","GT","Guatemala","AMRO",441,77481,20,2845
"2020-09-07","GT","Guatemala","AMRO",202,77683,7,2852
"2020-09-08","GT","Guatemala","AMRO",145,77828,10,2862
"2020-09-09","GT","Guatemala","AMRO",893,78721,28,2890
"2020-09-10","GT","Guatemala","AMRO",901,79622,7,2897
"2020-09-11","GT","Guatemala","AMRO",684,80306,21,2918
"2020-09-12","GT","Guatemala","AMRO",703,81009,11,2929
"2020-09-13","GT","Guatemala","AMRO",649,81658,20,2949
"2020-09-14","GT","Guatemala","AMRO",251,81909,8,2957
"2020-09-15","GT","Guatemala","AMRO",263,82172,15,2972
"2020-09-16","GT","Guatemala","AMRO",512,82684,12,2984
"2020-09-17","GT","Guatemala","AMRO",240,82924,25,3009
"2020-09-18","GT","Guatemala","AMRO",740,83664,27,3036
"2020-09-19","GT","Guatemala","AMRO",680,84344,40,3076
"2020-09-20","GT","Guatemala","AMRO",808,85152,29,3105
"2020-09-21","GT","Guatemala","AMRO",292,85444,14,3119
"2020-09-22","GT","Guatemala","AMRO",237,85681,5,3124
"2020-09-23","GT","Guatemala","AMRO",942,86623,13,3137
"2020-09-24","GT","Guatemala","AMRO",819,87442,17,3154
"2020-09-25","GT","Guatemala","AMRO",491,87933,16,3170
"2020-09-26","GT","Guatemala","AMRO",945,88878,16,3186
"2020-09-27","GT","Guatemala","AMRO",824,89702,27,3213
"2020-09-28","GT","Guatemala","AMRO",390,90092,16,3229
"2020-09-29","GT","Guatemala","AMRO",171,90263,5,3234
"2020-09-30","GT","Guatemala","AMRO",705,90968,4,3238
"2020-10-01","GT","Guatemala","AMRO",778,91746,8,3246
"2020-10-02","GT","Guatemala","AMRO",663,92409,15,3261
"2020-10-03","GT","Guatemala","AMRO",681,93090,6,3267
"2020-10-04","GT","Guatemala","AMRO",658,93748,18,3285
"2020-10-05","GT","Guatemala","AMRO",215,93963,8,3293
"2020-10-06","GT","Guatemala","AMRO",219,94182,9,3302
"2020-10-07","GT","Guatemala","AMRO",688,94870,8,3310
"2020-10-08","GT","Guatemala","AMRO",834,95704,25,3335
"2020-10-09","GT","Guatemala","AMRO",776,96480,12,3347
"2020-10-10","GT","Guatemala","AMRO",455,96935,9,3356
"2020-10-11","GT","Guatemala","AMRO",609,97544,9,3365
"2020-10-12","GT","Guatemala","AMRO",171,97715,19,3384
"2020-10-13","GT","Guatemala","AMRO",111,97826,3,3387
"2020-10-14","GT","Guatemala","AMRO",554,98380,23,3410
"2020-10-15","GT","Guatemala","AMRO",714,99094,20,3430
"2020-10-16","GT","Guatemala","AMRO",671,99765,23,3453
"2020-10-17","GT","Guatemala","AMRO",666,100431,25,3478
"2020-10-18","GT","Guatemala","AMRO",597,101028,37,3515
"2020-10-19","GT","Guatemala","AMRO",332,101360,15,3530
"2020-10-20","GT","Guatemala","AMRO",239,101599,11,3541
"2020-10-21","GT","Guatemala","AMRO",620,102219,5,3546
"2020-10-22","GT","Guatemala","AMRO",196,102415,21,3567
"2020-10-23","GT","Guatemala","AMRO",757,103172,13,3580
"2020-10-24","GT","Guatemala","AMRO",730,103902,14,3594
"2020-10-25","GT","Guatemala","AMRO",730,104632,15,3609
"2020-10-26","GT","Guatemala","AMRO",155,104787,35,3644
"2020-10-27","GT","Guatemala","AMRO",107,104894,7,3651
"2020-10-28","GT","Guatemala","AMRO",677,105571,14,3665
"2020-10-29","GT","Guatemala","AMRO",749,106320,17,3682
"2020-10-30","GT","Guatemala","AMRO",470,106790,22,3704
"2020-10-31","GT","Guatemala","AMRO",549,107339,10,3714
"2020-11-01","GT","Guatemala","AMRO",600,107939,15,3729
"2020-11-02","GT","Guatemala","AMRO",165,108104,9,3738
"2020-11-03","GT","Guatemala","AMRO",0,108104,0,3738
"2020-11-04","GT","Guatemala","AMRO",379,108483,10,3748
"2020-11-05","GT","Guatemala","AMRO",664,109147,4,3752
"2020-11-06","GT","Guatemala","AMRO",702,109849,14,3766
"2020-11-07","GT","Guatemala","AMRO",653,110502,28,3794
"2020-11-08","GT","Guatemala","AMRO",548,111050,17,3811
"2020-11-09","GT","Guatemala","AMRO",212,111262,10,3821
"2020-11-10","GT","Guatemala","AMRO",98,111360,2,3823
"2020-11-11","GT","Guatemala","AMRO",769,112129,9,3832
"2020-11-12","GT","Guatemala","AMRO",682,112811,13,3845
"2020-11-13","GT","Guatemala","AMRO",732,113543,13,3858
"2020-11-14","GT","Guatemala","AMRO",580,114123,22,3880
"2020-11-15","GT","Guatemala","AMRO",596,114719,40,3920
"2020-11-16","GT","Guatemala","AMRO",166,114885,12,3932
"2020-11-17","GT","Guatemala","AMRO",147,115032,6,3938
"2020-11-18","GT","Guatemala","AMRO",698,115730,9,3947
"2020-11-19","GT","Guatemala","AMRO",651,116381,61,4008
"2020-11-20","GT","Guatemala","AMRO",685,117066,42,4050
"2020-11-21","GT","Guatemala","AMRO",691,117757,17,4067
"2020-11-22","GT","Guatemala","AMRO",660,118417,7,4074
"2020-11-23","GT","Guatemala","AMRO",212,118629,2,4076
"2020-11-24","GT","Guatemala","AMRO",93,118722,16,4092
"2020-11-25","GT","Guatemala","AMRO",627,119349,7,4099
"2020-11-26","GT","Guatemala","AMRO",640,119989,8,4107
"2020-11-27","GT","Guatemala","AMRO",696,120685,26,4133
"2020-11-28","GT","Guatemala","AMRO",447,121132,8,4141
"2020-11-29","GT","Guatemala","AMRO",666,121798,20,4161
"2020-11-30","GT","Guatemala","AMRO",173,121971,5,4166
"2020-12-01","GT","Guatemala","AMRO",91,122062,5,4171
"2020-12-02","GT","Guatemala","AMRO",712,122774,7,4178
"2020-12-03","GT","Guatemala","AMRO",686,123460,13,4191
"2020-12-04","GT","Guatemala","AMRO",593,124053,18,4209
"2020-12-05","GT","Guatemala","AMRO",752,124805,15,4224
"2020-12-06","GT","Guatemala","AMRO",547,125352,15,4239
"2020-12-07","GT","Guatemala","AMRO",198,125550,11,4250
"2020-12-08","GT","Guatemala","AMRO",124,125674,24,4274
"2020-12-09","GT","Guatemala","AMRO",799,126473,12,4286
"2020-12-10","GT","Guatemala","AMRO",654,127127,25,4311
"2020-12-11","GT","Guatemala","AMRO",659,127786,34,4345
"2020-12-12","GT","Guatemala","AMRO",755,128541,31,4376
