"Fecha_de_reporte","Codigo_pais","Paises","Region","Casos_nuevos","Casos_acumulados","defunciones_nuevas","defunciones_acumuladas"
"2020-01-03","GN","Guinea","AFRO",0,0,0,0
"2020-01-04","GN","Guinea","AFRO",0,0,0,0
"2020-01-05","GN","Guinea","AFRO",0,0,0,0
"2020-01-06","GN","Guinea","AFRO",0,0,0,0
"2020-01-07","GN","Guinea","AFRO",0,0,0,0
"2020-01-08","GN","Guinea","AFRO",0,0,0,0
"2020-01-09","GN","Guinea","AFRO",0,0,0,0
"2020-01-10","GN","Guinea","AFRO",0,0,0,0
"2020-01-11","GN","Guinea","AFRO",0,0,0,0
"2020-01-12","GN","Guinea","AFRO",0,0,0,0
"2020-01-13","GN","Guinea","AFRO",0,0,0,0
"2020-01-14","GN","Guinea","AFRO",0,0,0,0
"2020-01-15","GN","Guinea","AFRO",0,0,0,0
"2020-01-16","GN","Guinea","AFRO",0,0,0,0
"2020-01-17","GN","Guinea","AFRO",0,0,0,0
"2020-01-18","GN","Guinea","AFRO",0,0,0,0
"2020-01-19","GN","Guinea","AFRO",0,0,0,0
"2020-01-20","GN","Guinea","AFRO",0,0,0,0
"2020-01-21","GN","Guinea","AFRO",0,0,0,0
"2020-01-22","GN","Guinea","AFRO",0,0,0,0
"2020-01-23","GN","Guinea","AFRO",0,0,0,0
"2020-01-24","GN","Guinea","AFRO",0,0,0,0
"2020-01-25","GN","Guinea","AFRO",0,0,0,0
"2020-01-26","GN","Guinea","AFRO",0,0,0,0
"2020-01-27","GN","Guinea","AFRO",0,0,0,0
"2020-01-28","GN","Guinea","AFRO",0,0,0,0
"2020-01-29","GN","Guinea","AFRO",0,0,0,0
"2020-01-30","GN","Guinea","AFRO",0,0,0,0
"2020-01-31","GN","Guinea","AFRO",0,0,0,0
"2020-02-01","GN","Guinea","AFRO",0,0,0,0
"2020-02-02","GN","Guinea","AFRO",0,0,0,0
"2020-02-03","GN","Guinea","AFRO",0,0,0,0
"2020-02-04","GN","Guinea","AFRO",0,0,0,0
"2020-02-05","GN","Guinea","AFRO",0,0,0,0
"2020-02-06","GN","Guinea","AFRO",0,0,0,0
"2020-02-07","GN","Guinea","AFRO",0,0,0,0
"2020-02-08","GN","Guinea","AFRO",0,0,0,0
"2020-02-09","GN","Guinea","AFRO",0,0,0,0
"2020-02-10","GN","Guinea","AFRO",0,0,0,0
"2020-02-11","GN","Guinea","AFRO",0,0,0,0
"2020-02-12","GN","Guinea","AFRO",0,0,0,0
"2020-02-13","GN","Guinea","AFRO",0,0,0,0
"2020-02-14","GN","Guinea","AFRO",0,0,0,0
"2020-02-15","GN","Guinea","AFRO",0,0,0,0
"2020-02-16","GN","Guinea","AFRO",0,0,0,0
"2020-02-17","GN","Guinea","AFRO",0,0,0,0
"2020-02-18","GN","Guinea","AFRO",0,0,0,0
"2020-02-19","GN","Guinea","AFRO",0,0,0,0
"2020-02-20","GN","Guinea","AFRO",0,0,0,0
"2020-02-21","GN","Guinea","AFRO",0,0,0,0
"2020-02-22","GN","Guinea","AFRO",0,0,0,0
"2020-02-23","GN","Guinea","AFRO",0,0,0,0
"2020-02-24","GN","Guinea","AFRO",0,0,0,0
"2020-02-25","GN","Guinea","AFRO",0,0,0,0
"2020-02-26","GN","Guinea","AFRO",0,0,0,0
"2020-02-27","GN","Guinea","AFRO",0,0,0,0
"2020-02-28","GN","Guinea","AFRO",0,0,0,0
"2020-02-29","GN","Guinea","AFRO",0,0,0,0
"2020-03-01","GN","Guinea","AFRO",0,0,0,0
"2020-03-02","GN","Guinea","AFRO",0,0,0,0
"2020-03-03","GN","Guinea","AFRO",0,0,0,0
"2020-03-04","GN","Guinea","AFRO",0,0,0,0
"2020-03-05","GN","Guinea","AFRO",0,0,0,0
"2020-03-06","GN","Guinea","AFRO",0,0,0,0
"2020-03-07","GN","Guinea","AFRO",0,0,0,0
"2020-03-08","GN","Guinea","AFRO",0,0,0,0
"2020-03-09","GN","Guinea","AFRO",0,0,0,0
"2020-03-10","GN","Guinea","AFRO",0,0,0,0
"2020-03-11","GN","Guinea","AFRO",0,0,0,0
"2020-03-12","GN","Guinea","AFRO",0,0,0,0
"2020-03-13","GN","Guinea","AFRO",0,0,0,0
"2020-03-14","GN","Guinea","AFRO",5,5,0,0
"2020-03-15","GN","Guinea","AFRO",0,5,0,0
"2020-03-16","GN","Guinea","AFRO",0,5,0,0
"2020-03-17","GN","Guinea","AFRO",0,5,0,0
"2020-03-18","GN","Guinea","AFRO",0,5,0,0
"2020-03-19","GN","Guinea","AFRO",1,6,0,0
"2020-03-20","GN","Guinea","AFRO",0,6,0,0
"2020-03-21","GN","Guinea","AFRO",0,6,0,0
"2020-03-22","GN","Guinea","AFRO",0,6,0,0
"2020-03-23","GN","Guinea","AFRO",0,6,0,0
"2020-03-24","GN","Guinea","AFRO",-2,4,0,0
"2020-03-25","GN","Guinea","AFRO",0,4,0,0
"2020-03-26","GN","Guinea","AFRO",0,4,0,0
"2020-03-27","GN","Guinea","AFRO",1,5,0,0
"2020-03-28","GN","Guinea","AFRO",3,8,0,0
"2020-03-29","GN","Guinea","AFRO",0,8,0,0
"2020-03-30","GN","Guinea","AFRO",8,16,0,0
"2020-03-31","GN","Guinea","AFRO",0,16,0,0
"2020-04-01","GN","Guinea","AFRO",0,16,0,0
"2020-04-02","GN","Guinea","AFRO",14,30,0,0
"2020-04-03","GN","Guinea","AFRO",22,52,0,0
"2020-04-04","GN","Guinea","AFRO",0,52,0,0
"2020-04-05","GN","Guinea","AFRO",59,111,0,0
"2020-04-06","GN","Guinea","AFRO",0,111,0,0
"2020-04-07","GN","Guinea","AFRO",0,111,0,0
"2020-04-08","GN","Guinea","AFRO",33,144,0,0
"2020-04-09","GN","Guinea","AFRO",20,164,0,0
"2020-04-10","GN","Guinea","AFRO",30,194,0,0
"2020-04-11","GN","Guinea","AFRO",0,194,0,0
"2020-04-12","GN","Guinea","AFRO",56,250,0,0
"2020-04-13","GN","Guinea","AFRO",0,250,0,0
"2020-04-14","GN","Guinea","AFRO",69,319,0,0
"2020-04-15","GN","Guinea","AFRO",44,363,0,0
"2020-04-16","GN","Guinea","AFRO",41,404,1,1
"2020-04-17","GN","Guinea","AFRO",34,438,0,1
"2020-04-18","GN","Guinea","AFRO",0,438,0,1
"2020-04-19","GN","Guinea","AFRO",39,477,2,3
"2020-04-20","GN","Guinea","AFRO",0,477,0,3
"2020-04-21","GN","Guinea","AFRO",145,622,2,5
"2020-04-22","GN","Guinea","AFRO",66,688,1,6
"2020-04-23","GN","Guinea","AFRO",73,761,0,6
"2020-04-24","GN","Guinea","AFRO",101,862,0,6
"2020-04-25","GN","Guinea","AFRO",92,954,0,6
"2020-04-26","GN","Guinea","AFRO",42,996,1,7
"2020-04-27","GN","Guinea","AFRO",98,1094,0,7
"2020-04-28","GN","Guinea","AFRO",69,1163,0,7
"2020-04-29","GN","Guinea","AFRO",77,1240,0,7
"2020-04-30","GN","Guinea","AFRO",111,1351,0,7
"2020-05-01","GN","Guinea","AFRO",144,1495,0,7
"2020-05-02","GN","Guinea","AFRO",42,1537,0,7
"2020-05-03","GN","Guinea","AFRO",49,1586,0,7
"2020-05-04","GN","Guinea","AFRO",64,1650,0,7
"2020-05-05","GN","Guinea","AFRO",60,1710,2,9
"2020-05-06","GN","Guinea","AFRO",101,1811,1,10
"2020-05-07","GN","Guinea","AFRO",45,1856,1,11
"2020-05-08","GN","Guinea","AFRO",71,1927,0,11
"2020-05-09","GN","Guinea","AFRO",82,2009,0,11
"2020-05-10","GN","Guinea","AFRO",33,2042,0,11
"2020-05-11","GN","Guinea","AFRO",104,2146,0,11
"2020-05-12","GN","Guinea","AFRO",0,2146,0,11
"2020-05-13","GN","Guinea","AFRO",152,2298,0,11
"2020-05-14","GN","Guinea","AFRO",74,2372,3,14
"2020-05-15","GN","Guinea","AFRO",101,2473,0,14
"2020-05-16","GN","Guinea","AFRO",58,2531,1,15
"2020-05-17","GN","Guinea","AFRO",127,2658,1,16
"2020-05-18","GN","Guinea","AFRO",69,2727,0,16
"2020-05-19","GN","Guinea","AFRO",69,2796,0,16
"2020-05-20","GN","Guinea","AFRO",67,2863,2,18
"2020-05-21","GN","Guinea","AFRO",64,2927,1,19
"2020-05-22","GN","Guinea","AFRO",140,3067,0,19
"2020-05-23","GN","Guinea","AFRO",47,3114,0,19
"2020-05-24","GN","Guinea","AFRO",62,3176,1,20
"2020-05-25","GN","Guinea","AFRO",99,3275,0,20
"2020-05-26","GN","Guinea","AFRO",47,3322,0,20
"2020-05-27","GN","Guinea","AFRO",36,3358,0,20
"2020-05-28","GN","Guinea","AFRO",88,3446,1,21
"2020-05-29","GN","Guinea","AFRO",107,3553,1,22
"2020-05-30","GN","Guinea","AFRO",103,3656,0,22
"2020-05-31","GN","Guinea","AFRO",50,3706,1,23
"2020-06-01","GN","Guinea","AFRO",65,3771,0,23
"2020-06-02","GN","Guinea","AFRO",73,3844,0,23
"2020-06-03","GN","Guinea","AFRO",42,3886,0,23
"2020-06-04","GN","Guinea","AFRO",47,3933,0,23
"2020-06-05","GN","Guinea","AFRO",58,3991,0,23
"2020-06-06","GN","Guinea","AFRO",69,4060,0,23
"2020-06-07","GN","Guinea","AFRO",57,4117,0,23
"2020-06-08","GN","Guinea","AFRO",48,4165,0,23
"2020-06-09","GN","Guinea","AFRO",51,4216,0,23
"2020-06-10","GN","Guinea","AFRO",42,4258,0,23
"2020-06-11","GN","Guinea","AFRO",33,4291,0,23
"2020-06-12","GN","Guinea","AFRO",81,4372,0,23
"2020-06-13","GN","Guinea","AFRO",54,4426,1,24
"2020-06-14","GN","Guinea","AFRO",58,4484,1,25
"2020-06-15","GN","Guinea","AFRO",50,4534,0,25
"2020-06-16","GN","Guinea","AFRO",38,4572,1,26
"2020-06-17","GN","Guinea","AFRO",67,4639,0,26
"2020-06-18","GN","Guinea","AFRO",29,4668,0,26
"2020-06-19","GN","Guinea","AFRO",173,4841,0,26
"2020-06-20","GN","Guinea","AFRO",63,4904,1,27
"2020-06-21","GN","Guinea","AFRO",56,4960,0,27
"2020-06-22","GN","Guinea","AFRO",28,4988,0,27
"2020-06-23","GN","Guinea","AFRO",0,4988,0,27
"2020-06-24","GN","Guinea","AFRO",116,5104,2,29
"2020-06-25","GN","Guinea","AFRO",70,5174,0,29
"2020-06-26","GN","Guinea","AFRO",37,5211,0,29
"2020-06-27","GN","Guinea","AFRO",49,5260,0,29
"2020-06-28","GN","Guinea","AFRO",31,5291,1,30
"2020-06-29","GN","Guinea","AFRO",51,5342,1,31
"2020-06-30","GN","Guinea","AFRO",9,5351,0,31
"2020-07-01","GN","Guinea","AFRO",40,5391,2,33
"2020-07-02","GN","Guinea","AFRO",13,5404,0,33
"2020-07-03","GN","Guinea","AFRO",46,5450,13,46
"2020-07-04","GN","Guinea","AFRO",71,5521,-13,33
"2020-07-05","GN","Guinea","AFRO",49,5570,1,34
"2020-07-06","GN","Guinea","AFRO",40,5610,0,34
"2020-07-07","GN","Guinea","AFRO",0,5610,0,34
"2020-07-08","GN","Guinea","AFRO",26,5636,0,34
"2020-07-09","GN","Guinea","AFRO",61,5697,0,34
"2020-07-10","GN","Guinea","AFRO",184,5881,2,36
"2020-07-11","GN","Guinea","AFRO",88,5969,1,37
"2020-07-12","GN","Guinea","AFRO",75,6044,0,37
"2020-07-13","GN","Guinea","AFRO",97,6141,0,37
"2020-07-14","GN","Guinea","AFRO",29,6170,1,38
"2020-07-15","GN","Guinea","AFRO",30,6200,0,38
"2020-07-16","GN","Guinea","AFRO",76,6276,0,38
"2020-07-17","GN","Guinea","AFRO",83,6359,1,39
"2020-07-18","GN","Guinea","AFRO",71,6430,0,39
"2020-07-19","GN","Guinea","AFRO",61,6491,0,39
"2020-07-20","GN","Guinea","AFRO",53,6544,0,39
"2020-07-21","GN","Guinea","AFRO",46,6590,1,40
"2020-07-22","GN","Guinea","AFRO",35,6625,1,41
"2020-07-23","GN","Guinea","AFRO",122,6747,0,41
"2020-07-24","GN","Guinea","AFRO",59,6806,1,42
"2020-07-25","GN","Guinea","AFRO",61,6867,0,42
"2020-07-26","GN","Guinea","AFRO",60,6927,0,42
"2020-07-27","GN","Guinea","AFRO",81,7008,1,43
"2020-07-28","GN","Guinea","AFRO",47,7055,2,45
"2020-07-29","GN","Guinea","AFRO",71,7126,1,46
"2020-07-30","GN","Guinea","AFRO",57,7183,0,46
"2020-07-31","GN","Guinea","AFRO",59,7242,0,46
"2020-08-01","GN","Guinea","AFRO",66,7308,0,46
"2020-08-02","GN","Guinea","AFRO",0,7308,0,46
"2020-08-03","GN","Guinea","AFRO",56,7364,0,46
"2020-08-04","GN","Guinea","AFRO",54,7418,0,46
"2020-08-05","GN","Guinea","AFRO",71,7489,2,48
"2020-08-06","GN","Guinea","AFRO",86,7575,1,49
"2020-08-07","GN","Guinea","AFRO",89,7664,0,49
"2020-08-08","GN","Guinea","AFRO",113,7777,1,50
"2020-08-09","GN","Guinea","AFRO",98,7875,0,50
"2020-08-10","GN","Guinea","AFRO",55,7930,0,50
"2020-08-11","GN","Guinea","AFRO",22,7952,0,50
"2020-08-12","GN","Guinea","AFRO",66,8018,0,50
"2020-08-13","GN","Guinea","AFRO",98,8116,0,50
"2020-08-14","GN","Guinea","AFRO",82,8198,0,50
"2020-08-15","GN","Guinea","AFRO",62,8260,0,50
"2020-08-16","GN","Guinea","AFRO",83,8343,0,50
"2020-08-17","GN","Guinea","AFRO",139,8482,1,51
"2020-08-18","GN","Guinea","AFRO",138,8620,0,51
"2020-08-19","GN","Guinea","AFRO",95,8715,1,52
"2020-08-20","GN","Guinea","AFRO",77,8792,1,53
"2020-08-21","GN","Guinea","AFRO",84,8876,0,53
"2020-08-22","GN","Guinea","AFRO",56,8932,0,53
"2020-08-23","GN","Guinea","AFRO",35,8967,0,53
"2020-08-24","GN","Guinea","AFRO",0,8967,0,53
"2020-08-25","GN","Guinea","AFRO",109,9076,2,55
"2020-08-26","GN","Guinea","AFRO",52,9128,2,57
"2020-08-27","GN","Guinea","AFRO",39,9167,0,57
"2020-08-28","GN","Guinea","AFRO",46,9213,1,58
"2020-08-29","GN","Guinea","AFRO",38,9251,1,59
"2020-08-30","GN","Guinea","AFRO",0,9251,0,59
"2020-08-31","GN","Guinea","AFRO",120,9371,0,59
"2020-09-01","GN","Guinea","AFRO",38,9409,0,59
"2020-09-02","GN","Guinea","AFRO",70,9479,0,59
"2020-09-03","GN","Guinea","AFRO",0,9479,0,59
"2020-09-04","GN","Guinea","AFRO",100,9579,2,61
"2020-09-05","GN","Guinea","AFRO",70,9649,0,61
"2020-09-06","GN","Guinea","AFRO",73,9722,0,61
"2020-09-07","GN","Guinea","AFRO",76,9798,0,61
"2020-09-08","GN","Guinea","AFRO",18,9816,1,62
"2020-09-09","GN","Guinea","AFRO",32,9848,1,63
"2020-09-10","GN","Guinea","AFRO",37,9885,0,63
"2020-09-11","GN","Guinea","AFRO",61,9946,0,63
"2020-09-12","GN","Guinea","AFRO",33,9979,0,63
"2020-09-13","GN","Guinea","AFRO",41,10020,0,63
"2020-09-14","GN","Guinea","AFRO",25,10045,0,63
"2020-09-15","GN","Guinea","AFRO",16,10061,0,63
"2020-09-16","GN","Guinea","AFRO",50,10111,0,63
"2020-09-17","GN","Guinea","AFRO",43,10154,0,63
"2020-09-18","GN","Guinea","AFRO",0,10154,0,63
"2020-09-19","GN","Guinea","AFRO",77,10231,0,63
"2020-09-20","GN","Guinea","AFRO",55,10286,0,63
"2020-09-21","GN","Guinea","AFRO",39,10325,1,64
"2020-09-22","GN","Guinea","AFRO",19,10344,1,65
"2020-09-23","GN","Guinea","AFRO",43,10387,0,65
"2020-09-24","GN","Guinea","AFRO",47,10434,0,65
"2020-09-25","GN","Guinea","AFRO",44,10478,0,65
"2020-09-26","GN","Guinea","AFRO",0,10478,0,65
"2020-09-27","GN","Guinea","AFRO",70,10548,1,66
"2020-09-28","GN","Guinea","AFRO",32,10580,0,66
"2020-09-29","GN","Guinea","AFRO",18,10598,0,66
"2020-09-30","GN","Guinea","AFRO",36,10634,0,66
"2020-10-01","GN","Guinea","AFRO",18,10652,0,66
"2020-10-02","GN","Guinea","AFRO",48,10700,0,66
"2020-10-03","GN","Guinea","AFRO",35,10735,0,66
"2020-10-04","GN","Guinea","AFRO",0,10735,0,66
"2020-10-05","GN","Guinea","AFRO",19,10754,0,66
"2020-10-06","GN","Guinea","AFRO",46,10800,1,67
"2020-10-07","GN","Guinea","AFRO",63,10863,1,68
"2020-10-08","GN","Guinea","AFRO",0,10863,0,68
"2020-10-09","GN","Guinea","AFRO",38,10901,0,68
"2020-10-10","GN","Guinea","AFRO",53,10954,0,68
"2020-10-11","GN","Guinea","AFRO",42,10996,1,69
"2020-10-12","GN","Guinea","AFRO",26,11022,0,69
"2020-10-13","GN","Guinea","AFRO",40,11062,1,70
"2020-10-14","GN","Guinea","AFRO",72,11134,0,70
"2020-10-15","GN","Guinea","AFRO",54,11188,0,70
"2020-10-16","GN","Guinea","AFRO",67,11255,0,70
"2020-10-17","GN","Guinea","AFRO",107,11362,0,70
"2020-10-18","GN","Guinea","AFRO",116,11478,0,70
"2020-10-19","GN","Guinea","AFRO",40,11518,0,70
"2020-10-20","GN","Guinea","AFRO",0,11518,0,70
"2020-10-21","GN","Guinea","AFRO",20,11538,0,70
"2020-10-22","GN","Guinea","AFRO",97,11635,1,71
"2020-10-23","GN","Guinea","AFRO",0,11635,0,71
"2020-10-24","GN","Guinea","AFRO",34,11669,0,71
"2020-10-25","GN","Guinea","AFRO",0,11669,0,71
"2020-10-26","GN","Guinea","AFRO",0,11669,0,71
"2020-10-27","GN","Guinea","AFRO",0,11669,0,71
"2020-10-28","GN","Guinea","AFRO",150,11819,0,71
"2020-10-29","GN","Guinea","AFRO",0,11819,0,71
"2020-10-30","GN","Guinea","AFRO",201,12020,0,71
"2020-10-31","GN","Guinea","AFRO",0,12020,0,71
"2020-11-01","GN","Guinea","AFRO",52,12072,1,72
"2020-11-02","GN","Guinea","AFRO",123,12195,1,73
"2020-11-03","GN","Guinea","AFRO",18,12213,0,73
"2020-11-04","GN","Guinea","AFRO",0,12213,0,73
"2020-11-05","GN","Guinea","AFRO",118,12331,0,73
"2020-11-06","GN","Guinea","AFRO",32,12363,0,73
"2020-11-07","GN","Guinea","AFRO",0,12363,0,73
"2020-11-08","GN","Guinea","AFRO",37,12400,0,73
"2020-11-09","GN","Guinea","AFRO",14,12414,1,74
"2020-11-10","GN","Guinea","AFRO",12,12426,0,74
"2020-11-11","GN","Guinea","AFRO",33,12459,0,74
"2020-11-12","GN","Guinea","AFRO",25,12484,0,74
"2020-11-13","GN","Guinea","AFRO",32,12516,0,74
"2020-11-14","GN","Guinea","AFRO",21,12537,0,74
"2020-11-15","GN","Guinea","AFRO",48,12585,0,74
"2020-11-16","GN","Guinea","AFRO",26,12611,1,75
"2020-11-17","GN","Guinea","AFRO",13,12624,0,75
"2020-11-18","GN","Guinea","AFRO",30,12654,0,75
"2020-11-19","GN","Guinea","AFRO",29,12683,0,75
"2020-11-20","GN","Guinea","AFRO",30,12713,0,75
"2020-11-21","GN","Guinea","AFRO",85,12798,0,75
"2020-11-22","GN","Guinea","AFRO",0,12798,0,75
"2020-11-23","GN","Guinea","AFRO",28,12826,0,75
"2020-11-24","GN","Guinea","AFRO",37,12863,0,75
"2020-11-25","GN","Guinea","AFRO",0,12863,0,75
"2020-11-26","GN","Guinea","AFRO",0,12863,0,75
"2020-11-27","GN","Guinea","AFRO",86,12949,1,76
"2020-11-28","GN","Guinea","AFRO",90,13039,0,76
"2020-11-29","GN","Guinea","AFRO",0,13039,0,76
"2020-11-30","GN","Guinea","AFRO",0,13039,0,76
"2020-12-01","GN","Guinea","AFRO",58,13097,0,76
"2020-12-02","GN","Guinea","AFRO",22,13119,0,76
"2020-12-03","GN","Guinea","AFRO",24,13143,0,76
"2020-12-04","GN","Guinea","AFRO",24,13167,0,76
"2020-12-05","GN","Guinea","AFRO",19,13186,0,76
"2020-12-06","GN","Guinea","AFRO",21,13207,0,76
"2020-12-07","GN","Guinea","AFRO",26,13233,0,76
"2020-12-08","GN","Guinea","AFRO",13,13246,1,77
"2020-12-09","GN","Guinea","AFRO",18,13264,2,79
"2020-12-10","GN","Guinea","AFRO",61,13325,0,79
"2020-12-11","GN","Guinea","AFRO",43,13368,0,79
"2020-12-12","GN","Guinea","AFRO",30,13398,0,79
