"Fecha_de_reporte","Codigo_pais","Paises","Region","Casos_nuevos","Casos_acumulados","defunciones_nuevas","defunciones_acumuladas"
"2020-01-03","HU","Hungary","EURO",0,0,0,0
"2020-01-04","HU","Hungary","EURO",0,0,0,0
"2020-01-05","HU","Hungary","EURO",0,0,0,0
"2020-01-06","HU","Hungary","EURO",0,0,0,0
"2020-01-07","HU","Hungary","EURO",0,0,0,0
"2020-01-08","HU","Hungary","EURO",0,0,0,0
"2020-01-09","HU","Hungary","EURO",0,0,0,0
"2020-01-10","HU","Hungary","EURO",0,0,0,0
"2020-01-11","HU","Hungary","EURO",0,0,0,0
"2020-01-12","HU","Hungary","EURO",0,0,0,0
"2020-01-13","HU","Hungary","EURO",0,0,0,0
"2020-01-14","HU","Hungary","EURO",0,0,0,0
"2020-01-15","HU","Hungary","EURO",0,0,0,0
"2020-01-16","HU","Hungary","EURO",0,0,0,0
"2020-01-17","HU","Hungary","EURO",0,0,0,0
"2020-01-18","HU","Hungary","EURO",0,0,0,0
"2020-01-19","HU","Hungary","EURO",0,0,0,0
"2020-01-20","HU","Hungary","EURO",0,0,0,0
"2020-01-21","HU","Hungary","EURO",0,0,0,0
"2020-01-22","HU","Hungary","EURO",0,0,0,0
"2020-01-23","HU","Hungary","EURO",0,0,0,0
"2020-01-24","HU","Hungary","EURO",0,0,0,0
"2020-01-25","HU","Hungary","EURO",0,0,0,0
"2020-01-26","HU","Hungary","EURO",0,0,0,0
"2020-01-27","HU","Hungary","EURO",0,0,0,0
"2020-01-28","HU","Hungary","EURO",0,0,0,0
"2020-01-29","HU","Hungary","EURO",0,0,0,0
"2020-01-30","HU","Hungary","EURO",0,0,0,0
"2020-01-31","HU","Hungary","EURO",0,0,0,0
"2020-02-01","HU","Hungary","EURO",0,0,0,0
"2020-02-02","HU","Hungary","EURO",0,0,0,0
"2020-02-03","HU","Hungary","EURO",0,0,0,0
"2020-02-04","HU","Hungary","EURO",0,0,0,0
"2020-02-05","HU","Hungary","EURO",0,0,0,0
"2020-02-06","HU","Hungary","EURO",0,0,0,0
"2020-02-07","HU","Hungary","EURO",0,0,0,0
"2020-02-08","HU","Hungary","EURO",0,0,0,0
"2020-02-09","HU","Hungary","EURO",0,0,0,0
"2020-02-10","HU","Hungary","EURO",0,0,0,0
"2020-02-11","HU","Hungary","EURO",0,0,0,0
"2020-02-12","HU","Hungary","EURO",0,0,0,0
"2020-02-13","HU","Hungary","EURO",0,0,0,0
"2020-02-14","HU","Hungary","EURO",0,0,0,0
"2020-02-15","HU","Hungary","EURO",0,0,0,0
"2020-02-16","HU","Hungary","EURO",0,0,0,0
"2020-02-17","HU","Hungary","EURO",0,0,0,0
"2020-02-18","HU","Hungary","EURO",0,0,0,0
"2020-02-19","HU","Hungary","EURO",0,0,0,0
"2020-02-20","HU","Hungary","EURO",0,0,0,0
"2020-02-21","HU","Hungary","EURO",0,0,0,0
"2020-02-22","HU","Hungary","EURO",0,0,0,0
"2020-02-23","HU","Hungary","EURO",0,0,0,0
"2020-02-24","HU","Hungary","EURO",0,0,0,0
"2020-02-25","HU","Hungary","EURO",0,0,0,0
"2020-02-26","HU","Hungary","EURO",0,0,0,0
"2020-02-27","HU","Hungary","EURO",0,0,0,0
"2020-02-28","HU","Hungary","EURO",0,0,0,0
"2020-02-29","HU","Hungary","EURO",0,0,0,0
"2020-03-01","HU","Hungary","EURO",0,0,0,0
"2020-03-02","HU","Hungary","EURO",0,0,0,0
"2020-03-03","HU","Hungary","EURO",0,0,0,0
"2020-03-04","HU","Hungary","EURO",0,0,0,0
"2020-03-05","HU","Hungary","EURO",2,2,0,0
"2020-03-06","HU","Hungary","EURO",0,2,0,0
"2020-03-07","HU","Hungary","EURO",2,4,0,0
"2020-03-08","HU","Hungary","EURO",3,7,0,0
"2020-03-09","HU","Hungary","EURO",1,8,0,0
"2020-03-10","HU","Hungary","EURO",1,9,0,0
"2020-03-11","HU","Hungary","EURO",3,12,0,0
"2020-03-12","HU","Hungary","EURO",1,13,0,0
"2020-03-13","HU","Hungary","EURO",3,16,0,0
"2020-03-14","HU","Hungary","EURO",9,25,0,0
"2020-03-15","HU","Hungary","EURO",6,31,0,0
"2020-03-16","HU","Hungary","EURO",8,39,1,1
"2020-03-17","HU","Hungary","EURO",11,50,0,1
"2020-03-18","HU","Hungary","EURO",0,50,0,1
"2020-03-19","HU","Hungary","EURO",23,73,0,1
"2020-03-20","HU","Hungary","EURO",12,85,0,1
"2020-03-21","HU","Hungary","EURO",18,103,3,4
"2020-03-22","HU","Hungary","EURO",28,131,0,4
"2020-03-23","HU","Hungary","EURO",36,167,3,7
"2020-03-24","HU","Hungary","EURO",20,187,1,8
"2020-03-25","HU","Hungary","EURO",39,226,2,10
"2020-03-26","HU","Hungary","EURO",35,261,0,10
"2020-03-27","HU","Hungary","EURO",39,300,0,10
"2020-03-28","HU","Hungary","EURO",43,343,1,11
"2020-03-29","HU","Hungary","EURO",65,408,2,13
"2020-03-30","HU","Hungary","EURO",39,447,2,15
"2020-03-31","HU","Hungary","EURO",45,492,1,16
"2020-04-01","HU","Hungary","EURO",33,525,4,20
"2020-04-02","HU","Hungary","EURO",60,585,1,21
"2020-04-03","HU","Hungary","EURO",38,623,5,26
"2020-04-04","HU","Hungary","EURO",55,678,6,32
"2020-04-05","HU","Hungary","EURO",55,733,2,34
"2020-04-06","HU","Hungary","EURO",11,744,4,38
"2020-04-07","HU","Hungary","EURO",73,817,9,47
"2020-04-08","HU","Hungary","EURO",78,895,11,58
"2020-04-09","HU","Hungary","EURO",85,980,8,66
"2020-04-10","HU","Hungary","EURO",210,1190,11,77
"2020-04-11","HU","Hungary","EURO",120,1310,8,85
"2020-04-12","HU","Hungary","EURO",100,1410,14,99
"2020-04-13","HU","Hungary","EURO",48,1458,10,109
"2020-04-14","HU","Hungary","EURO",54,1512,13,122
"2020-04-15","HU","Hungary","EURO",67,1579,12,134
"2020-04-16","HU","Hungary","EURO",73,1652,8,142
"2020-04-17","HU","Hungary","EURO",111,1763,14,156
"2020-04-18","HU","Hungary","EURO",71,1834,16,172
"2020-04-19","HU","Hungary","EURO",82,1916,17,189
"2020-04-20","HU","Hungary","EURO",68,1984,10,199
"2020-04-21","HU","Hungary","EURO",114,2098,14,213
"2020-04-22","HU","Hungary","EURO",70,2168,12,225
"2020-04-23","HU","Hungary","EURO",116,2284,0,225
"2020-04-24","HU","Hungary","EURO",99,2383,25,250
"2020-04-25","HU","Hungary","EURO",60,2443,12,262
"2020-04-26","HU","Hungary","EURO",57,2500,10,272
"2020-04-27","HU","Hungary","EURO",83,2583,8,280
"2020-04-28","HU","Hungary","EURO",66,2649,11,291
"2020-04-29","HU","Hungary","EURO",78,2727,9,300
"2020-04-30","HU","Hungary","EURO",48,2775,12,312
"2020-05-01","HU","Hungary","EURO",88,2863,11,323
"2020-05-02","HU","Hungary","EURO",79,2942,12,335
"2020-05-03","HU","Hungary","EURO",56,2998,5,340
"2020-05-04","HU","Hungary","EURO",37,3035,11,351
"2020-05-05","HU","Hungary","EURO",30,3065,12,363
"2020-05-06","HU","Hungary","EURO",46,3111,10,373
"2020-05-07","HU","Hungary","EURO",39,3150,10,383
"2020-05-08","HU","Hungary","EURO",28,3178,9,392
"2020-05-09","HU","Hungary","EURO",35,3213,13,405
"2020-05-10","HU","Hungary","EURO",50,3263,8,413
"2020-05-11","HU","Hungary","EURO",21,3284,8,421
"2020-05-12","HU","Hungary","EURO",29,3313,4,425
"2020-05-13","HU","Hungary","EURO",28,3341,5,430
"2020-05-14","HU","Hungary","EURO",39,3380,6,436
"2020-05-15","HU","Hungary","EURO",37,3417,6,442
"2020-05-16","HU","Hungary","EURO",56,3473,6,448
"2020-05-17","HU","Hungary","EURO",36,3509,3,451
"2020-05-18","HU","Hungary","EURO",26,3535,11,462
"2020-05-19","HU","Hungary","EURO",21,3556,5,467
"2020-05-20","HU","Hungary","EURO",42,3598,3,470
"2020-05-21","HU","Hungary","EURO",43,3641,3,473
"2020-05-22","HU","Hungary","EURO",37,3678,3,476
"2020-05-23","HU","Hungary","EURO",35,3713,6,482
"2020-05-24","HU","Hungary","EURO",28,3741,4,486
"2020-05-25","HU","Hungary","EURO",15,3756,5,491
"2020-05-26","HU","Hungary","EURO",15,3771,8,499
"2020-05-27","HU","Hungary","EURO",22,3793,6,505
"2020-05-28","HU","Hungary","EURO",23,3816,4,509
"2020-05-29","HU","Hungary","EURO",25,3841,8,517
"2020-05-30","HU","Hungary","EURO",0,3841,0,517
"2020-05-31","HU","Hungary","EURO",26,3867,7,524
"2020-06-01","HU","Hungary","EURO",9,3876,2,526
"2020-06-02","HU","Hungary","EURO",45,3921,6,532
"2020-06-03","HU","Hungary","EURO",10,3931,2,534
"2020-06-04","HU","Hungary","EURO",0,3931,0,534
"2020-06-05","HU","Hungary","EURO",23,3954,5,539
"2020-06-06","HU","Hungary","EURO",16,3970,3,542
"2020-06-07","HU","Hungary","EURO",0,3970,0,542
"2020-06-08","HU","Hungary","EURO",0,3970,0,542
"2020-06-09","HU","Hungary","EURO",44,4014,6,548
"2020-06-10","HU","Hungary","EURO",3,4017,2,550
"2020-06-11","HU","Hungary","EURO",10,4027,1,551
"2020-06-12","HU","Hungary","EURO",12,4039,2,553
"2020-06-13","HU","Hungary","EURO",14,4053,2,555
"2020-06-14","HU","Hungary","EURO",11,4064,4,559
"2020-06-15","HU","Hungary","EURO",12,4076,4,563
"2020-06-16","HU","Hungary","EURO",1,4077,2,565
"2020-06-17","HU","Hungary","EURO",1,4078,2,567
"2020-06-18","HU","Hungary","EURO",1,4079,1,568
"2020-06-19","HU","Hungary","EURO",2,4081,0,568
"2020-06-20","HU","Hungary","EURO",5,4086,2,570
"2020-06-21","HU","Hungary","EURO",8,4094,0,570
"2020-06-22","HU","Hungary","EURO",8,4102,2,572
"2020-06-23","HU","Hungary","EURO",5,4107,1,573
"2020-06-24","HU","Hungary","EURO",0,4107,0,573
"2020-06-25","HU","Hungary","EURO",7,4114,3,576
"2020-06-26","HU","Hungary","EURO",9,4123,1,577
"2020-06-27","HU","Hungary","EURO",4,4127,1,578
"2020-06-28","HU","Hungary","EURO",11,4138,0,578
"2020-06-29","HU","Hungary","EURO",4,4142,3,581
"2020-06-30","HU","Hungary","EURO",3,4145,4,585
"2020-07-01","HU","Hungary","EURO",10,4155,0,585
"2020-07-02","HU","Hungary","EURO",2,4157,1,586
"2020-07-03","HU","Hungary","EURO",9,4166,1,587
"2020-07-04","HU","Hungary","EURO",6,4172,1,588
"2020-07-05","HU","Hungary","EURO",11,4183,1,589
"2020-07-06","HU","Hungary","EURO",0,4183,0,589
"2020-07-07","HU","Hungary","EURO",6,4189,0,589
"2020-07-08","HU","Hungary","EURO",16,4205,0,589
"2020-07-09","HU","Hungary","EURO",5,4210,0,589
"2020-07-10","HU","Hungary","EURO",10,4220,2,591
"2020-07-11","HU","Hungary","EURO",3,4223,2,593
"2020-07-12","HU","Hungary","EURO",6,4229,2,595
"2020-07-13","HU","Hungary","EURO",5,4234,0,595
"2020-07-14","HU","Hungary","EURO",13,4247,0,595
"2020-07-15","HU","Hungary","EURO",16,4263,0,595
"2020-07-16","HU","Hungary","EURO",0,4263,0,595
"2020-07-17","HU","Hungary","EURO",16,4279,0,595
"2020-07-18","HU","Hungary","EURO",14,4293,0,595
"2020-07-19","HU","Hungary","EURO",22,4315,1,596
"2020-07-20","HU","Hungary","EURO",18,4333,0,596
"2020-07-21","HU","Hungary","EURO",14,4347,0,596
"2020-07-22","HU","Hungary","EURO",19,4366,0,596
"2020-07-23","HU","Hungary","EURO",14,4380,0,596
"2020-07-24","HU","Hungary","EURO",18,4398,0,596
"2020-07-25","HU","Hungary","EURO",26,4424,0,596
"2020-07-26","HU","Hungary","EURO",11,4435,0,596
"2020-07-27","HU","Hungary","EURO",13,4448,0,596
"2020-07-28","HU","Hungary","EURO",8,4456,0,596
"2020-07-29","HU","Hungary","EURO",9,4465,0,596
"2020-07-30","HU","Hungary","EURO",19,4484,0,596
"2020-07-31","HU","Hungary","EURO",21,4505,0,596
"2020-08-01","HU","Hungary","EURO",0,4505,0,596
"2020-08-02","HU","Hungary","EURO",21,4526,1,597
"2020-08-03","HU","Hungary","EURO",9,4535,0,597
"2020-08-04","HU","Hungary","EURO",9,4544,0,597
"2020-08-05","HU","Hungary","EURO",9,4553,1,598
"2020-08-06","HU","Hungary","EURO",11,4564,1,599
"2020-08-07","HU","Hungary","EURO",33,4597,1,600
"2020-08-08","HU","Hungary","EURO",24,4621,2,602
"2020-08-09","HU","Hungary","EURO",32,4653,0,602
"2020-08-10","HU","Hungary","EURO",43,4696,0,602
"2020-08-11","HU","Hungary","EURO",35,4731,3,605
"2020-08-12","HU","Hungary","EURO",15,4746,0,605
"2020-08-13","HU","Hungary","EURO",22,4768,0,605
"2020-08-14","HU","Hungary","EURO",45,4813,2,607
"2020-08-15","HU","Hungary","EURO",40,4853,0,607
"2020-08-16","HU","Hungary","EURO",24,4877,0,607
"2020-08-17","HU","Hungary","EURO",39,4916,1,608
"2020-08-18","HU","Hungary","EURO",54,4970,1,609
"2020-08-19","HU","Hungary","EURO",0,4970,0,609
"2020-08-20","HU","Hungary","EURO",32,5002,0,609
"2020-08-21","HU","Hungary","EURO",44,5046,0,609
"2020-08-22","HU","Hungary","EURO",52,5098,2,611
"2020-08-23","HU","Hungary","EURO",35,5133,0,611
"2020-08-24","HU","Hungary","EURO",22,5155,2,613
"2020-08-25","HU","Hungary","EURO",36,5191,0,613
"2020-08-26","HU","Hungary","EURO",24,5215,1,614
"2020-08-27","HU","Hungary","EURO",73,5288,0,614
"2020-08-28","HU","Hungary","EURO",91,5379,0,614
"2020-08-29","HU","Hungary","EURO",132,5511,0,614
"2020-08-30","HU","Hungary","EURO",158,5669,0,614
"2020-08-31","HU","Hungary","EURO",292,5961,0,614
"2020-09-01","HU","Hungary","EURO",178,6139,1,615
"2020-09-02","HU","Hungary","EURO",118,6257,1,616
"2020-09-03","HU","Hungary","EURO",365,6622,3,619
"2020-09-04","HU","Hungary","EURO",301,6923,1,620
"2020-09-05","HU","Hungary","EURO",459,7382,1,621
"2020-09-06","HU","Hungary","EURO",510,7892,3,624
"2020-09-07","HU","Hungary","EURO",495,8387,0,624
"2020-09-08","HU","Hungary","EURO",576,8963,1,625
"2020-09-09","HU","Hungary","EURO",341,9304,1,626
"2020-09-10","HU","Hungary","EURO",411,9715,2,628
"2020-09-11","HU","Hungary","EURO",476,10191,2,630
"2020-09-12","HU","Hungary","EURO",718,10909,1,631
"2020-09-13","HU","Hungary","EURO",916,11825,2,633
"2020-09-14","HU","Hungary","EURO",484,12309,4,637
"2020-09-15","HU","Hungary","EURO",844,13153,5,642
"2020-09-16","HU","Hungary","EURO",1307,14460,12,654
"2020-09-17","HU","Hungary","EURO",710,15170,9,663
"2020-09-18","HU","Hungary","EURO",941,16111,6,669
"2020-09-19","HU","Hungary","EURO",809,16920,6,675
"2020-09-20","HU","Hungary","EURO",1070,17990,8,683
"2020-09-21","HU","Hungary","EURO",876,18866,3,686
"2020-09-22","HU","Hungary","EURO",633,19499,8,694
"2020-09-23","HU","Hungary","EURO",951,20450,8,702
"2020-09-24","HU","Hungary","EURO",750,21200,7,709
"2020-09-25","HU","Hungary","EURO",927,22127,9,718
"2020-09-26","HU","Hungary","EURO",950,23077,12,730
"2020-09-27","HU","Hungary","EURO",937,24014,6,736
"2020-09-28","HU","Hungary","EURO",702,24716,13,749
"2020-09-29","HU","Hungary","EURO",851,25567,8,757
"2020-09-30","HU","Hungary","EURO",894,26461,8,765
"2020-10-01","HU","Hungary","EURO",848,27309,16,781
"2020-10-02","HU","Hungary","EURO",1322,28631,17,798
"2020-10-03","HU","Hungary","EURO",1086,29717,14,812
"2020-10-04","HU","Hungary","EURO",858,30575,10,822
"2020-10-05","HU","Hungary","EURO",905,31480,11,833
"2020-10-06","HU","Hungary","EURO",818,32298,20,853
"2020-10-07","HU","Hungary","EURO",816,33114,24,877
"2020-10-08","HU","Hungary","EURO",932,34046,21,898
"2020-10-09","HU","Hungary","EURO",1176,35222,15,913
"2020-10-10","HU","Hungary","EURO",1374,36596,20,933
"2020-10-11","HU","Hungary","EURO",1068,37664,21,954
"2020-10-12","HU","Hungary","EURO",913,38577,14,968
"2020-10-13","HU","Hungary","EURO",1285,39862,28,996
"2020-10-14","HU","Hungary","EURO",920,40782,27,1023
"2020-10-15","HU","Hungary","EURO",950,41732,29,1052
"2020-10-16","HU","Hungary","EURO",1293,43025,33,1085
"2020-10-17","HU","Hungary","EURO",1791,44816,24,1109
"2020-10-18","HU","Hungary","EURO",1474,46290,33,1142
"2020-10-19","HU","Hungary","EURO",1478,47768,31,1173
"2020-10-20","HU","Hungary","EURO",989,48757,38,1211
"2020-10-21","HU","Hungary","EURO",1423,50180,48,1259
"2020-10-22","HU","Hungary","EURO",2032,52212,46,1305
"2020-10-23","HU","Hungary","EURO",2066,54278,47,1352
"2020-10-24","HU","Hungary","EURO",1820,56098,38,1390
"2020-10-25","HU","Hungary","EURO",3149,59247,35,1425
"2020-10-26","HU","Hungary","EURO",2316,61563,47,1472
"2020-10-27","HU","Hungary","EURO",2079,63642,63,1535
"2020-10-28","HU","Hungary","EURO",2291,65933,43,1578
"2020-10-29","HU","Hungary","EURO",2194,68127,56,1634
"2020-10-30","HU","Hungary","EURO",3286,71413,65,1699
"2020-10-31","HU","Hungary","EURO",3908,75321,51,1750
"2020-11-01","HU","Hungary","EURO",3878,79199,69,1819
"2020-11-02","HU","Hungary","EURO",3581,82780,70,1889
"2020-11-03","HU","Hungary","EURO",3989,86769,84,1973
"2020-11-04","HU","Hungary","EURO",4219,90988,90,2063
"2020-11-05","HU","Hungary","EURO",3928,94916,84,2147
"2020-11-06","HU","Hungary","EURO",4709,99625,103,2250
"2020-11-07","HU","Hungary","EURO",5318,104943,107,2357
"2020-11-08","HU","Hungary","EURO",4673,109616,81,2438
"2020-11-09","HU","Hungary","EURO",5162,114778,55,2493
"2020-11-10","HU","Hungary","EURO",4140,118918,103,2596
"2020-11-11","HU","Hungary","EURO",3945,122863,101,2697
"2020-11-12","HU","Hungary","EURO",3927,126790,87,2784
"2020-11-13","HU","Hungary","EURO",5097,131887,99,2883
"2020-11-14","HU","Hungary","EURO",4836,136723,107,2990
"2020-11-15","HU","Hungary","EURO",4238,140961,107,3097
"2020-11-16","HU","Hungary","EURO",6495,147456,93,3190
"2020-11-17","HU","Hungary","EURO",5203,152659,91,3281
"2020-11-18","HU","Hungary","EURO",4290,156949,99,3380
"2020-11-19","HU","Hungary","EURO",4512,161461,92,3472
"2020-11-20","HU","Hungary","EURO",4440,165901,96,3568
"2020-11-21","HU","Hungary","EURO",4397,170298,121,3689
"2020-11-22","HU","Hungary","EURO",4320,174618,111,3800
"2020-11-23","HU","Hungary","EURO",3334,177952,91,3891
"2020-11-24","HU","Hungary","EURO",3929,181881,117,4008
"2020-11-25","HU","Hungary","EURO",3806,185687,106,4114
"2020-11-26","HU","Hungary","EURO",6360,192047,115,4229
"2020-11-27","HU","Hungary","EURO",6393,198440,135,4364
"2020-11-28","HU","Hungary","EURO",6268,204708,152,4516
"2020-11-29","HU","Hungary","EURO",6819,211527,156,4672
"2020-11-30","HU","Hungary","EURO",5595,217122,151,4823
"2020-12-01","HU","Hungary","EURO",3951,221073,154,4977
"2020-12-02","HU","Hungary","EURO",4136,225209,165,5142
"2020-12-03","HU","Hungary","EURO",6635,231844,182,5324
"2020-12-04","HU","Hungary","EURO",6212,238056,189,5513
"2020-12-05","HU","Hungary","EURO",5525,243581,193,5706
"2020-12-06","HU","Hungary","EURO",6697,250278,162,5868
"2020-12-07","HU","Hungary","EURO",3870,254148,116,5984
"2020-12-08","HU","Hungary","EURO",2219,256367,136,6120
"2020-12-09","HU","Hungary","EURO",3221,259588,160,6280
"2020-12-10","HU","Hungary","EURO",5415,265003,171,6451
"2020-12-11","HU","Hungary","EURO",6197,271200,171,6622
"2020-12-12","HU","Hungary","EURO",5047,276247,162,6784
