"Fecha_de_reporte","Codigo_pais","Paises","Region","Casos_nuevos","Casos_acumulados","defunciones_nuevas","defunciones_acumuladas"
"2020-01-03","IS","Iceland","EURO",0,0,0,0
"2020-01-04","IS","Iceland","EURO",0,0,0,0
"2020-01-05","IS","Iceland","EURO",0,0,0,0
"2020-01-06","IS","Iceland","EURO",0,0,0,0
"2020-01-07","IS","Iceland","EURO",0,0,0,0
"2020-01-08","IS","Iceland","EURO",0,0,0,0
"2020-01-09","IS","Iceland","EURO",0,0,0,0
"2020-01-10","IS","Iceland","EURO",0,0,0,0
"2020-01-11","IS","Iceland","EURO",0,0,0,0
"2020-01-12","IS","Iceland","EURO",0,0,0,0
"2020-01-13","IS","Iceland","EURO",0,0,0,0
"2020-01-14","IS","Iceland","EURO",0,0,0,0
"2020-01-15","IS","Iceland","EURO",0,0,0,0
"2020-01-16","IS","Iceland","EURO",0,0,0,0
"2020-01-17","IS","Iceland","EURO",0,0,0,0
"2020-01-18","IS","Iceland","EURO",0,0,0,0
"2020-01-19","IS","Iceland","EURO",0,0,0,0
"2020-01-20","IS","Iceland","EURO",0,0,0,0
"2020-01-21","IS","Iceland","EURO",0,0,0,0
"2020-01-22","IS","Iceland","EURO",0,0,0,0
"2020-01-23","IS","Iceland","EURO",0,0,0,0
"2020-01-24","IS","Iceland","EURO",0,0,0,0
"2020-01-25","IS","Iceland","EURO",0,0,0,0
"2020-01-26","IS","Iceland","EURO",0,0,0,0
"2020-01-27","IS","Iceland","EURO",0,0,0,0
"2020-01-28","IS","Iceland","EURO",0,0,0,0
"2020-01-29","IS","Iceland","EURO",0,0,0,0
"2020-01-30","IS","Iceland","EURO",0,0,0,0
"2020-01-31","IS","Iceland","EURO",0,0,0,0
"2020-02-01","IS","Iceland","EURO",0,0,0,0
"2020-02-02","IS","Iceland","EURO",0,0,0,0
"2020-02-03","IS","Iceland","EURO",0,0,0,0
"2020-02-04","IS","Iceland","EURO",0,0,0,0
"2020-02-05","IS","Iceland","EURO",0,0,0,0
"2020-02-06","IS","Iceland","EURO",0,0,0,0
"2020-02-07","IS","Iceland","EURO",0,0,0,0
"2020-02-08","IS","Iceland","EURO",0,0,0,0
"2020-02-09","IS","Iceland","EURO",0,0,0,0
"2020-02-10","IS","Iceland","EURO",0,0,0,0
"2020-02-11","IS","Iceland","EURO",0,0,0,0
"2020-02-12","IS","Iceland","EURO",0,0,0,0
"2020-02-13","IS","Iceland","EURO",0,0,0,0
"2020-02-14","IS","Iceland","EURO",0,0,0,0
"2020-02-15","IS","Iceland","EURO",0,0,0,0
"2020-02-16","IS","Iceland","EURO",0,0,0,0
"2020-02-17","IS","Iceland","EURO",0,0,0,0
"2020-02-18","IS","Iceland","EURO",0,0,0,0
"2020-02-19","IS","Iceland","EURO",0,0,0,0
"2020-02-20","IS","Iceland","EURO",0,0,0,0
"2020-02-21","IS","Iceland","EURO",0,0,0,0
"2020-02-22","IS","Iceland","EURO",0,0,0,0
"2020-02-23","IS","Iceland","EURO",0,0,0,0
"2020-02-24","IS","Iceland","EURO",0,0,0,0
"2020-02-25","IS","Iceland","EURO",0,0,0,0
"2020-02-26","IS","Iceland","EURO",0,0,0,0
"2020-02-27","IS","Iceland","EURO",0,0,0,0
"2020-02-28","IS","Iceland","EURO",0,0,0,0
"2020-02-29","IS","Iceland","EURO",1,1,0,0
"2020-03-01","IS","Iceland","EURO",0,1,0,0
"2020-03-02","IS","Iceland","EURO",2,3,0,0
"2020-03-03","IS","Iceland","EURO",3,6,0,0
"2020-03-04","IS","Iceland","EURO",10,16,0,0
"2020-03-05","IS","Iceland","EURO",10,26,0,0
"2020-03-06","IS","Iceland","EURO",9,35,0,0
"2020-03-07","IS","Iceland","EURO",8,43,0,0
"2020-03-08","IS","Iceland","EURO",10,53,0,0
"2020-03-09","IS","Iceland","EURO",2,55,0,0
"2020-03-10","IS","Iceland","EURO",10,65,0,0
"2020-03-11","IS","Iceland","EURO",5,70,0,0
"2020-03-12","IS","Iceland","EURO",15,85,0,0
"2020-03-13","IS","Iceland","EURO",32,117,0,0
"2020-03-14","IS","Iceland","EURO",0,117,0,0
"2020-03-15","IS","Iceland","EURO",21,138,0,0
"2020-03-16","IS","Iceland","EURO",40,178,0,0
"2020-03-17","IS","Iceland","EURO",21,199,0,0
"2020-03-18","IS","Iceland","EURO",48,247,0,0
"2020-03-19","IS","Iceland","EURO",3,250,0,0
"2020-03-20","IS","Iceland","EURO",80,330,1,1
"2020-03-21","IS","Iceland","EURO",79,409,0,1
"2020-03-22","IS","Iceland","EURO",64,473,0,1
"2020-03-23","IS","Iceland","EURO",95,568,0,1
"2020-03-24","IS","Iceland","EURO",20,588,1,2
"2020-03-25","IS","Iceland","EURO",60,648,0,2
"2020-03-26","IS","Iceland","EURO",89,737,0,2
"2020-03-27","IS","Iceland","EURO",65,802,0,2
"2020-03-28","IS","Iceland","EURO",88,890,0,2
"2020-03-29","IS","Iceland","EURO",73,963,0,2
"2020-03-30","IS","Iceland","EURO",57,1020,0,2
"2020-03-31","IS","Iceland","EURO",66,1086,0,2
"2020-04-01","IS","Iceland","EURO",49,1135,0,2
"2020-04-02","IS","Iceland","EURO",85,1220,0,2
"2020-04-03","IS","Iceland","EURO",99,1319,2,4
"2020-04-04","IS","Iceland","EURO",45,1364,0,4
"2020-04-05","IS","Iceland","EURO",53,1417,0,4
"2020-04-06","IS","Iceland","EURO",69,1486,0,4
"2020-04-07","IS","Iceland","EURO",76,1562,2,6
"2020-04-08","IS","Iceland","EURO",24,1586,0,6
"2020-04-09","IS","Iceland","EURO",30,1616,0,6
"2020-04-10","IS","Iceland","EURO",32,1648,0,6
"2020-04-11","IS","Iceland","EURO",27,1675,1,7
"2020-04-12","IS","Iceland","EURO",14,1689,1,8
"2020-04-13","IS","Iceland","EURO",12,1701,0,8
"2020-04-14","IS","Iceland","EURO",10,1711,0,8
"2020-04-15","IS","Iceland","EURO",9,1720,0,8
"2020-04-16","IS","Iceland","EURO",7,1727,0,8
"2020-04-17","IS","Iceland","EURO",12,1739,0,8
"2020-04-18","IS","Iceland","EURO",15,1754,0,8
"2020-04-19","IS","Iceland","EURO",6,1760,1,9
"2020-04-20","IS","Iceland","EURO",11,1771,0,9
"2020-04-21","IS","Iceland","EURO",2,1773,1,10
"2020-04-22","IS","Iceland","EURO",5,1778,0,10
"2020-04-23","IS","Iceland","EURO",7,1785,0,10
"2020-04-24","IS","Iceland","EURO",4,1789,0,10
"2020-04-25","IS","Iceland","EURO",0,1789,0,10
"2020-04-26","IS","Iceland","EURO",1,1790,0,10
"2020-04-27","IS","Iceland","EURO",2,1792,0,10
"2020-04-28","IS","Iceland","EURO",0,1792,0,10
"2020-04-29","IS","Iceland","EURO",3,1795,0,10
"2020-04-30","IS","Iceland","EURO",2,1797,0,10
"2020-05-01","IS","Iceland","EURO",0,1797,0,10
"2020-05-02","IS","Iceland","EURO",1,1798,0,10
"2020-05-03","IS","Iceland","EURO",0,1798,0,10
"2020-05-04","IS","Iceland","EURO",1,1799,0,10
"2020-05-05","IS","Iceland","EURO",0,1799,0,10
"2020-05-06","IS","Iceland","EURO",0,1799,0,10
"2020-05-07","IS","Iceland","EURO",0,1799,0,10
"2020-05-08","IS","Iceland","EURO",2,1801,0,10
"2020-05-09","IS","Iceland","EURO",0,1801,0,10
"2020-05-10","IS","Iceland","EURO",0,1801,0,10
"2020-05-11","IS","Iceland","EURO",0,1801,0,10
"2020-05-12","IS","Iceland","EURO",0,1801,0,10
"2020-05-13","IS","Iceland","EURO",0,1801,0,10
"2020-05-14","IS","Iceland","EURO",1,1802,0,10
"2020-05-15","IS","Iceland","EURO",0,1802,0,10
"2020-05-16","IS","Iceland","EURO",0,1802,0,10
"2020-05-17","IS","Iceland","EURO",0,1802,0,10
"2020-05-18","IS","Iceland","EURO",0,1802,0,10
"2020-05-19","IS","Iceland","EURO",0,1802,0,10
"2020-05-20","IS","Iceland","EURO",0,1802,0,10
"2020-05-21","IS","Iceland","EURO",1,1803,0,10
"2020-05-22","IS","Iceland","EURO",0,1803,0,10
"2020-05-23","IS","Iceland","EURO",0,1803,0,10
"2020-05-24","IS","Iceland","EURO",1,1804,0,10
"2020-05-25","IS","Iceland","EURO",0,1804,0,10
"2020-05-26","IS","Iceland","EURO",0,1804,0,10
"2020-05-27","IS","Iceland","EURO",0,1804,0,10
"2020-05-28","IS","Iceland","EURO",1,1805,0,10
"2020-05-29","IS","Iceland","EURO",0,1805,0,10
"2020-05-30","IS","Iceland","EURO",0,1805,0,10
"2020-05-31","IS","Iceland","EURO",1,1806,0,10
"2020-06-01","IS","Iceland","EURO",0,1806,0,10
"2020-06-02","IS","Iceland","EURO",0,1806,0,10
"2020-06-03","IS","Iceland","EURO",0,1806,0,10
"2020-06-04","IS","Iceland","EURO",0,1806,0,10
"2020-06-05","IS","Iceland","EURO",0,1806,0,10
"2020-06-06","IS","Iceland","EURO",0,1806,0,10
"2020-06-07","IS","Iceland","EURO",0,1806,0,10
"2020-06-08","IS","Iceland","EURO",1,1807,0,10
"2020-06-09","IS","Iceland","EURO",0,1807,0,10
"2020-06-10","IS","Iceland","EURO",0,1807,0,10
"2020-06-11","IS","Iceland","EURO",0,1807,0,10
"2020-06-12","IS","Iceland","EURO",0,1807,0,10
"2020-06-13","IS","Iceland","EURO",1,1808,0,10
"2020-06-14","IS","Iceland","EURO",2,1810,0,10
"2020-06-15","IS","Iceland","EURO",0,1810,0,10
"2020-06-16","IS","Iceland","EURO",1,1811,0,10
"2020-06-17","IS","Iceland","EURO",1,1812,0,10
"2020-06-18","IS","Iceland","EURO",0,1812,0,10
"2020-06-19","IS","Iceland","EURO",2,1814,0,10
"2020-06-20","IS","Iceland","EURO",1,1815,0,10
"2020-06-21","IS","Iceland","EURO",0,1815,0,10
"2020-06-22","IS","Iceland","EURO",0,1815,0,10
"2020-06-23","IS","Iceland","EURO",0,1815,0,10
"2020-06-24","IS","Iceland","EURO",0,1815,0,10
"2020-06-25","IS","Iceland","EURO",2,1817,0,10
"2020-06-26","IS","Iceland","EURO",1,1818,0,10
"2020-06-27","IS","Iceland","EURO",2,1820,0,10
"2020-06-28","IS","Iceland","EURO",0,1820,0,10
"2020-06-29","IS","Iceland","EURO",1,1821,0,10
"2020-06-30","IS","Iceland","EURO",1,1822,0,10
"2020-07-01","IS","Iceland","EURO",2,1824,0,10
"2020-07-02","IS","Iceland","EURO",1,1825,0,10
"2020-07-03","IS","Iceland","EURO",5,1830,0,10
"2020-07-04","IS","Iceland","EURO",0,1830,0,10
"2020-07-05","IS","Iceland","EURO",0,1830,0,10
"2020-07-06","IS","Iceland","EURO",0,1830,0,10
"2020-07-07","IS","Iceland","EURO",2,1832,0,10
"2020-07-08","IS","Iceland","EURO",1,1833,0,10
"2020-07-09","IS","Iceland","EURO",0,1833,0,10
"2020-07-10","IS","Iceland","EURO",0,1833,0,10
"2020-07-11","IS","Iceland","EURO",0,1833,0,10
"2020-07-12","IS","Iceland","EURO",0,1833,0,10
"2020-07-13","IS","Iceland","EURO",0,1833,0,10
"2020-07-14","IS","Iceland","EURO",0,1833,0,10
"2020-07-15","IS","Iceland","EURO",2,1835,0,10
"2020-07-16","IS","Iceland","EURO",0,1835,0,10
"2020-07-17","IS","Iceland","EURO",1,1836,0,10
"2020-07-18","IS","Iceland","EURO",0,1836,0,10
"2020-07-19","IS","Iceland","EURO",2,1838,0,10
"2020-07-20","IS","Iceland","EURO",1,1839,0,10
"2020-07-21","IS","Iceland","EURO",0,1839,0,10
"2020-07-22","IS","Iceland","EURO",0,1839,0,10
"2020-07-23","IS","Iceland","EURO",1,1840,0,10
"2020-07-24","IS","Iceland","EURO",1,1841,0,10
"2020-07-25","IS","Iceland","EURO",2,1843,0,10
"2020-07-26","IS","Iceland","EURO",0,1843,0,10
"2020-07-27","IS","Iceland","EURO",4,1847,0,10
"2020-07-28","IS","Iceland","EURO",7,1854,0,10
"2020-07-29","IS","Iceland","EURO",3,1857,0,10
"2020-07-30","IS","Iceland","EURO",4,1861,0,10
"2020-07-31","IS","Iceland","EURO",11,1872,0,10
"2020-08-01","IS","Iceland","EURO",13,1885,0,10
"2020-08-02","IS","Iceland","EURO",8,1893,0,10
"2020-08-03","IS","Iceland","EURO",14,1907,0,10
"2020-08-04","IS","Iceland","EURO",8,1915,0,10
"2020-08-05","IS","Iceland","EURO",3,1918,0,10
"2020-08-06","IS","Iceland","EURO",8,1926,0,10
"2020-08-07","IS","Iceland","EURO",6,1932,0,10
"2020-08-08","IS","Iceland","EURO",20,1952,0,10
"2020-08-09","IS","Iceland","EURO",3,1955,0,10
"2020-08-10","IS","Iceland","EURO",3,1958,0,10
"2020-08-11","IS","Iceland","EURO",4,1962,0,10
"2020-08-12","IS","Iceland","EURO",6,1968,0,10
"2020-08-13","IS","Iceland","EURO",4,1972,0,10
"2020-08-14","IS","Iceland","EURO",4,1976,0,10
"2020-08-15","IS","Iceland","EURO",7,1983,0,10
"2020-08-16","IS","Iceland","EURO",16,1999,0,10
"2020-08-17","IS","Iceland","EURO",12,2011,0,10
"2020-08-18","IS","Iceland","EURO",3,2014,0,10
"2020-08-19","IS","Iceland","EURO",13,2027,0,10
"2020-08-20","IS","Iceland","EURO",8,2035,0,10
"2020-08-21","IS","Iceland","EURO",5,2040,0,10
"2020-08-22","IS","Iceland","EURO",10,2050,0,10
"2020-08-23","IS","Iceland","EURO",8,2058,0,10
"2020-08-24","IS","Iceland","EURO",6,2064,0,10
"2020-08-25","IS","Iceland","EURO",9,2073,0,10
"2020-08-26","IS","Iceland","EURO",4,2077,0,10
"2020-08-27","IS","Iceland","EURO",5,2082,0,10
"2020-08-28","IS","Iceland","EURO",5,2087,0,10
"2020-08-29","IS","Iceland","EURO",5,2092,0,10
"2020-08-30","IS","Iceland","EURO",8,2100,0,10
"2020-08-31","IS","Iceland","EURO",5,2105,0,10
"2020-09-01","IS","Iceland","EURO",2,2107,0,10
"2020-09-02","IS","Iceland","EURO",9,2116,0,10
"2020-09-03","IS","Iceland","EURO",5,2121,0,10
"2020-09-04","IS","Iceland","EURO",7,2128,0,10
"2020-09-05","IS","Iceland","EURO",7,2135,0,10
"2020-09-06","IS","Iceland","EURO",1,2136,0,10
"2020-09-07","IS","Iceland","EURO",5,2141,0,10
"2020-09-08","IS","Iceland","EURO",2,2143,0,10
"2020-09-09","IS","Iceland","EURO",7,2150,0,10
"2020-09-10","IS","Iceland","EURO",3,2153,0,10
"2020-09-11","IS","Iceland","EURO",4,2157,0,10
"2020-09-12","IS","Iceland","EURO",4,2161,0,10
"2020-09-13","IS","Iceland","EURO",1,2162,0,10
"2020-09-14","IS","Iceland","EURO",3,2165,0,10
"2020-09-15","IS","Iceland","EURO",3,2168,0,10
"2020-09-16","IS","Iceland","EURO",6,2174,0,10
"2020-09-17","IS","Iceland","EURO",15,2189,0,10
"2020-09-18","IS","Iceland","EURO",17,2206,0,10
"2020-09-19","IS","Iceland","EURO",24,2230,0,10
"2020-09-20","IS","Iceland","EURO",77,2307,0,10
"2020-09-21","IS","Iceland","EURO",39,2346,0,10
"2020-09-22","IS","Iceland","EURO",31,2377,0,10
"2020-09-23","IS","Iceland","EURO",42,2419,0,10
"2020-09-24","IS","Iceland","EURO",57,2476,0,10
"2020-09-25","IS","Iceland","EURO",36,2512,0,10
"2020-09-26","IS","Iceland","EURO",49,2561,0,10
"2020-09-27","IS","Iceland","EURO",40,2601,0,10
"2020-09-28","IS","Iceland","EURO",22,2623,0,10
"2020-09-29","IS","Iceland","EURO",40,2663,0,10
"2020-09-30","IS","Iceland","EURO",32,2695,0,10
"2020-10-01","IS","Iceland","EURO",33,2728,0,10
"2020-10-02","IS","Iceland","EURO",41,2769,0,10
"2020-10-03","IS","Iceland","EURO",40,2809,0,10
"2020-10-04","IS","Iceland","EURO",63,2872,0,10
"2020-10-05","IS","Iceland","EURO",49,2921,0,10
"2020-10-06","IS","Iceland","EURO",59,2980,0,10
"2020-10-07","IS","Iceland","EURO",101,3081,0,10
"2020-10-08","IS","Iceland","EURO",91,3172,0,10
"2020-10-09","IS","Iceland","EURO",95,3267,0,10
"2020-10-10","IS","Iceland","EURO",106,3373,0,10
"2020-10-11","IS","Iceland","EURO",87,3460,0,10
"2020-10-12","IS","Iceland","EURO",66,3526,0,10
"2020-10-13","IS","Iceland","EURO",56,3582,0,10
"2020-10-14","IS","Iceland","EURO",86,3668,0,10
"2020-10-15","IS","Iceland","EURO",89,3757,0,10
"2020-10-16","IS","Iceland","EURO",80,3837,0,10
"2020-10-17","IS","Iceland","EURO",92,3929,1,11
"2020-10-18","IS","Iceland","EURO",69,3998,0,11
"2020-10-19","IS","Iceland","EURO",57,4055,0,11
"2020-10-20","IS","Iceland","EURO",46,4101,0,11
"2020-10-21","IS","Iceland","EURO",92,4193,0,11
"2020-10-22","IS","Iceland","EURO",37,4230,0,11
"2020-10-23","IS","Iceland","EURO",38,4268,0,11
"2020-10-24","IS","Iceland","EURO",40,4308,0,11
"2020-10-25","IS","Iceland","EURO",86,4394,0,11
"2020-10-26","IS","Iceland","EURO",54,4448,0,11
"2020-10-27","IS","Iceland","EURO",56,4504,0,11
"2020-10-28","IS","Iceland","EURO",70,4574,0,11
"2020-10-29","IS","Iceland","EURO",97,4671,1,12
"2020-10-30","IS","Iceland","EURO",48,4719,0,12
"2020-10-31","IS","Iceland","EURO",78,4797,0,12
"2020-11-01","IS","Iceland","EURO",68,4865,0,12
"2020-11-02","IS","Iceland","EURO",25,4890,0,12
"2020-11-03","IS","Iceland","EURO",41,4931,0,12
"2020-11-04","IS","Iceland","EURO",26,4957,5,17
"2020-11-05","IS","Iceland","EURO",32,4989,0,17
"2020-11-06","IS","Iceland","EURO",28,5017,1,18
"2020-11-07","IS","Iceland","EURO",22,5039,0,18
"2020-11-08","IS","Iceland","EURO",24,5063,0,18
"2020-11-09","IS","Iceland","EURO",15,5078,2,20
"2020-11-10","IS","Iceland","EURO",23,5101,3,23
"2020-11-11","IS","Iceland","EURO",13,5114,1,24
"2020-11-12","IS","Iceland","EURO",28,5142,0,24
"2020-11-13","IS","Iceland","EURO",18,5160,1,25
"2020-11-14","IS","Iceland","EURO",10,5170,0,25
"2020-11-15","IS","Iceland","EURO",16,5186,0,25
"2020-11-16","IS","Iceland","EURO",3,5189,0,25
"2020-11-17","IS","Iceland","EURO",16,5205,0,25
"2020-11-18","IS","Iceland","EURO",10,5215,0,25
"2020-11-19","IS","Iceland","EURO",11,5226,0,25
"2020-11-20","IS","Iceland","EURO",5,5231,0,25
"2020-11-21","IS","Iceland","EURO",20,5251,1,26
"2020-11-22","IS","Iceland","EURO",18,5269,0,26
"2020-11-23","IS","Iceland","EURO",8,5277,0,26
"2020-11-24","IS","Iceland","EURO",12,5289,0,26
"2020-11-25","IS","Iceland","EURO",9,5298,0,26
"2020-11-26","IS","Iceland","EURO",14,5312,0,26
"2020-11-27","IS","Iceland","EURO",11,5323,0,26
"2020-11-28","IS","Iceland","EURO",23,5346,0,26
"2020-11-29","IS","Iceland","EURO",25,5371,0,26
"2020-11-30","IS","Iceland","EURO",10,5381,0,26
"2020-12-01","IS","Iceland","EURO",11,5392,0,26
"2020-12-02","IS","Iceland","EURO",21,5413,1,27
"2020-12-03","IS","Iceland","EURO",20,5433,0,27
"2020-12-04","IS","Iceland","EURO",15,5448,0,27
"2020-12-05","IS","Iceland","EURO",14,5462,0,27
"2020-12-06","IS","Iceland","EURO",14,5476,0,27
"2020-12-07","IS","Iceland","EURO",6,5482,0,27
"2020-12-08","IS","Iceland","EURO",14,5496,0,27
"2020-12-09","IS","Iceland","EURO",10,5506,1,28
"2020-12-10","IS","Iceland","EURO",10,5516,0,28
"2020-12-11","IS","Iceland","EURO",8,5524,0,28
"2020-12-12","IS","Iceland","EURO",15,5539,0,28
