"Fecha_de_reporte","Codigo_pais","Paises","Region","Casos_nuevos","Casos_acumulados","defunciones_nuevas","defunciones_acumuladas"
"2020-01-03","IN","India","SEARO",0,0,0,0
"2020-01-04","IN","India","SEARO",0,0,0,0
"2020-01-05","IN","India","SEARO",0,0,0,0
"2020-01-06","IN","India","SEARO",0,0,0,0
"2020-01-07","IN","India","SEARO",0,0,0,0
"2020-01-08","IN","India","SEARO",0,0,0,0
"2020-01-09","IN","India","SEARO",0,0,0,0
"2020-01-10","IN","India","SEARO",0,0,0,0
"2020-01-11","IN","India","SEARO",0,0,0,0
"2020-01-12","IN","India","SEARO",0,0,0,0
"2020-01-13","IN","India","SEARO",0,0,0,0
"2020-01-14","IN","India","SEARO",0,0,0,0
"2020-01-15","IN","India","SEARO",0,0,0,0
"2020-01-16","IN","India","SEARO",0,0,0,0
"2020-01-17","IN","India","SEARO",0,0,0,0
"2020-01-18","IN","India","SEARO",0,0,0,0
"2020-01-19","IN","India","SEARO",0,0,0,0
"2020-01-20","IN","India","SEARO",0,0,0,0
"2020-01-21","IN","India","SEARO",0,0,0,0
"2020-01-22","IN","India","SEARO",0,0,0,0
"2020-01-23","IN","India","SEARO",0,0,0,0
"2020-01-24","IN","India","SEARO",0,0,0,0
"2020-01-25","IN","India","SEARO",0,0,0,0
"2020-01-26","IN","India","SEARO",0,0,0,0
"2020-01-27","IN","India","SEARO",0,0,0,0
"2020-01-28","IN","India","SEARO",0,0,0,0
"2020-01-29","IN","India","SEARO",0,0,0,0
"2020-01-30","IN","India","SEARO",5,5,0,0
"2020-01-31","IN","India","SEARO",0,5,0,0
"2020-02-01","IN","India","SEARO",0,5,0,0
"2020-02-02","IN","India","SEARO",1,6,0,0
"2020-02-03","IN","India","SEARO",1,7,0,0
"2020-02-04","IN","India","SEARO",0,7,0,0
"2020-02-05","IN","India","SEARO",0,7,0,0
"2020-02-06","IN","India","SEARO",0,7,0,0
"2020-02-07","IN","India","SEARO",0,7,0,0
"2020-02-08","IN","India","SEARO",0,7,0,0
"2020-02-09","IN","India","SEARO",0,7,0,0
"2020-02-10","IN","India","SEARO",0,7,0,0
"2020-02-11","IN","India","SEARO",0,7,0,0
"2020-02-12","IN","India","SEARO",0,7,0,0
"2020-02-13","IN","India","SEARO",0,7,0,0
"2020-02-14","IN","India","SEARO",0,7,0,0
"2020-02-15","IN","India","SEARO",0,7,0,0
"2020-02-16","IN","India","SEARO",0,7,0,0
"2020-02-17","IN","India","SEARO",0,7,0,0
"2020-02-18","IN","India","SEARO",0,7,0,0
"2020-02-19","IN","India","SEARO",0,7,0,0
"2020-02-20","IN","India","SEARO",0,7,0,0
"2020-02-21","IN","India","SEARO",0,7,0,0
"2020-02-22","IN","India","SEARO",0,7,0,0
"2020-02-23","IN","India","SEARO",0,7,0,0
"2020-02-24","IN","India","SEARO",0,7,0,0
"2020-02-25","IN","India","SEARO",0,7,0,0
"2020-02-26","IN","India","SEARO",0,7,0,0
"2020-02-27","IN","India","SEARO",0,7,0,0
"2020-02-28","IN","India","SEARO",0,7,0,0
"2020-02-29","IN","India","SEARO",0,7,0,0
"2020-03-01","IN","India","SEARO",0,7,0,0
"2020-03-02","IN","India","SEARO",2,9,0,0
"2020-03-03","IN","India","SEARO",0,9,0,0
"2020-03-04","IN","India","SEARO",22,31,0,0
"2020-03-05","IN","India","SEARO",1,32,0,0
"2020-03-06","IN","India","SEARO",3,35,0,0
"2020-03-07","IN","India","SEARO",3,38,0,0
"2020-03-08","IN","India","SEARO",5,43,0,0
"2020-03-09","IN","India","SEARO",5,48,0,0
"2020-03-10","IN","India","SEARO",6,54,0,0
"2020-03-11","IN","India","SEARO",10,64,0,0
"2020-03-12","IN","India","SEARO",14,78,0,0
"2020-03-13","IN","India","SEARO",7,85,1,1
"2020-03-14","IN","India","SEARO",3,88,1,2
"2020-03-15","IN","India","SEARO",23,111,0,2
"2020-03-16","IN","India","SEARO",7,118,0,2
"2020-03-17","IN","India","SEARO",23,141,1,3
"2020-03-18","IN","India","SEARO",14,155,0,3
"2020-03-19","IN","India","SEARO",40,195,1,4
"2020-03-20","IN","India","SEARO",0,195,0,4
"2020-03-21","IN","India","SEARO",88,283,0,4
"2020-03-22","IN","India","SEARO",58,341,1,5
"2020-03-23","IN","India","SEARO",93,434,4,9
"2020-03-24","IN","India","SEARO",85,519,0,9
"2020-03-25","IN","India","SEARO",87,606,1,10
"2020-03-26","IN","India","SEARO",43,649,3,13
"2020-03-27","IN","India","SEARO",75,724,4,17
"2020-03-28","IN","India","SEARO",0,724,0,17
"2020-03-29","IN","India","SEARO",255,979,8,25
"2020-03-30","IN","India","SEARO",92,1071,4,29
"2020-03-31","IN","India","SEARO",180,1251,3,32
"2020-04-01","IN","India","SEARO",385,1636,6,38
"2020-04-02","IN","India","SEARO",329,1965,12,50
"2020-04-03","IN","India","SEARO",336,2301,6,56
"2020-04-04","IN","India","SEARO",601,2902,12,68
"2020-04-05","IN","India","SEARO",472,3374,9,77
"2020-04-06","IN","India","SEARO",693,4067,32,109
"2020-04-07","IN","India","SEARO",354,4421,5,114
"2020-04-08","IN","India","SEARO",853,5274,35,149
"2020-04-09","IN","India","SEARO",591,5865,20,169
"2020-04-10","IN","India","SEARO",547,6412,30,199
"2020-04-11","IN","India","SEARO",1035,7447,40,239
"2020-04-12","IN","India","SEARO",909,8356,34,273
"2020-04-13","IN","India","SEARO",796,9152,35,308
"2020-04-14","IN","India","SEARO",1211,10363,31,339
"2020-04-15","IN","India","SEARO",1076,11439,38,377
"2020-04-16","IN","India","SEARO",941,12380,37,414
"2020-04-17","IN","India","SEARO",1007,13387,23,437
"2020-04-18","IN","India","SEARO",991,14378,43,480
"2020-04-19","IN","India","SEARO",1334,15712,27,507
"2020-04-20","IN","India","SEARO",1553,17265,36,543
"2020-04-21","IN","India","SEARO",1336,18601,47,590
"2020-04-22","IN","India","SEARO",1383,19984,50,640
"2020-04-23","IN","India","SEARO",1409,21393,41,681
"2020-04-24","IN","India","SEARO",1684,23077,37,718
"2020-04-25","IN","India","SEARO",1429,24506,57,775
"2020-04-26","IN","India","SEARO",1990,26496,49,824
"2020-04-27","IN","India","SEARO",1396,27892,48,872
"2020-04-28","IN","India","SEARO",1543,29435,62,934
"2020-04-29","IN","India","SEARO",1897,31332,73,1007
"2020-04-30","IN","India","SEARO",1718,33050,67,1074
"2020-05-01","IN","India","SEARO",1993,35043,73,1147
"2020-05-02","IN","India","SEARO",2293,37336,71,1218
"2020-05-03","IN","India","SEARO",2644,39980,83,1301
"2020-05-04","IN","India","SEARO",2553,42533,72,1373
"2020-05-05","IN","India","SEARO",3900,46433,195,1568
"2020-05-06","IN","India","SEARO",2958,49391,126,1694
"2020-05-07","IN","India","SEARO",3561,52952,89,1783
"2020-05-08","IN","India","SEARO",3390,56342,103,1886
"2020-05-09","IN","India","SEARO",3320,59662,95,1981
"2020-05-10","IN","India","SEARO",3277,62939,128,2109
"2020-05-11","IN","India","SEARO",4213,67152,97,2206
"2020-05-12","IN","India","SEARO",3604,70756,87,2293
"2020-05-13","IN","India","SEARO",3525,74281,122,2415
"2020-05-14","IN","India","SEARO",3722,78003,134,2549
"2020-05-15","IN","India","SEARO",3967,81970,100,2649
"2020-05-16","IN","India","SEARO",3970,85940,103,2752
"2020-05-17","IN","India","SEARO",4987,90927,120,2872
"2020-05-18","IN","India","SEARO",5242,96169,157,3029
"2020-05-19","IN","India","SEARO",4970,101139,134,3163
"2020-05-20","IN","India","SEARO",5611,106750,140,3303
"2020-05-21","IN","India","SEARO",5609,112359,132,3435
"2020-05-22","IN","India","SEARO",6088,118447,148,3583
"2020-05-23","IN","India","SEARO",6654,125101,137,3720
"2020-05-24","IN","India","SEARO",6767,131868,147,3867
"2020-05-25","IN","India","SEARO",6977,138845,154,4021
"2020-05-26","IN","India","SEARO",6535,145380,146,4167
"2020-05-27","IN","India","SEARO",6387,151767,170,4337
"2020-05-28","IN","India","SEARO",6566,158333,194,4531
"2020-05-29","IN","India","SEARO",7466,165799,175,4706
"2020-05-30","IN","India","SEARO",7964,173763,265,4971
"2020-05-31","IN","India","SEARO",8380,182143,193,5164
"2020-06-01","IN","India","SEARO",8392,190535,230,5394
"2020-06-02","IN","India","SEARO",8171,198706,204,5598
"2020-06-03","IN","India","SEARO",8909,207615,217,5815
"2020-06-04","IN","India","SEARO",9304,216919,260,6075
"2020-06-05","IN","India","SEARO",9851,226770,273,6348
"2020-06-06","IN","India","SEARO",9887,236657,294,6642
"2020-06-07","IN","India","SEARO",9971,246628,287,6929
"2020-06-08","IN","India","SEARO",9983,256611,206,7135
"2020-06-09","IN","India","SEARO",9987,266598,331,7466
"2020-06-10","IN","India","SEARO",9985,276583,279,7745
"2020-06-11","IN","India","SEARO",9996,286579,357,8102
"2020-06-12","IN","India","SEARO",10956,297535,396,8498
"2020-06-13","IN","India","SEARO",11458,308993,386,8884
"2020-06-14","IN","India","SEARO",11929,320922,311,9195
"2020-06-15","IN","India","SEARO",11502,332424,325,9520
"2020-06-16","IN","India","SEARO",10667,343091,380,9900
"2020-06-17","IN","India","SEARO",10974,354065,2003,11903
"2020-06-18","IN","India","SEARO",12881,366946,334,12237
"2020-06-19","IN","India","SEARO",13586,380532,336,12573
"2020-06-20","IN","India","SEARO",14516,395048,375,12948
"2020-06-21","IN","India","SEARO",15413,410461,306,13254
"2020-06-22","IN","India","SEARO",14821,425282,445,13699
"2020-06-23","IN","India","SEARO",14933,440215,312,14011
"2020-06-24","IN","India","SEARO",15968,456183,465,14476
"2020-06-25","IN","India","SEARO",16922,473105,418,14894
"2020-06-26","IN","India","SEARO",17296,490401,407,15301
"2020-06-27","IN","India","SEARO",18552,508953,384,15685
"2020-06-28","IN","India","SEARO",19906,528859,410,16095
"2020-06-29","IN","India","SEARO",19459,548318,380,16475
"2020-06-30","IN","India","SEARO",18522,566840,418,16893
"2020-07-01","IN","India","SEARO",18653,585493,507,17400
"2020-07-02","IN","India","SEARO",19148,604641,434,17834
"2020-07-03","IN","India","SEARO",20903,625544,379,18213
"2020-07-04","IN","India","SEARO",22771,648315,442,18655
"2020-07-05","IN","India","SEARO",24850,673165,613,19268
"2020-07-06","IN","India","SEARO",24248,697413,425,19693
"2020-07-07","IN","India","SEARO",22252,719665,467,20160
"2020-07-08","IN","India","SEARO",22752,742417,482,20642
"2020-07-09","IN","India","SEARO",24879,767296,487,21129
"2020-07-10","IN","India","SEARO",26506,793802,475,21604
"2020-07-11","IN","India","SEARO",27114,820916,519,22123
"2020-07-12","IN","India","SEARO",28637,849553,551,22674
"2020-07-13","IN","India","SEARO",28701,878254,500,23174
"2020-07-14","IN","India","SEARO",28498,906752,553,23727
"2020-07-15","IN","India","SEARO",29429,936181,582,24309
"2020-07-16","IN","India","SEARO",32695,968876,606,24915
"2020-07-17","IN","India","SEARO",34956,1003832,687,25602
"2020-07-18","IN","India","SEARO",34884,1038716,671,26273
"2020-07-19","IN","India","SEARO",38902,1077618,543,26816
"2020-07-20","IN","India","SEARO",40425,1118043,681,27497
"2020-07-21","IN","India","SEARO",37148,1155191,587,28084
"2020-07-22","IN","India","SEARO",37724,1192915,648,28732
"2020-07-23","IN","India","SEARO",45720,1238635,1129,29861
"2020-07-24","IN","India","SEARO",49310,1287945,740,30601
"2020-07-25","IN","India","SEARO",48916,1336861,757,31358
"2020-07-26","IN","India","SEARO",48661,1385522,705,32063
"2020-07-27","IN","India","SEARO",49931,1435453,708,32771
"2020-07-28","IN","India","SEARO",47703,1483156,654,33425
"2020-07-29","IN","India","SEARO",48513,1531669,768,34193
"2020-07-30","IN","India","SEARO",52123,1583792,775,34968
"2020-07-31","IN","India","SEARO",55078,1638870,779,35747
"2020-08-01","IN","India","SEARO",57118,1695988,764,36511
"2020-08-02","IN","India","SEARO",54735,1750723,853,37364
"2020-08-03","IN","India","SEARO",52972,1803695,771,38135
"2020-08-04","IN","India","SEARO",52050,1855745,803,38938
"2020-08-05","IN","India","SEARO",52509,1908254,857,39795
"2020-08-06","IN","India","SEARO",56282,1964536,904,40699
"2020-08-07","IN","India","SEARO",62538,2027074,886,41585
"2020-08-08","IN","India","SEARO",61537,2088611,933,42518
"2020-08-09","IN","India","SEARO",64399,2153010,861,43379
"2020-08-10","IN","India","SEARO",62064,2215074,1007,44386
"2020-08-11","IN","India","SEARO",53601,2268675,871,45257
"2020-08-12","IN","India","SEARO",60963,2329638,834,46091
"2020-08-13","IN","India","SEARO",66999,2396637,942,47033
"2020-08-14","IN","India","SEARO",64553,2461190,1007,48040
"2020-08-15","IN","India","SEARO",65002,2526192,996,49036
"2020-08-16","IN","India","SEARO",63490,2589682,944,49980
"2020-08-17","IN","India","SEARO",57981,2647663,941,50921
"2020-08-18","IN","India","SEARO",55079,2702742,876,51797
"2020-08-19","IN","India","SEARO",64531,2767273,1092,52889
"2020-08-20","IN","India","SEARO",69652,2836925,977,53866
"2020-08-21","IN","India","SEARO",68898,2905823,983,54849
"2020-08-22","IN","India","SEARO",69878,2975701,945,55794
"2020-08-23","IN","India","SEARO",69239,3044940,912,56706
"2020-08-24","IN","India","SEARO",61408,3106348,836,57542
"2020-08-25","IN","India","SEARO",60975,3167323,848,58390
"2020-08-26","IN","India","SEARO",67151,3234474,1059,59449
"2020-08-27","IN","India","SEARO",75760,3310234,1023,60472
"2020-08-28","IN","India","SEARO",77266,3387500,1057,61529
"2020-08-29","IN","India","SEARO",76472,3463972,1021,62550
"2020-08-30","IN","India","SEARO",78761,3542733,948,63498
"2020-08-31","IN","India","SEARO",78512,3621245,971,64469
"2020-09-01","IN","India","SEARO",69921,3691166,819,65288
"2020-09-02","IN","India","SEARO",78357,3769523,1045,66333
"2020-09-03","IN","India","SEARO",83883,3853406,1043,67376
"2020-09-04","IN","India","SEARO",83341,3936747,1096,68472
"2020-09-05","IN","India","SEARO",86432,4023179,1089,69561
"2020-09-06","IN","India","SEARO",90632,4113811,1065,70626
"2020-09-07","IN","India","SEARO",90802,4204613,1016,71642
"2020-09-08","IN","India","SEARO",75809,4280422,1133,72775
"2020-09-09","IN","India","SEARO",89706,4370128,1115,73890
"2020-09-10","IN","India","SEARO",95735,4465863,1172,75062
"2020-09-11","IN","India","SEARO",96551,4562414,1209,76271
"2020-09-12","IN","India","SEARO",97570,4659984,1201,77472
"2020-09-13","IN","India","SEARO",94372,4754356,1114,78586
"2020-09-14","IN","India","SEARO",92071,4846427,1136,79722
"2020-09-15","IN","India","SEARO",83809,4930236,1054,80776
"2020-09-16","IN","India","SEARO",90123,5020359,1290,82066
"2020-09-17","IN","India","SEARO",97894,5118253,1132,83198
"2020-09-18","IN","India","SEARO",96424,5214677,1174,84372
"2020-09-19","IN","India","SEARO",93337,5308014,1247,85619
"2020-09-20","IN","India","SEARO",92605,5400619,1133,86752
"2020-09-21","IN","India","SEARO",86961,5487580,1130,87882
"2020-09-22","IN","India","SEARO",75083,5562663,1053,88935
"2020-09-23","IN","India","SEARO",83347,5646010,1085,90020
"2020-09-24","IN","India","SEARO",86508,5732518,1129,91149
"2020-09-25","IN","India","SEARO",86052,5818570,1141,92290
"2020-09-26","IN","India","SEARO",85362,5903932,1089,93379
"2020-09-27","IN","India","SEARO",88600,5992532,1124,94503
"2020-09-28","IN","India","SEARO",82170,6074702,1039,95542
"2020-09-29","IN","India","SEARO",70589,6145291,776,96318
"2020-09-30","IN","India","SEARO",80472,6225763,1179,97497
"2020-10-01","IN","India","SEARO",86821,6312584,1181,98678
"2020-10-02","IN","India","SEARO",81484,6394068,1095,99773
"2020-10-03","IN","India","SEARO",79476,6473544,1069,100842
"2020-10-04","IN","India","SEARO",75829,6549373,940,101782
"2020-10-05","IN","India","SEARO",74442,6623815,903,102685
"2020-10-06","IN","India","SEARO",61267,6685082,884,103569
"2020-10-07","IN","India","SEARO",72049,6757131,986,104555
"2020-10-08","IN","India","SEARO",78524,6835655,971,105526
"2020-10-09","IN","India","SEARO",70496,6906151,964,106490
"2020-10-10","IN","India","SEARO",73272,6979423,926,107416
"2020-10-11","IN","India","SEARO",74383,7053806,918,108334
"2020-10-12","IN","India","SEARO",66732,7120538,816,109150
"2020-10-13","IN","India","SEARO",55342,7175880,706,109856
"2020-10-14","IN","India","SEARO",63509,7239389,730,110586
"2020-10-15","IN","India","SEARO",67708,7307097,680,111266
"2020-10-16","IN","India","SEARO",63371,7370468,895,112161
"2020-10-17","IN","India","SEARO",62212,7432680,837,112998
"2020-10-18","IN","India","SEARO",61871,7494551,1033,114031
"2020-10-19","IN","India","SEARO",55722,7550273,579,114610
"2020-10-20","IN","India","SEARO",46790,7597063,587,115197
"2020-10-21","IN","India","SEARO",54044,7651107,717,115914
"2020-10-22","IN","India","SEARO",55839,7706946,702,116616
"2020-10-23","IN","India","SEARO",54366,7761312,690,117306
"2020-10-24","IN","India","SEARO",53370,7814682,650,117956
"2020-10-25","IN","India","SEARO",50129,7864811,578,118534
"2020-10-26","IN","India","SEARO",45148,7909959,480,119014
"2020-10-27","IN","India","SEARO",36470,7946429,488,119502
"2020-10-28","IN","India","SEARO",43893,7990322,508,120010
"2020-10-29","IN","India","SEARO",49881,8040203,517,120527
"2020-10-30","IN","India","SEARO",48648,8088851,563,121090
"2020-10-31","IN","India","SEARO",48268,8137119,551,121641
"2020-11-01","IN","India","SEARO",46963,8184082,470,122111
"2020-11-02","IN","India","SEARO",45231,8229313,496,122607
"2020-11-03","IN","India","SEARO",38310,8267623,490,123097
"2020-11-04","IN","India","SEARO",46253,8313876,514,123611
"2020-11-05","IN","India","SEARO",50210,8364086,704,124315
"2020-11-06","IN","India","SEARO",47638,8411724,670,124985
"2020-11-07","IN","India","SEARO",50356,8462080,577,125562
"2020-11-08","IN","India","SEARO",45674,8507754,559,126121
"2020-11-09","IN","India","SEARO",45903,8553657,490,126611
"2020-11-10","IN","India","SEARO",38073,8591730,448,127059
"2020-11-11","IN","India","SEARO",44281,8636011,512,127571
"2020-11-12","IN","India","SEARO",47905,8683916,550,128121
"2020-11-13","IN","India","SEARO",44879,8728795,547,128668
"2020-11-14","IN","India","SEARO",44684,8773479,520,129188
"2020-11-15","IN","India","SEARO",41100,8814579,447,129635
"2020-11-16","IN","India","SEARO",30548,8845127,435,130070
"2020-11-17","IN","India","SEARO",29163,8874290,449,130519
"2020-11-18","IN","India","SEARO",38617,8912907,474,130993
"2020-11-19","IN","India","SEARO",45576,8958483,585,131578
"2020-11-20","IN","India","SEARO",45882,9004365,584,132162
"2020-11-21","IN","India","SEARO",46232,9050597,564,132726
"2020-11-22","IN","India","SEARO",45209,9095806,501,133227
"2020-11-23","IN","India","SEARO",44059,9139865,511,133738
"2020-11-24","IN","India","SEARO",37975,9177840,480,134218
"2020-11-25","IN","India","SEARO",44376,9222216,481,134699
"2020-11-26","IN","India","SEARO",44489,9266705,524,135223
"2020-11-27","IN","India","SEARO",43082,9309787,492,135715
"2020-11-28","IN","India","SEARO",41322,9351109,485,136200
"2020-11-29","IN","India","SEARO",41810,9392919,496,136696
"2020-11-30","IN","India","SEARO",38772,9431691,443,137139
"2020-12-01","IN","India","SEARO",31118,9462809,482,137621
"2020-12-02","IN","India","SEARO",36604,9499413,501,138122
"2020-12-03","IN","India","SEARO",35551,9534964,526,138648
"2020-12-04","IN","India","SEARO",36595,9571559,540,139188
"2020-12-05","IN","India","SEARO",36652,9608211,512,139700
"2020-12-06","IN","India","SEARO",36011,9644222,482,140182
"2020-12-07","IN","India","SEARO",32981,9677203,391,140573
"2020-12-08","IN","India","SEARO",26567,9703770,385,140958
"2020-12-09","IN","India","SEARO",32080,9735850,402,141360
"2020-12-10","IN","India","SEARO",31521,9767371,412,141772
"2020-12-11","IN","India","SEARO",29398,9796769,414,142186
"2020-12-12","IN","India","SEARO",30006,9826775,442,142628
