"Fecha_de_reporte","Codigo_pais","Paises","Region","Casos_nuevos","Casos_acumulados","defunciones_nuevas","defunciones_acumuladas"
"2020-01-03","IE","Ireland","EURO",0,0,0,0
"2020-01-04","IE","Ireland","EURO",0,0,0,0
"2020-01-05","IE","Ireland","EURO",0,0,0,0
"2020-01-06","IE","Ireland","EURO",0,0,0,0
"2020-01-07","IE","Ireland","EURO",0,0,0,0
"2020-01-08","IE","Ireland","EURO",0,0,0,0
"2020-01-09","IE","Ireland","EURO",0,0,0,0
"2020-01-10","IE","Ireland","EURO",0,0,0,0
"2020-01-11","IE","Ireland","EURO",0,0,0,0
"2020-01-12","IE","Ireland","EURO",0,0,0,0
"2020-01-13","IE","Ireland","EURO",0,0,0,0
"2020-01-14","IE","Ireland","EURO",0,0,0,0
"2020-01-15","IE","Ireland","EURO",0,0,0,0
"2020-01-16","IE","Ireland","EURO",0,0,0,0
"2020-01-17","IE","Ireland","EURO",0,0,0,0
"2020-01-18","IE","Ireland","EURO",0,0,0,0
"2020-01-19","IE","Ireland","EURO",0,0,0,0
"2020-01-20","IE","Ireland","EURO",0,0,0,0
"2020-01-21","IE","Ireland","EURO",0,0,0,0
"2020-01-22","IE","Ireland","EURO",0,0,0,0
"2020-01-23","IE","Ireland","EURO",0,0,0,0
"2020-01-24","IE","Ireland","EURO",0,0,0,0
"2020-01-25","IE","Ireland","EURO",0,0,0,0
"2020-01-26","IE","Ireland","EURO",0,0,0,0
"2020-01-27","IE","Ireland","EURO",0,0,0,0
"2020-01-28","IE","Ireland","EURO",0,0,0,0
"2020-01-29","IE","Ireland","EURO",0,0,0,0
"2020-01-30","IE","Ireland","EURO",0,0,0,0
"2020-01-31","IE","Ireland","EURO",0,0,0,0
"2020-02-01","IE","Ireland","EURO",0,0,0,0
"2020-02-02","IE","Ireland","EURO",0,0,0,0
"2020-02-03","IE","Ireland","EURO",0,0,0,0
"2020-02-04","IE","Ireland","EURO",0,0,0,0
"2020-02-05","IE","Ireland","EURO",0,0,0,0
"2020-02-06","IE","Ireland","EURO",0,0,0,0
"2020-02-07","IE","Ireland","EURO",0,0,0,0
"2020-02-08","IE","Ireland","EURO",0,0,0,0
"2020-02-09","IE","Ireland","EURO",0,0,0,0
"2020-02-10","IE","Ireland","EURO",0,0,0,0
"2020-02-11","IE","Ireland","EURO",0,0,0,0
"2020-02-12","IE","Ireland","EURO",0,0,0,0
"2020-02-13","IE","Ireland","EURO",0,0,0,0
"2020-02-14","IE","Ireland","EURO",0,0,0,0
"2020-02-15","IE","Ireland","EURO",0,0,0,0
"2020-02-16","IE","Ireland","EURO",0,0,0,0
"2020-02-17","IE","Ireland","EURO",0,0,0,0
"2020-02-18","IE","Ireland","EURO",0,0,0,0
"2020-02-19","IE","Ireland","EURO",0,0,0,0
"2020-02-20","IE","Ireland","EURO",0,0,0,0
"2020-02-21","IE","Ireland","EURO",0,0,0,0
"2020-02-22","IE","Ireland","EURO",0,0,0,0
"2020-02-23","IE","Ireland","EURO",0,0,0,0
"2020-02-24","IE","Ireland","EURO",0,0,0,0
"2020-02-25","IE","Ireland","EURO",0,0,0,0
"2020-02-26","IE","Ireland","EURO",0,0,0,0
"2020-02-27","IE","Ireland","EURO",0,0,0,0
"2020-02-28","IE","Ireland","EURO",0,0,0,0
"2020-02-29","IE","Ireland","EURO",0,0,0,0
"2020-03-01","IE","Ireland","EURO",1,1,0,0
"2020-03-02","IE","Ireland","EURO",0,1,0,0
"2020-03-03","IE","Ireland","EURO",0,1,0,0
"2020-03-04","IE","Ireland","EURO",1,2,0,0
"2020-03-05","IE","Ireland","EURO",4,6,0,0
"2020-03-06","IE","Ireland","EURO",7,13,0,0
"2020-03-07","IE","Ireland","EURO",5,18,0,0
"2020-03-08","IE","Ireland","EURO",1,19,0,0
"2020-03-09","IE","Ireland","EURO",2,21,0,0
"2020-03-10","IE","Ireland","EURO",0,21,0,0
"2020-03-11","IE","Ireland","EURO",14,35,0,0
"2020-03-12","IE","Ireland","EURO",8,43,1,1
"2020-03-13","IE","Ireland","EURO",27,70,0,1
"2020-03-14","IE","Ireland","EURO",21,91,0,1
"2020-03-15","IE","Ireland","EURO",38,129,1,2
"2020-03-16","IE","Ireland","EURO",40,169,0,2
"2020-03-17","IE","Ireland","EURO",54,223,0,2
"2020-03-18","IE","Ireland","EURO",69,292,0,2
"2020-03-19","IE","Ireland","EURO",74,366,0,2
"2020-03-20","IE","Ireland","EURO",191,557,1,3
"2020-03-21","IE","Ireland","EURO",126,683,0,3
"2020-03-22","IE","Ireland","EURO",102,785,0,3
"2020-03-23","IE","Ireland","EURO",121,906,1,4
"2020-03-24","IE","Ireland","EURO",219,1125,2,6
"2020-03-25","IE","Ireland","EURO",204,1329,1,7
"2020-03-26","IE","Ireland","EURO",235,1564,2,9
"2020-03-27","IE","Ireland","EURO",255,1819,10,19
"2020-03-28","IE","Ireland","EURO",302,2121,3,22
"2020-03-29","IE","Ireland","EURO",294,2415,14,36
"2020-03-30","IE","Ireland","EURO",200,2615,10,46
"2020-03-31","IE","Ireland","EURO",295,2910,8,54
"2020-04-01","IE","Ireland","EURO",325,3235,17,71
"2020-04-02","IE","Ireland","EURO",212,3447,14,85
"2020-04-03","IE","Ireland","EURO",402,3849,13,98
"2020-04-04","IE","Ireland","EURO",424,4273,22,120
"2020-04-05","IE","Ireland","EURO",331,4604,17,137
"2020-04-06","IE","Ireland","EURO",507,5111,21,158
"2020-04-07","IE","Ireland","EURO",253,5364,16,174
"2020-04-08","IE","Ireland","EURO",345,5709,36,210
"2020-04-09","IE","Ireland","EURO",515,6224,25,235
"2020-04-10","IE","Ireland","EURO",1169,7393,28,263
"2020-04-11","IE","Ireland","EURO",696,8089,24,287
"2020-04-12","IE","Ireland","EURO",839,8928,33,320
"2020-04-13","IE","Ireland","EURO",727,9655,14,334
"2020-04-14","IE","Ireland","EURO",992,10647,31,365
"2020-04-15","IE","Ireland","EURO",832,11479,41,406
"2020-04-16","IE","Ireland","EURO",1068,12547,38,444
"2020-04-17","IE","Ireland","EURO",724,13271,42,486
"2020-04-18","IE","Ireland","EURO",709,13980,44,530
"2020-04-19","IE","Ireland","EURO",778,14758,41,571
"2020-04-20","IE","Ireland","EURO",493,15251,39,610
"2020-04-21","IE","Ireland","EURO",401,15652,77,687
"2020-04-22","IE","Ireland","EURO",388,16040,43,730
"2020-04-23","IE","Ireland","EURO",631,16671,39,769
"2020-04-24","IE","Ireland","EURO",936,17607,25,794
"2020-04-25","IE","Ireland","EURO",577,18184,35,829
"2020-04-26","IE","Ireland","EURO",377,18561,234,1063
"2020-04-27","IE","Ireland","EURO",701,19262,24,1087
"2020-04-28","IE","Ireland","EURO",386,19648,15,1102
"2020-04-29","IE","Ireland","EURO",229,19877,57,1159
"2020-04-30","IE","Ireland","EURO",376,20253,31,1190
"2020-05-01","IE","Ireland","EURO",359,20612,42,1232
"2020-05-02","IE","Ireland","EURO",221,20833,33,1265
"2020-05-03","IE","Ireland","EURO",343,21176,0,1265
"2020-05-04","IE","Ireland","EURO",330,21506,38,1303
"2020-05-05","IE","Ireland","EURO",216,21722,16,1319
"2020-05-06","IE","Ireland","EURO",261,21983,20,1339
"2020-05-07","IE","Ireland","EURO",265,22248,36,1375
"2020-05-08","IE","Ireland","EURO",137,22385,28,1403
"2020-05-09","IE","Ireland","EURO",156,22541,26,1429
"2020-05-10","IE","Ireland","EURO",219,22760,17,1446
"2020-05-11","IE","Ireland","EURO",236,22996,12,1458
"2020-05-12","IE","Ireland","EURO",139,23135,9,1467
"2020-05-13","IE","Ireland","EURO",107,23242,21,1488
"2020-05-14","IE","Ireland","EURO",159,23401,9,1497
"2020-05-15","IE","Ireland","EURO",426,23827,9,1506
"2020-05-16","IE","Ireland","EURO",129,23956,12,1518
"2020-05-17","IE","Ireland","EURO",92,24048,15,1533
"2020-05-18","IE","Ireland","EURO",64,24112,10,1543
"2020-05-19","IE","Ireland","EURO",88,24200,4,1547
"2020-05-20","IE","Ireland","EURO",51,24251,14,1561
"2020-05-21","IE","Ireland","EURO",64,24315,10,1571
"2020-05-22","IE","Ireland","EURO",76,24391,12,1583
"2020-05-23","IE","Ireland","EURO",115,24506,9,1592
"2020-05-24","IE","Ireland","EURO",76,24582,12,1604
"2020-05-25","IE","Ireland","EURO",57,24639,2,1606
"2020-05-26","IE","Ireland","EURO",59,24698,0,1606
"2020-05-27","IE","Ireland","EURO",37,24735,9,1615
"2020-05-28","IE","Ireland","EURO",68,24803,16,1631
"2020-05-29","IE","Ireland","EURO",38,24841,8,1639
"2020-05-30","IE","Ireland","EURO",35,24876,6,1645
"2020-05-31","IE","Ireland","EURO",53,24929,5,1650
"2020-06-01","IE","Ireland","EURO",61,24990,0,1650
"2020-06-02","IE","Ireland","EURO",72,25062,0,1650
"2020-06-03","IE","Ireland","EURO",4,25066,8,1658
"2020-06-04","IE","Ireland","EURO",45,25111,1,1659
"2020-06-05","IE","Ireland","EURO",31,25142,5,1664
"2020-06-06","IE","Ireland","EURO",21,25163,6,1670
"2020-06-07","IE","Ireland","EURO",20,25183,0,1670
"2020-06-08","IE","Ireland","EURO",18,25201,9,1679
"2020-06-09","IE","Ireland","EURO",6,25207,4,1683
"2020-06-10","IE","Ireland","EURO",8,25215,8,1691
"2020-06-11","IE","Ireland","EURO",16,25231,4,1695
"2020-06-12","IE","Ireland","EURO",7,25238,8,1703
"2020-06-13","IE","Ireland","EURO",12,25250,2,1705
"2020-06-14","IE","Ireland","EURO",45,25295,0,1705
"2020-06-15","IE","Ireland","EURO",8,25303,1,1706
"2020-06-16","IE","Ireland","EURO",18,25321,0,1706
"2020-06-17","IE","Ireland","EURO",13,25334,3,1709
"2020-06-18","IE","Ireland","EURO",7,25341,1,1710
"2020-06-19","IE","Ireland","EURO",14,25355,4,1714
"2020-06-20","IE","Ireland","EURO",13,25368,0,1714
"2020-06-21","IE","Ireland","EURO",6,25374,1,1715
"2020-06-22","IE","Ireland","EURO",5,25379,0,1715
"2020-06-23","IE","Ireland","EURO",4,25383,2,1717
"2020-06-24","IE","Ireland","EURO",8,25391,3,1720
"2020-06-25","IE","Ireland","EURO",5,25396,6,1726
"2020-06-26","IE","Ireland","EURO",9,25405,1,1727
"2020-06-27","IE","Ireland","EURO",9,25414,3,1730
"2020-06-28","IE","Ireland","EURO",23,25437,4,1734
"2020-06-29","IE","Ireland","EURO",2,25439,1,1735
"2020-06-30","IE","Ireland","EURO",23,25462,0,1735
"2020-07-01","IE","Ireland","EURO",11,25473,1,1736
"2020-07-02","IE","Ireland","EURO",4,25477,2,1738
"2020-07-03","IE","Ireland","EURO",12,25489,0,1738
"2020-07-04","IE","Ireland","EURO",9,25498,2,1740
"2020-07-05","IE","Ireland","EURO",11,25509,1,1741
"2020-07-06","IE","Ireland","EURO",18,25527,0,1741
"2020-07-07","IE","Ireland","EURO",4,25531,0,1741
"2020-07-08","IE","Ireland","EURO",7,25538,2,1743
"2020-07-09","IE","Ireland","EURO",4,25542,0,1743
"2020-07-10","IE","Ireland","EURO",23,25565,0,1743
"2020-07-11","IE","Ireland","EURO",24,25589,1,1744
"2020-07-12","IE","Ireland","EURO",22,25611,2,1746
"2020-07-13","IE","Ireland","EURO",17,25628,0,1746
"2020-07-14","IE","Ireland","EURO",10,25638,0,1746
"2020-07-15","IE","Ireland","EURO",32,25670,0,1746
"2020-07-16","IE","Ireland","EURO",13,25683,2,1748
"2020-07-17","IE","Ireland","EURO",15,25698,1,1749
"2020-07-18","IE","Ireland","EURO",32,25730,3,1752
"2020-07-19","IE","Ireland","EURO",20,25750,1,1753
"2020-07-20","IE","Ireland","EURO",10,25760,0,1753
"2020-07-21","IE","Ireland","EURO",6,25766,0,1753
"2020-07-22","IE","Ireland","EURO",36,25802,0,1753
"2020-07-23","IE","Ireland","EURO",17,25819,1,1754
"2020-07-24","IE","Ireland","EURO",7,25826,9,1763
"2020-07-25","IE","Ireland","EURO",19,25845,0,1763
"2020-07-26","IE","Ireland","EURO",24,25869,0,1763
"2020-07-27","IE","Ireland","EURO",12,25881,0,1763
"2020-07-28","IE","Ireland","EURO",11,25892,0,1763
"2020-07-29","IE","Ireland","EURO",37,25929,0,1763
"2020-07-30","IE","Ireland","EURO",13,25942,0,1763
"2020-07-31","IE","Ireland","EURO",85,26027,0,1763
"2020-08-01","IE","Ireland","EURO",38,26065,0,1763
"2020-08-02","IE","Ireland","EURO",44,26109,0,1763
"2020-08-03","IE","Ireland","EURO",53,26162,0,1763
"2020-08-04","IE","Ireland","EURO",46,26208,0,1763
"2020-08-05","IE","Ireland","EURO",45,26253,0,1763
"2020-08-06","IE","Ireland","EURO",50,26303,0,1763
"2020-08-07","IE","Ireland","EURO",69,26372,5,1768
"2020-08-08","IE","Ireland","EURO",98,26470,4,1772
"2020-08-09","IE","Ireland","EURO",174,26644,0,1772
"2020-08-10","IE","Ireland","EURO",68,26712,0,1772
"2020-08-11","IE","Ireland","EURO",56,26768,0,1772
"2020-08-12","IE","Ireland","EURO",33,26801,1,1773
"2020-08-13","IE","Ireland","EURO",37,26838,1,1774
"2020-08-14","IE","Ireland","EURO",91,26929,0,1774
"2020-08-15","IE","Ireland","EURO",66,26995,0,1774
"2020-08-16","IE","Ireland","EURO",196,27191,0,1774
"2020-08-17","IE","Ireland","EURO",66,27257,0,1774
"2020-08-18","IE","Ireland","EURO",56,27313,0,1774
"2020-08-19","IE","Ireland","EURO",186,27499,1,1775
"2020-08-20","IE","Ireland","EURO",48,27547,0,1775
"2020-08-21","IE","Ireland","EURO",129,27676,1,1776
"2020-08-22","IE","Ireland","EURO",79,27755,0,1776
"2020-08-23","IE","Ireland","EURO",153,27908,1,1777
"2020-08-24","IE","Ireland","EURO",61,27969,0,1777
"2020-08-25","IE","Ireland","EURO",147,28116,0,1777
"2020-08-26","IE","Ireland","EURO",85,28201,0,1777
"2020-08-27","IE","Ireland","EURO",162,28363,0,1777
"2020-08-28","IE","Ireland","EURO",90,28453,0,1777
"2020-08-29","IE","Ireland","EURO",126,28579,0,1777
"2020-08-30","IE","Ireland","EURO",141,28720,0,1777
"2020-08-31","IE","Ireland","EURO",40,28760,0,1777
"2020-09-01","IE","Ireland","EURO",51,28811,0,1777
"2020-09-02","IE","Ireland","EURO",214,29025,0,1777
"2020-09-03","IE","Ireland","EURO",89,29114,0,1777
"2020-09-04","IE","Ireland","EURO",92,29206,0,1777
"2020-09-05","IE","Ireland","EURO",97,29303,0,1777
"2020-09-06","IE","Ireland","EURO",231,29534,0,1777
"2020-09-07","IE","Ireland","EURO",138,29672,0,1777
"2020-09-08","IE","Ireland","EURO",102,29774,0,1777
"2020-09-09","IE","Ireland","EURO",306,30080,1,1778
"2020-09-10","IE","Ireland","EURO",84,30164,3,1781
"2020-09-11","IE","Ireland","EURO",196,30360,0,1781
"2020-09-12","IE","Ireland","EURO",211,30571,0,1781
"2020-09-13","IE","Ireland","EURO",159,30730,2,1783
"2020-09-14","IE","Ireland","EURO",255,30985,1,1784
"2020-09-15","IE","Ireland","EURO",207,31192,0,1784
"2020-09-16","IE","Ireland","EURO",357,31549,3,1787
"2020-09-17","IE","Ireland","EURO",250,31799,1,1788
"2020-09-18","IE","Ireland","EURO",224,32023,1,1789
"2020-09-19","IE","Ireland","EURO",248,32271,3,1792
"2020-09-20","IE","Ireland","EURO",267,32538,0,1792
"2020-09-21","IE","Ireland","EURO",395,32933,0,1792
"2020-09-22","IE","Ireland","EURO",188,33121,0,1792
"2020-09-23","IE","Ireland","EURO",323,33444,0,1792
"2020-09-24","IE","Ireland","EURO",231,33675,2,1794
"2020-09-25","IE","Ireland","EURO",319,33994,3,1797
"2020-09-26","IE","Ireland","EURO",321,34315,0,1797
"2020-09-27","IE","Ireland","EURO",245,34560,5,1802
"2020-09-28","IE","Ireland","EURO",430,34990,0,1802
"2020-09-29","IE","Ireland","EURO",388,35378,0,1802
"2020-09-30","IE","Ireland","EURO",362,35740,1,1803
"2020-10-01","IE","Ireland","EURO",415,36155,1,1804
"2020-10-02","IE","Ireland","EURO",442,36597,2,1806
"2020-10-03","IE","Ireland","EURO",466,37063,-5,1801
"2020-10-04","IE","Ireland","EURO",605,37668,9,1810
"2020-10-05","IE","Ireland","EURO",364,38032,0,1810
"2020-10-06","IE","Ireland","EURO",519,38551,0,1810
"2020-10-07","IE","Ireland","EURO",424,38975,1,1811
"2020-10-08","IE","Ireland","EURO",609,39584,5,1816
"2020-10-09","IE","Ireland","EURO",502,40086,1,1817
"2020-10-10","IE","Ireland","EURO",617,40703,4,1821
"2020-10-11","IE","Ireland","EURO",1011,41714,0,1821
"2020-10-12","IE","Ireland","EURO",814,42528,5,1826
"2020-10-13","IE","Ireland","EURO",823,43351,1,1827
"2020-10-14","IE","Ireland","EURO",808,44159,3,1830
"2020-10-15","IE","Ireland","EURO",1084,45243,5,1835
"2020-10-16","IE","Ireland","EURO",1186,46429,3,1838
"2020-10-17","IE","Ireland","EURO",998,47427,3,1841
"2020-10-18","IE","Ireland","EURO",1251,48678,8,1849
"2020-10-19","IE","Ireland","EURO",1284,49962,3,1852
"2020-10-20","IE","Ireland","EURO",1031,50993,0,1852
"2020-10-21","IE","Ireland","EURO",1263,52256,13,1865
"2020-10-22","IE","Ireland","EURO",1166,53422,3,1868
"2020-10-23","IE","Ireland","EURO",1054,54476,3,1871
"2020-10-24","IE","Ireland","EURO",785,55261,7,1878
"2020-10-25","IE","Ireland","EURO",847,56108,4,1882
"2020-10-26","IE","Ireland","EURO",1020,57128,0,1882
"2020-10-27","IE","Ireland","EURO",939,58067,3,1885
"2020-10-28","IE","Ireland","EURO",700,58767,5,1890
"2020-10-29","IE","Ireland","EURO",667,59434,6,1896
"2020-10-30","IE","Ireland","EURO",863,60297,6,1902
"2020-10-31","IE","Ireland","EURO",762,61059,6,1908
"2020-11-01","IE","Ireland","EURO",397,61456,5,1913
"2020-11-02","IE","Ireland","EURO",546,62002,2,1915
"2020-11-03","IE","Ireland","EURO",748,62750,2,1917
"2020-11-04","IE","Ireland","EURO",298,63048,5,1922
"2020-11-05","IE","Ireland","EURO",435,63483,8,1930
"2020-11-06","IE","Ireland","EURO",563,64046,3,1933
"2020-11-07","IE","Ireland","EURO",492,64538,7,1940
"2020-11-08","IE","Ireland","EURO",317,64855,5,1945
"2020-11-09","IE","Ireland","EURO",539,65394,2,1947
"2020-11-10","IE","Ireland","EURO",265,65659,1,1948
"2020-11-11","IE","Ireland","EURO",230,65889,15,1963
"2020-11-12","IE","Ireland","EURO",358,66247,2,1965
"2020-11-13","IE","Ireland","EURO",385,66632,0,1965
"2020-11-14","IE","Ireland","EURO",467,67099,7,1972
"2020-11-15","IE","Ireland","EURO",427,67526,6,1978
"2020-11-16","IE","Ireland","EURO",377,67903,1,1979
"2020-11-17","IE","Ireland","EURO",453,68356,5,1984
"2020-11-18","IE","Ireland","EURO",330,68686,11,1995
"2020-11-19","IE","Ireland","EURO",372,69058,11,2006
"2020-11-20","IE","Ireland","EURO",415,69473,4,2010
"2020-11-21","IE","Ireland","EURO",329,69802,8,2018
"2020-11-22","IE","Ireland","EURO",341,70143,4,2022
"2020-11-23","IE","Ireland","EURO",318,70461,0,2022
"2020-11-24","IE","Ireland","EURO",250,70711,0,2022
"2020-11-25","IE","Ireland","EURO",219,70930,6,2028
"2020-11-26","IE","Ireland","EURO",257,71187,5,2033
"2020-11-27","IE","Ireland","EURO",307,71494,3,2036
"2020-11-28","IE","Ireland","EURO",205,71699,7,2043
"2020-11-29","IE","Ireland","EURO",243,71942,7,2050
"2020-11-30","IE","Ireland","EURO",299,72241,2,2052
"2020-12-01","IE","Ireland","EURO",303,72544,1,2053
"2020-12-02","IE","Ireland","EURO",254,72798,16,2069
"2020-12-03","IE","Ireland","EURO",268,73066,5,2074
"2020-12-04","IE","Ireland","EURO",162,73228,6,2080
"2020-12-05","IE","Ireland","EURO",263,73491,6,2086
"2020-12-06","IE","Ireland","EURO",457,73948,11,2097
"2020-12-07","IE","Ireland","EURO",298,74246,0,2097
"2020-12-08","IE","Ireland","EURO",222,74468,0,2097
"2020-12-09","IE","Ireland","EURO",214,74682,0,2097
"2020-12-10","IE","Ireland","EURO",218,74900,5,2102
"2020-12-11","IE","Ireland","EURO",303,75203,15,2117
"2020-12-12","IE","Ireland","EURO",304,75507,3,2120
