"Fecha_de_reporte","Codigo_pais","Paises","Region","Casos_nuevos","Casos_acumulados","defunciones_nuevas","defunciones_acumuladas"
"2020-01-03","JM","Jamaica","AMRO",0,0,0,0
"2020-01-04","JM","Jamaica","AMRO",0,0,0,0
"2020-01-05","JM","Jamaica","AMRO",0,0,0,0
"2020-01-06","JM","Jamaica","AMRO",0,0,0,0
"2020-01-07","JM","Jamaica","AMRO",0,0,0,0
"2020-01-08","JM","Jamaica","AMRO",0,0,0,0
"2020-01-09","JM","Jamaica","AMRO",0,0,0,0
"2020-01-10","JM","Jamaica","AMRO",0,0,0,0
"2020-01-11","JM","Jamaica","AMRO",0,0,0,0
"2020-01-12","JM","Jamaica","AMRO",0,0,0,0
"2020-01-13","JM","Jamaica","AMRO",0,0,0,0
"2020-01-14","JM","Jamaica","AMRO",0,0,0,0
"2020-01-15","JM","Jamaica","AMRO",0,0,0,0
"2020-01-16","JM","Jamaica","AMRO",0,0,0,0
"2020-01-17","JM","Jamaica","AMRO",0,0,0,0
"2020-01-18","JM","Jamaica","AMRO",0,0,0,0
"2020-01-19","JM","Jamaica","AMRO",0,0,0,0
"2020-01-20","JM","Jamaica","AMRO",0,0,0,0
"2020-01-21","JM","Jamaica","AMRO",0,0,0,0
"2020-01-22","JM","Jamaica","AMRO",0,0,0,0
"2020-01-23","JM","Jamaica","AMRO",0,0,0,0
"2020-01-24","JM","Jamaica","AMRO",0,0,0,0
"2020-01-25","JM","Jamaica","AMRO",0,0,0,0
"2020-01-26","JM","Jamaica","AMRO",0,0,0,0
"2020-01-27","JM","Jamaica","AMRO",0,0,0,0
"2020-01-28","JM","Jamaica","AMRO",0,0,0,0
"2020-01-29","JM","Jamaica","AMRO",0,0,0,0
"2020-01-30","JM","Jamaica","AMRO",0,0,0,0
"2020-01-31","JM","Jamaica","AMRO",0,0,0,0
"2020-02-01","JM","Jamaica","AMRO",0,0,0,0
"2020-02-02","JM","Jamaica","AMRO",0,0,0,0
"2020-02-03","JM","Jamaica","AMRO",0,0,0,0
"2020-02-04","JM","Jamaica","AMRO",0,0,0,0
"2020-02-05","JM","Jamaica","AMRO",0,0,0,0
"2020-02-06","JM","Jamaica","AMRO",0,0,0,0
"2020-02-07","JM","Jamaica","AMRO",0,0,0,0
"2020-02-08","JM","Jamaica","AMRO",0,0,0,0
"2020-02-09","JM","Jamaica","AMRO",0,0,0,0
"2020-02-10","JM","Jamaica","AMRO",0,0,0,0
"2020-02-11","JM","Jamaica","AMRO",0,0,0,0
"2020-02-12","JM","Jamaica","AMRO",0,0,0,0
"2020-02-13","JM","Jamaica","AMRO",0,0,0,0
"2020-02-14","JM","Jamaica","AMRO",0,0,0,0
"2020-02-15","JM","Jamaica","AMRO",0,0,0,0
"2020-02-16","JM","Jamaica","AMRO",0,0,0,0
"2020-02-17","JM","Jamaica","AMRO",0,0,0,0
"2020-02-18","JM","Jamaica","AMRO",0,0,0,0
"2020-02-19","JM","Jamaica","AMRO",0,0,0,0
"2020-02-20","JM","Jamaica","AMRO",0,0,0,0
"2020-02-21","JM","Jamaica","AMRO",0,0,0,0
"2020-02-22","JM","Jamaica","AMRO",0,0,0,0
"2020-02-23","JM","Jamaica","AMRO",0,0,0,0
"2020-02-24","JM","Jamaica","AMRO",0,0,0,0
"2020-02-25","JM","Jamaica","AMRO",0,0,0,0
"2020-02-26","JM","Jamaica","AMRO",0,0,0,0
"2020-02-27","JM","Jamaica","AMRO",0,0,0,0
"2020-02-28","JM","Jamaica","AMRO",0,0,0,0
"2020-02-29","JM","Jamaica","AMRO",0,0,0,0
"2020-03-01","JM","Jamaica","AMRO",0,0,0,0
"2020-03-02","JM","Jamaica","AMRO",0,0,0,0
"2020-03-03","JM","Jamaica","AMRO",0,0,0,0
"2020-03-04","JM","Jamaica","AMRO",0,0,0,0
"2020-03-05","JM","Jamaica","AMRO",0,0,0,0
"2020-03-06","JM","Jamaica","AMRO",0,0,0,0
"2020-03-07","JM","Jamaica","AMRO",0,0,0,0
"2020-03-08","JM","Jamaica","AMRO",0,0,0,0
"2020-03-09","JM","Jamaica","AMRO",0,0,0,0
"2020-03-10","JM","Jamaica","AMRO",5,5,0,0
"2020-03-11","JM","Jamaica","AMRO",0,5,0,0
"2020-03-12","JM","Jamaica","AMRO",0,5,0,0
"2020-03-13","JM","Jamaica","AMRO",1,6,0,0
"2020-03-14","JM","Jamaica","AMRO",6,12,0,0
"2020-03-15","JM","Jamaica","AMRO",0,12,0,0
"2020-03-16","JM","Jamaica","AMRO",2,14,0,0
"2020-03-17","JM","Jamaica","AMRO",2,16,0,0
"2020-03-18","JM","Jamaica","AMRO",1,17,0,0
"2020-03-19","JM","Jamaica","AMRO",-2,15,1,1
"2020-03-20","JM","Jamaica","AMRO",1,16,0,1
"2020-03-21","JM","Jamaica","AMRO",0,16,0,1
"2020-03-22","JM","Jamaica","AMRO",0,16,0,1
"2020-03-23","JM","Jamaica","AMRO",3,19,0,1
"2020-03-24","JM","Jamaica","AMRO",2,21,0,1
"2020-03-25","JM","Jamaica","AMRO",0,21,0,1
"2020-03-26","JM","Jamaica","AMRO",5,26,0,1
"2020-03-27","JM","Jamaica","AMRO",0,26,0,1
"2020-03-28","JM","Jamaica","AMRO",0,26,0,1
"2020-03-29","JM","Jamaica","AMRO",4,30,0,1
"2020-03-30","JM","Jamaica","AMRO",2,32,0,1
"2020-03-31","JM","Jamaica","AMRO",4,36,0,1
"2020-04-01","JM","Jamaica","AMRO",0,36,0,1
"2020-04-02","JM","Jamaica","AMRO",2,38,0,1
"2020-04-03","JM","Jamaica","AMRO",6,44,2,3
"2020-04-04","JM","Jamaica","AMRO",3,47,0,3
"2020-04-05","JM","Jamaica","AMRO",6,53,0,3
"2020-04-06","JM","Jamaica","AMRO",2,55,0,3
"2020-04-07","JM","Jamaica","AMRO",3,58,0,3
"2020-04-08","JM","Jamaica","AMRO",1,59,0,3
"2020-04-09","JM","Jamaica","AMRO",4,63,0,3
"2020-04-10","JM","Jamaica","AMRO",0,63,1,4
"2020-04-11","JM","Jamaica","AMRO",0,63,0,4
"2020-04-12","JM","Jamaica","AMRO",2,65,0,4
"2020-04-13","JM","Jamaica","AMRO",4,69,0,4
"2020-04-14","JM","Jamaica","AMRO",3,72,0,4
"2020-04-15","JM","Jamaica","AMRO",1,73,0,4
"2020-04-16","JM","Jamaica","AMRO",32,105,1,5
"2020-04-17","JM","Jamaica","AMRO",20,125,0,5
"2020-04-18","JM","Jamaica","AMRO",18,143,0,5
"2020-04-19","JM","Jamaica","AMRO",20,163,0,5
"2020-04-20","JM","Jamaica","AMRO",10,173,0,5
"2020-04-21","JM","Jamaica","AMRO",23,196,0,5
"2020-04-22","JM","Jamaica","AMRO",27,223,1,6
"2020-04-23","JM","Jamaica","AMRO",10,233,0,6
"2020-04-24","JM","Jamaica","AMRO",10,243,0,6
"2020-04-25","JM","Jamaica","AMRO",14,257,1,7
"2020-04-26","JM","Jamaica","AMRO",31,288,0,7
"2020-04-27","JM","Jamaica","AMRO",17,305,0,7
"2020-04-28","JM","Jamaica","AMRO",0,305,0,7
"2020-04-29","JM","Jamaica","AMRO",59,364,0,7
"2020-04-30","JM","Jamaica","AMRO",17,381,0,7
"2020-05-01","JM","Jamaica","AMRO",15,396,0,7
"2020-05-02","JM","Jamaica","AMRO",26,422,1,8
"2020-05-03","JM","Jamaica","AMRO",10,432,0,8
"2020-05-04","JM","Jamaica","AMRO",31,463,0,8
"2020-05-05","JM","Jamaica","AMRO",6,469,1,9
"2020-05-06","JM","Jamaica","AMRO",2,471,0,9
"2020-05-07","JM","Jamaica","AMRO",2,473,0,9
"2020-05-08","JM","Jamaica","AMRO",5,478,0,9
"2020-05-09","JM","Jamaica","AMRO",10,488,0,9
"2020-05-10","JM","Jamaica","AMRO",2,490,0,9
"2020-05-11","JM","Jamaica","AMRO",8,498,0,9
"2020-05-12","JM","Jamaica","AMRO",4,502,0,9
"2020-05-13","JM","Jamaica","AMRO",3,505,0,9
"2020-05-14","JM","Jamaica","AMRO",2,507,0,9
"2020-05-15","JM","Jamaica","AMRO",2,509,0,9
"2020-05-16","JM","Jamaica","AMRO",0,509,0,9
"2020-05-17","JM","Jamaica","AMRO",2,511,0,9
"2020-05-18","JM","Jamaica","AMRO",6,517,0,9
"2020-05-19","JM","Jamaica","AMRO",3,520,0,9
"2020-05-20","JM","Jamaica","AMRO",0,520,0,9
"2020-05-21","JM","Jamaica","AMRO",0,520,0,9
"2020-05-22","JM","Jamaica","AMRO",9,529,0,9
"2020-05-23","JM","Jamaica","AMRO",5,534,0,9
"2020-05-24","JM","Jamaica","AMRO",10,544,0,9
"2020-05-25","JM","Jamaica","AMRO",6,550,0,9
"2020-05-26","JM","Jamaica","AMRO",2,552,0,9
"2020-05-27","JM","Jamaica","AMRO",4,556,0,9
"2020-05-28","JM","Jamaica","AMRO",8,564,0,9
"2020-05-29","JM","Jamaica","AMRO",5,569,0,9
"2020-05-30","JM","Jamaica","AMRO",0,569,0,9
"2020-05-31","JM","Jamaica","AMRO",6,575,0,9
"2020-06-01","JM","Jamaica","AMRO",6,581,0,9
"2020-06-02","JM","Jamaica","AMRO",0,581,0,9
"2020-06-03","JM","Jamaica","AMRO",7,588,0,9
"2020-06-04","JM","Jamaica","AMRO",2,590,0,9
"2020-06-05","JM","Jamaica","AMRO",0,590,0,9
"2020-06-06","JM","Jamaica","AMRO",1,591,1,10
"2020-06-07","JM","Jamaica","AMRO",4,595,0,10
"2020-06-08","JM","Jamaica","AMRO",1,596,0,10
"2020-06-09","JM","Jamaica","AMRO",2,598,0,10
"2020-06-10","JM","Jamaica","AMRO",0,598,0,10
"2020-06-11","JM","Jamaica","AMRO",0,598,0,10
"2020-06-12","JM","Jamaica","AMRO",0,598,0,10
"2020-06-13","JM","Jamaica","AMRO",13,611,0,10
"2020-06-14","JM","Jamaica","AMRO",3,614,0,10
"2020-06-15","JM","Jamaica","AMRO",1,615,0,10
"2020-06-16","JM","Jamaica","AMRO",2,617,0,10
"2020-06-17","JM","Jamaica","AMRO",4,621,0,10
"2020-06-18","JM","Jamaica","AMRO",0,621,0,10
"2020-06-19","JM","Jamaica","AMRO",5,626,0,10
"2020-06-20","JM","Jamaica","AMRO",12,638,0,10
"2020-06-21","JM","Jamaica","AMRO",14,652,0,10
"2020-06-22","JM","Jamaica","AMRO",5,657,0,10
"2020-06-23","JM","Jamaica","AMRO",2,659,0,10
"2020-06-24","JM","Jamaica","AMRO",6,665,0,10
"2020-06-25","JM","Jamaica","AMRO",5,670,0,10
"2020-06-26","JM","Jamaica","AMRO",8,678,0,10
"2020-06-27","JM","Jamaica","AMRO",6,684,0,10
"2020-06-28","JM","Jamaica","AMRO",2,686,0,10
"2020-06-29","JM","Jamaica","AMRO",0,686,0,10
"2020-06-30","JM","Jamaica","AMRO",10,696,0,10
"2020-07-01","JM","Jamaica","AMRO",2,698,0,10
"2020-07-02","JM","Jamaica","AMRO",4,702,0,10
"2020-07-03","JM","Jamaica","AMRO",5,707,0,10
"2020-07-04","JM","Jamaica","AMRO",8,715,0,10
"2020-07-05","JM","Jamaica","AMRO",6,721,0,10
"2020-07-06","JM","Jamaica","AMRO",7,728,0,10
"2020-07-07","JM","Jamaica","AMRO",4,732,0,10
"2020-07-08","JM","Jamaica","AMRO",5,737,0,10
"2020-07-09","JM","Jamaica","AMRO",8,745,0,10
"2020-07-10","JM","Jamaica","AMRO",6,751,0,10
"2020-07-11","JM","Jamaica","AMRO",2,753,0,10
"2020-07-12","JM","Jamaica","AMRO",0,753,0,10
"2020-07-13","JM","Jamaica","AMRO",5,758,0,10
"2020-07-14","JM","Jamaica","AMRO",0,758,0,10
"2020-07-15","JM","Jamaica","AMRO",1,759,0,10
"2020-07-16","JM","Jamaica","AMRO",3,762,0,10
"2020-07-17","JM","Jamaica","AMRO",1,763,0,10
"2020-07-18","JM","Jamaica","AMRO",2,765,0,10
"2020-07-19","JM","Jamaica","AMRO",3,768,0,10
"2020-07-20","JM","Jamaica","AMRO",6,774,0,10
"2020-07-21","JM","Jamaica","AMRO",16,790,0,10
"2020-07-22","JM","Jamaica","AMRO",19,809,0,10
"2020-07-23","JM","Jamaica","AMRO",1,810,0,10
"2020-07-24","JM","Jamaica","AMRO",6,816,0,10
"2020-07-25","JM","Jamaica","AMRO",5,821,0,10
"2020-07-26","JM","Jamaica","AMRO",10,831,0,10
"2020-07-27","JM","Jamaica","AMRO",6,837,0,10
"2020-07-28","JM","Jamaica","AMRO",5,842,0,10
"2020-07-29","JM","Jamaica","AMRO",11,853,0,10
"2020-07-30","JM","Jamaica","AMRO",2,855,0,10
"2020-07-31","JM","Jamaica","AMRO",1,856,0,10
"2020-08-01","JM","Jamaica","AMRO",8,864,0,10
"2020-08-02","JM","Jamaica","AMRO",14,878,0,10
"2020-08-03","JM","Jamaica","AMRO",5,883,0,10
"2020-08-04","JM","Jamaica","AMRO",11,894,2,12
"2020-08-05","JM","Jamaica","AMRO",11,905,0,12
"2020-08-06","JM","Jamaica","AMRO",15,920,0,12
"2020-08-07","JM","Jamaica","AMRO",8,928,0,12
"2020-08-08","JM","Jamaica","AMRO",30,958,0,12
"2020-08-09","JM","Jamaica","AMRO",29,987,0,12
"2020-08-10","JM","Jamaica","AMRO",16,1003,0,12
"2020-08-11","JM","Jamaica","AMRO",20,1023,2,14
"2020-08-12","JM","Jamaica","AMRO",8,1031,0,14
"2020-08-13","JM","Jamaica","AMRO",16,1047,0,14
"2020-08-14","JM","Jamaica","AMRO",18,1065,0,14
"2020-08-15","JM","Jamaica","AMRO",6,1071,0,14
"2020-08-16","JM","Jamaica","AMRO",11,1082,0,14
"2020-08-17","JM","Jamaica","AMRO",24,1106,0,14
"2020-08-18","JM","Jamaica","AMRO",7,1113,0,14
"2020-08-19","JM","Jamaica","AMRO",16,1129,0,14
"2020-08-20","JM","Jamaica","AMRO",17,1146,0,14
"2020-08-21","JM","Jamaica","AMRO",46,1192,0,14
"2020-08-22","JM","Jamaica","AMRO",98,1290,1,15
"2020-08-23","JM","Jamaica","AMRO",56,1346,1,16
"2020-08-24","JM","Jamaica","AMRO",67,1413,0,16
"2020-08-25","JM","Jamaica","AMRO",116,1529,0,16
"2020-08-26","JM","Jamaica","AMRO",83,1612,0,16
"2020-08-27","JM","Jamaica","AMRO",120,1732,3,19
"2020-08-28","JM","Jamaica","AMRO",72,1804,0,19
"2020-08-29","JM","Jamaica","AMRO",66,1870,0,19
"2020-08-30","JM","Jamaica","AMRO",141,2011,0,19
"2020-08-31","JM","Jamaica","AMRO",102,2113,0,19
"2020-09-01","JM","Jamaica","AMRO",244,2357,2,21
"2020-09-02","JM","Jamaica","AMRO",102,2459,0,21
"2020-09-03","JM","Jamaica","AMRO",224,2683,3,24
"2020-09-04","JM","Jamaica","AMRO",140,2823,3,27
"2020-09-05","JM","Jamaica","AMRO",73,2896,2,29
"2020-09-06","JM","Jamaica","AMRO",68,2964,1,30
"2020-09-07","JM","Jamaica","AMRO",60,3024,2,32
"2020-09-08","JM","Jamaica","AMRO",79,3103,1,33
"2020-09-09","JM","Jamaica","AMRO",80,3183,1,34
"2020-09-10","JM","Jamaica","AMRO",140,3323,2,36
"2020-09-11","JM","Jamaica","AMRO",114,3437,2,38
"2020-09-12","JM","Jamaica","AMRO",74,3511,2,40
"2020-09-13","JM","Jamaica","AMRO",0,3511,0,40
"2020-09-14","JM","Jamaica","AMRO",260,3771,2,42
"2020-09-15","JM","Jamaica","AMRO",162,3933,2,44
"2020-09-16","JM","Jamaica","AMRO",109,4042,2,46
"2020-09-17","JM","Jamaica","AMRO",122,4164,0,46
"2020-09-18","JM","Jamaica","AMRO",210,4374,5,51
"2020-09-19","JM","Jamaica","AMRO",197,4571,4,55
"2020-09-20","JM","Jamaica","AMRO",187,4758,5,60
"2020-09-21","JM","Jamaica","AMRO",230,4988,7,67
"2020-09-22","JM","Jamaica","AMRO",155,5143,3,70
"2020-09-23","JM","Jamaica","AMRO",127,5270,5,75
"2020-09-24","JM","Jamaica","AMRO",125,5395,1,76
"2020-09-25","JM","Jamaica","AMRO",193,5588,1,77
"2020-09-26","JM","Jamaica","AMRO",135,5723,3,80
"2020-09-27","JM","Jamaica","AMRO",131,5854,8,88
"2020-09-28","JM","Jamaica","AMRO",163,6017,1,89
"2020-09-29","JM","Jamaica","AMRO",153,6170,4,93
"2020-09-30","JM","Jamaica","AMRO",238,6408,8,101
"2020-10-01","JM","Jamaica","AMRO",74,6482,6,107
"2020-10-02","JM","Jamaica","AMRO",73,6555,4,111
"2020-10-03","JM","Jamaica","AMRO",149,6704,5,116
"2020-10-04","JM","Jamaica","AMRO",91,6795,3,119
"2020-10-05","JM","Jamaica","AMRO",100,6895,1,120
"2020-10-06","JM","Jamaica","AMRO",117,7012,0,120
"2020-10-07","JM","Jamaica","AMRO",97,7109,3,123
"2020-10-08","JM","Jamaica","AMRO",82,7191,3,126
"2020-10-09","JM","Jamaica","AMRO",82,7273,2,128
"2020-10-10","JM","Jamaica","AMRO",90,7363,4,132
"2020-10-11","JM","Jamaica","AMRO",196,7559,6,138
"2020-10-12","JM","Jamaica","AMRO",159,7718,1,139
"2020-10-13","JM","Jamaica","AMRO",95,7813,7,146
"2020-10-14","JM","Jamaica","AMRO",97,7910,0,146
"2020-10-15","JM","Jamaica","AMRO",79,7989,5,151
"2020-10-16","JM","Jamaica","AMRO",78,8067,9,160
"2020-10-17","JM","Jamaica","AMRO",65,8132,2,162
"2020-10-18","JM","Jamaica","AMRO",63,8195,6,168
"2020-10-19","JM","Jamaica","AMRO",79,8274,3,171
"2020-10-20","JM","Jamaica","AMRO",47,8321,2,173
"2020-10-21","JM","Jamaica","AMRO",53,8374,1,174
"2020-10-22","JM","Jamaica","AMRO",71,8445,0,174
"2020-10-23","JM","Jamaica","AMRO",155,8600,5,179
"2020-10-24","JM","Jamaica","AMRO",38,8638,3,182
"2020-10-25","JM","Jamaica","AMRO",32,8670,4,186
"2020-10-26","JM","Jamaica","AMRO",44,8714,2,188
"2020-10-27","JM","Jamaica","AMRO",35,8749,4,192
"2020-10-28","JM","Jamaica","AMRO",38,8787,4,196
"2020-10-29","JM","Jamaica","AMRO",64,8851,2,198
"2020-10-30","JM","Jamaica","AMRO",76,8927,4,202
"2020-10-31","JM","Jamaica","AMRO",78,9005,3,205
"2020-11-01","JM","Jamaica","AMRO",89,9094,1,206
"2020-11-02","JM","Jamaica","AMRO",37,9131,3,209
"2020-11-03","JM","Jamaica","AMRO",126,9257,1,210
"2020-11-04","JM","Jamaica","AMRO",39,9296,4,214
"2020-11-05","JM","Jamaica","AMRO",30,9326,1,215
"2020-11-06","JM","Jamaica","AMRO",47,9373,2,217
"2020-11-07","JM","Jamaica","AMRO",53,9426,1,218
"2020-11-08","JM","Jamaica","AMRO",46,9472,0,218
"2020-11-09","JM","Jamaica","AMRO",34,9506,3,221
"2020-11-10","JM","Jamaica","AMRO",36,9542,0,221
"2020-11-11","JM","Jamaica","AMRO",31,9573,3,224
"2020-11-12","JM","Jamaica","AMRO",8,9581,1,225
"2020-11-13","JM","Jamaica","AMRO",53,9634,0,225
"2020-11-14","JM","Jamaica","AMRO",89,9723,2,227
"2020-11-15","JM","Jamaica","AMRO",57,9780,2,229
"2020-11-16","JM","Jamaica","AMRO",104,9884,2,231
"2020-11-17","JM","Jamaica","AMRO",45,9929,0,231
"2020-11-18","JM","Jamaica","AMRO",30,9959,0,231
"2020-11-19","JM","Jamaica","AMRO",60,10019,2,233
"2020-11-20","JM","Jamaica","AMRO",69,10088,2,235
"2020-11-21","JM","Jamaica","AMRO",63,10151,0,235
"2020-11-22","JM","Jamaica","AMRO",89,10240,2,237
"2020-11-23","JM","Jamaica","AMRO",44,10284,1,238
"2020-11-24","JM","Jamaica","AMRO",59,10343,1,239
"2020-11-25","JM","Jamaica","AMRO",79,10422,4,243
"2020-11-26","JM","Jamaica","AMRO",66,10488,4,247
"2020-11-27","JM","Jamaica","AMRO",53,10541,1,248
"2020-11-28","JM","Jamaica","AMRO",59,10600,2,250
"2020-11-29","JM","Jamaica","AMRO",69,10669,1,251
"2020-11-30","JM","Jamaica","AMRO",40,10709,5,256
"2020-12-01","JM","Jamaica","AMRO",54,10763,1,257
"2020-12-02","JM","Jamaica","AMRO",47,10810,1,258
"2020-12-03","JM","Jamaica","AMRO",54,10864,0,258
"2020-12-04","JM","Jamaica","AMRO",47,10911,1,259
"2020-12-05","JM","Jamaica","AMRO",76,10987,1,260
"2020-12-06","JM","Jamaica","AMRO",76,11063,1,261
"2020-12-07","JM","Jamaica","AMRO",57,11120,4,265
"2020-12-08","JM","Jamaica","AMRO",64,11184,0,265
"2020-12-09","JM","Jamaica","AMRO",87,11271,0,265
"2020-12-10","JM","Jamaica","AMRO",98,11369,1,266
"2020-12-11","JM","Jamaica","AMRO",74,11443,4,270
"2020-12-12","JM","Jamaica","AMRO",66,11509,0,270
