"Fecha_de_reporte","Codigo_pais","Paises","Region","Casos_nuevos","Casos_acumulados","defunciones_nuevas","defunciones_acumuladas"
"2020-01-03","KZ","Kazakhstan","EURO",0,0,0,0
"2020-01-04","KZ","Kazakhstan","EURO",0,0,0,0
"2020-01-05","KZ","Kazakhstan","EURO",0,0,0,0
"2020-01-06","KZ","Kazakhstan","EURO",0,0,0,0
"2020-01-07","KZ","Kazakhstan","EURO",0,0,0,0
"2020-01-08","KZ","Kazakhstan","EURO",0,0,0,0
"2020-01-09","KZ","Kazakhstan","EURO",0,0,0,0
"2020-01-10","KZ","Kazakhstan","EURO",0,0,0,0
"2020-01-11","KZ","Kazakhstan","EURO",0,0,0,0
"2020-01-12","KZ","Kazakhstan","EURO",0,0,0,0
"2020-01-13","KZ","Kazakhstan","EURO",0,0,0,0
"2020-01-14","KZ","Kazakhstan","EURO",0,0,0,0
"2020-01-15","KZ","Kazakhstan","EURO",0,0,0,0
"2020-01-16","KZ","Kazakhstan","EURO",0,0,0,0
"2020-01-17","KZ","Kazakhstan","EURO",0,0,0,0
"2020-01-18","KZ","Kazakhstan","EURO",0,0,0,0
"2020-01-19","KZ","Kazakhstan","EURO",0,0,0,0
"2020-01-20","KZ","Kazakhstan","EURO",0,0,0,0
"2020-01-21","KZ","Kazakhstan","EURO",0,0,0,0
"2020-01-22","KZ","Kazakhstan","EURO",0,0,0,0
"2020-01-23","KZ","Kazakhstan","EURO",0,0,0,0
"2020-01-24","KZ","Kazakhstan","EURO",0,0,0,0
"2020-01-25","KZ","Kazakhstan","EURO",0,0,0,0
"2020-01-26","KZ","Kazakhstan","EURO",0,0,0,0
"2020-01-27","KZ","Kazakhstan","EURO",0,0,0,0
"2020-01-28","KZ","Kazakhstan","EURO",0,0,0,0
"2020-01-29","KZ","Kazakhstan","EURO",0,0,0,0
"2020-01-30","KZ","Kazakhstan","EURO",0,0,0,0
"2020-01-31","KZ","Kazakhstan","EURO",0,0,0,0
"2020-02-01","KZ","Kazakhstan","EURO",0,0,0,0
"2020-02-02","KZ","Kazakhstan","EURO",0,0,0,0
"2020-02-03","KZ","Kazakhstan","EURO",0,0,0,0
"2020-02-04","KZ","Kazakhstan","EURO",0,0,0,0
"2020-02-05","KZ","Kazakhstan","EURO",0,0,0,0
"2020-02-06","KZ","Kazakhstan","EURO",0,0,0,0
"2020-02-07","KZ","Kazakhstan","EURO",0,0,0,0
"2020-02-08","KZ","Kazakhstan","EURO",0,0,0,0
"2020-02-09","KZ","Kazakhstan","EURO",0,0,0,0
"2020-02-10","KZ","Kazakhstan","EURO",0,0,0,0
"2020-02-11","KZ","Kazakhstan","EURO",0,0,0,0
"2020-02-12","KZ","Kazakhstan","EURO",0,0,0,0
"2020-02-13","KZ","Kazakhstan","EURO",0,0,0,0
"2020-02-14","KZ","Kazakhstan","EURO",0,0,0,0
"2020-02-15","KZ","Kazakhstan","EURO",0,0,0,0
"2020-02-16","KZ","Kazakhstan","EURO",0,0,0,0
"2020-02-17","KZ","Kazakhstan","EURO",0,0,0,0
"2020-02-18","KZ","Kazakhstan","EURO",0,0,0,0
"2020-02-19","KZ","Kazakhstan","EURO",0,0,0,0
"2020-02-20","KZ","Kazakhstan","EURO",0,0,0,0
"2020-02-21","KZ","Kazakhstan","EURO",0,0,0,0
"2020-02-22","KZ","Kazakhstan","EURO",0,0,0,0
"2020-02-23","KZ","Kazakhstan","EURO",0,0,0,0
"2020-02-24","KZ","Kazakhstan","EURO",0,0,0,0
"2020-02-25","KZ","Kazakhstan","EURO",0,0,0,0
"2020-02-26","KZ","Kazakhstan","EURO",0,0,0,0
"2020-02-27","KZ","Kazakhstan","EURO",0,0,0,0
"2020-02-28","KZ","Kazakhstan","EURO",0,0,0,0
"2020-02-29","KZ","Kazakhstan","EURO",0,0,0,0
"2020-03-01","KZ","Kazakhstan","EURO",0,0,0,0
"2020-03-02","KZ","Kazakhstan","EURO",0,0,0,0
"2020-03-03","KZ","Kazakhstan","EURO",0,0,0,0
"2020-03-04","KZ","Kazakhstan","EURO",0,0,0,0
"2020-03-05","KZ","Kazakhstan","EURO",0,0,0,0
"2020-03-06","KZ","Kazakhstan","EURO",0,0,0,0
"2020-03-07","KZ","Kazakhstan","EURO",0,0,0,0
"2020-03-08","KZ","Kazakhstan","EURO",0,0,0,0
"2020-03-09","KZ","Kazakhstan","EURO",0,0,0,0
"2020-03-10","KZ","Kazakhstan","EURO",0,0,0,0
"2020-03-11","KZ","Kazakhstan","EURO",0,0,0,0
"2020-03-12","KZ","Kazakhstan","EURO",0,0,0,0
"2020-03-13","KZ","Kazakhstan","EURO",2,2,0,0
"2020-03-14","KZ","Kazakhstan","EURO",4,6,0,0
"2020-03-15","KZ","Kazakhstan","EURO",0,6,0,0
"2020-03-16","KZ","Kazakhstan","EURO",0,6,0,0
"2020-03-17","KZ","Kazakhstan","EURO",27,33,0,0
"2020-03-18","KZ","Kazakhstan","EURO",2,35,0,0
"2020-03-19","KZ","Kazakhstan","EURO",11,46,0,0
"2020-03-20","KZ","Kazakhstan","EURO",7,53,0,0
"2020-03-21","KZ","Kazakhstan","EURO",4,57,0,0
"2020-03-22","KZ","Kazakhstan","EURO",5,62,0,0
"2020-03-23","KZ","Kazakhstan","EURO",10,72,0,0
"2020-03-24","KZ","Kazakhstan","EURO",10,82,0,0
"2020-03-25","KZ","Kazakhstan","EURO",15,97,0,0
"2020-03-26","KZ","Kazakhstan","EURO",53,150,0,0
"2020-03-27","KZ","Kazakhstan","EURO",78,228,1,1
"2020-03-28","KZ","Kazakhstan","EURO",56,284,0,1
"2020-03-29","KZ","Kazakhstan","EURO",28,312,0,1
"2020-03-30","KZ","Kazakhstan","EURO",0,312,0,1
"2020-03-31","KZ","Kazakhstan","EURO",36,348,1,2
"2020-04-01","KZ","Kazakhstan","EURO",38,386,1,3
"2020-04-02","KZ","Kazakhstan","EURO",49,435,0,3
"2020-04-03","KZ","Kazakhstan","EURO",25,460,0,3
"2020-04-04","KZ","Kazakhstan","EURO",71,531,2,5
"2020-04-05","KZ","Kazakhstan","EURO",73,604,0,5
"2020-04-06","KZ","Kazakhstan","EURO",66,670,1,6
"2020-04-07","KZ","Kazakhstan","EURO",39,709,0,6
"2020-04-08","KZ","Kazakhstan","EURO",18,727,1,7
"2020-04-09","KZ","Kazakhstan","EURO",75,802,2,9
"2020-04-10","KZ","Kazakhstan","EURO",57,859,1,10
"2020-04-11","KZ","Kazakhstan","EURO",38,897,0,10
"2020-04-12","KZ","Kazakhstan","EURO",82,979,2,12
"2020-04-13","KZ","Kazakhstan","EURO",112,1091,0,12
"2020-04-14","KZ","Kazakhstan","EURO",184,1275,0,12
"2020-04-15","KZ","Kazakhstan","EURO",20,1295,4,16
"2020-04-16","KZ","Kazakhstan","EURO",185,1480,0,16
"2020-04-17","KZ","Kazakhstan","EURO",66,1546,1,17
"2020-04-18","KZ","Kazakhstan","EURO",81,1627,2,19
"2020-04-19","KZ","Kazakhstan","EURO",141,1768,0,19
"2020-04-20","KZ","Kazakhstan","EURO",84,1852,0,19
"2020-04-21","KZ","Kazakhstan","EURO",143,1995,0,19
"2020-04-22","KZ","Kazakhstan","EURO",30,2025,0,19
"2020-04-23","KZ","Kazakhstan","EURO",0,2025,0,19
"2020-04-24","KZ","Kazakhstan","EURO",391,2416,6,25
"2020-04-25","KZ","Kazakhstan","EURO",185,2601,0,25
"2020-04-26","KZ","Kazakhstan","EURO",190,2791,0,25
"2020-04-27","KZ","Kazakhstan","EURO",191,2982,0,25
"2020-04-28","KZ","Kazakhstan","EURO",96,3078,0,25
"2020-04-29","KZ","Kazakhstan","EURO",255,3333,0,25
"2020-04-30","KZ","Kazakhstan","EURO",218,3551,0,25
"2020-05-01","KZ","Kazakhstan","EURO",234,3785,0,25
"2020-05-02","KZ","Kazakhstan","EURO",92,3877,1,26
"2020-05-03","KZ","Kazakhstan","EURO",111,3988,1,27
"2020-05-04","KZ","Kazakhstan","EURO",172,4160,2,29
"2020-05-05","KZ","Kazakhstan","EURO",138,4298,0,29
"2020-05-06","KZ","Kazakhstan","EURO",211,4509,1,30
"2020-05-07","KZ","Kazakhstan","EURO",69,4578,0,30
"2020-05-08","KZ","Kazakhstan","EURO",344,4922,1,31
"2020-05-09","KZ","Kazakhstan","EURO",134,5056,0,31
"2020-05-10","KZ","Kazakhstan","EURO",82,5138,0,31
"2020-05-11","KZ","Kazakhstan","EURO",69,5207,1,32
"2020-05-12","KZ","Kazakhstan","EURO",210,5417,0,32
"2020-05-13","KZ","Kazakhstan","EURO",154,5571,1,33
"2020-05-14","KZ","Kazakhstan","EURO",118,5689,1,34
"2020-05-15","KZ","Kazakhstan","EURO",161,5850,0,34
"2020-05-16","KZ","Kazakhstan","EURO",307,6157,0,34
"2020-05-17","KZ","Kazakhstan","EURO",283,6440,0,34
"2020-05-18","KZ","Kazakhstan","EURO",311,6751,1,35
"2020-05-19","KZ","Kazakhstan","EURO",218,6969,0,35
"2020-05-20","KZ","Kazakhstan","EURO",265,7234,0,35
"2020-05-21","KZ","Kazakhstan","EURO",363,7597,0,35
"2020-05-22","KZ","Kazakhstan","EURO",322,7919,0,35
"2020-05-23","KZ","Kazakhstan","EURO",403,8322,0,35
"2020-05-24","KZ","Kazakhstan","EURO",209,8531,0,35
"2020-05-25","KZ","Kazakhstan","EURO",438,8969,0,35
"2020-05-26","KZ","Kazakhstan","EURO",335,9304,2,37
"2020-05-27","KZ","Kazakhstan","EURO",272,9576,0,37
"2020-05-28","KZ","Kazakhstan","EURO",356,9932,0,37
"2020-05-29","KZ","Kazakhstan","EURO",450,10382,0,37
"2020-05-30","KZ","Kazakhstan","EURO",476,10858,1,38
"2020-05-31","KZ","Kazakhstan","EURO",450,11308,3,41
"2020-06-01","KZ","Kazakhstan","EURO",263,11571,0,41
"2020-06-02","KZ","Kazakhstan","EURO",225,11796,3,44
"2020-06-03","KZ","Kazakhstan","EURO",271,12067,4,48
"2020-06-04","KZ","Kazakhstan","EURO",245,12312,0,48
"2020-06-05","KZ","Kazakhstan","EURO",199,12511,4,52
"2020-06-06","KZ","Kazakhstan","EURO",183,12694,2,54
"2020-06-07","KZ","Kazakhstan","EURO",165,12859,2,56
"2020-06-08","KZ","Kazakhstan","EURO",215,13074,2,58
"2020-06-09","KZ","Kazakhstan","EURO",245,13319,3,61
"2020-06-10","KZ","Kazakhstan","EURO",240,13559,6,67
"2020-06-11","KZ","Kazakhstan","EURO",313,13872,0,67
"2020-06-12","KZ","Kazakhstan","EURO",366,14238,3,70
"2020-06-13","KZ","Kazakhstan","EURO",258,14496,3,73
"2020-06-14","KZ","Kazakhstan","EURO",313,14809,4,77
"2020-06-15","KZ","Kazakhstan","EURO",383,15192,4,81
"2020-06-16","KZ","Kazakhstan","EURO",350,15542,7,88
"2020-06-17","KZ","Kazakhstan","EURO",335,15877,12,100
"2020-06-18","KZ","Kazakhstan","EURO",474,16351,5,105
"2020-06-19","KZ","Kazakhstan","EURO",428,16779,8,113
"2020-06-20","KZ","Kazakhstan","EURO",1062,17841,5,118
"2020-06-21","KZ","Kazakhstan","EURO",1410,19251,2,120
"2020-06-22","KZ","Kazakhstan","EURO",1315,20566,7,127
"2020-06-23","KZ","Kazakhstan","EURO",1630,22196,7,134
"2020-06-24","KZ","Kazakhstan","EURO",1476,23672,2,136
"2020-06-25","KZ","Kazakhstan","EURO",1348,25020,11,147
"2020-06-26","KZ","Kazakhstan","EURO",1557,26577,11,158
"2020-06-27","KZ","Kazakhstan","EURO",1486,28063,15,173
"2020-06-28","KZ","Kazakhstan","EURO",1613,29676,10,183
"2020-06-29","KZ","Kazakhstan","EURO",492,30168,5,188
"2020-06-30","KZ","Kazakhstan","EURO",10897,41065,0,188
"2020-07-01","KZ","Kazakhstan","EURO",1509,42574,10,198
"2020-07-02","KZ","Kazakhstan","EURO",1501,44075,12,210
"2020-07-03","KZ","Kazakhstan","EURO",1644,45719,14,224
"2020-07-04","KZ","Kazakhstan","EURO",1452,47171,18,242
"2020-07-05","KZ","Kazakhstan","EURO",1403,48574,18,260
"2020-07-06","KZ","Kazakhstan","EURO",1109,49683,4,264
"2020-07-07","KZ","Kazakhstan","EURO",1376,51059,0,264
"2020-07-08","KZ","Kazakhstan","EURO",1962,53021,32,296
"2020-07-09","KZ","Kazakhstan","EURO",1726,54747,17,313
"2020-07-10","KZ","Kazakhstan","EURO",1708,56455,19,332
"2020-07-11","KZ","Kazakhstan","EURO",1798,58253,20,352
"2020-07-12","KZ","Kazakhstan","EURO",1646,59899,23,375
"2020-07-13","KZ","Kazakhstan","EURO",1856,61755,0,375
"2020-07-14","KZ","Kazakhstan","EURO",1759,63514,0,375
"2020-07-15","KZ","Kazakhstan","EURO",1674,65188,0,375
"2020-07-16","KZ","Kazakhstan","EURO",1707,66895,0,375
"2020-07-17","KZ","Kazakhstan","EURO",1808,68703,0,375
"2020-07-18","KZ","Kazakhstan","EURO",1636,70339,0,375
"2020-07-19","KZ","Kazakhstan","EURO",1499,71838,210,585
"2020-07-20","KZ","Kazakhstan","EURO",1630,73468,0,585
"2020-07-21","KZ","Kazakhstan","EURO",1685,75153,0,585
"2020-07-22","KZ","Kazakhstan","EURO",1646,76799,0,585
"2020-07-23","KZ","Kazakhstan","EURO",1687,78486,0,585
"2020-07-24","KZ","Kazakhstan","EURO",1740,80226,0,585
"2020-07-25","KZ","Kazakhstan","EURO",1494,81720,0,585
"2020-07-26","KZ","Kazakhstan","EURO",1402,83122,0,585
"2020-07-27","KZ","Kazakhstan","EURO",1526,84648,0,585
"2020-07-28","KZ","Kazakhstan","EURO",1544,86192,208,793
"2020-07-29","KZ","Kazakhstan","EURO",1472,87664,0,793
"2020-07-30","KZ","Kazakhstan","EURO",1414,89078,0,793
"2020-07-31","KZ","Kazakhstan","EURO",1289,90367,0,793
"2020-08-01","KZ","Kazakhstan","EURO",6407,96774,30,823
"2020-08-02","KZ","Kazakhstan","EURO",1867,98641,286,1109
"2020-08-03","KZ","Kazakhstan","EURO",1434,100075,0,1109
"2020-08-04","KZ","Kazakhstan","EURO",2861,102936,0,1109
"2020-08-05","KZ","Kazakhstan","EURO",2590,105526,0,1109
"2020-08-06","KZ","Kazakhstan","EURO",2404,107930,0,1109
"2020-08-07","KZ","Kazakhstan","EURO",2009,109939,0,1109
"2020-08-08","KZ","Kazakhstan","EURO",1883,111822,0,1109
"2020-08-09","KZ","Kazakhstan","EURO",900,112722,324,1433
"2020-08-10","KZ","Kazakhstan","EURO",779,113501,0,1433
"2020-08-11","KZ","Kazakhstan","EURO",2114,115615,0,1433
"2020-08-12","KZ","Kazakhstan","EURO",1489,117104,0,1433
"2020-08-13","KZ","Kazakhstan","EURO",1410,118514,0,1433
"2020-08-14","KZ","Kazakhstan","EURO",1267,119781,0,1433
"2020-08-15","KZ","Kazakhstan","EURO",1380,121161,0,1433
"2020-08-16","KZ","Kazakhstan","EURO",478,121639,200,1633
"2020-08-17","KZ","Kazakhstan","EURO",334,121973,0,1633
"2020-08-18","KZ","Kazakhstan","EURO",1352,123325,0,1633
"2020-08-19","KZ","Kazakhstan","EURO",1031,124356,0,1633
"2020-08-20","KZ","Kazakhstan","EURO",979,125335,0,1633
"2020-08-21","KZ","Kazakhstan","EURO",908,126243,0,1633
"2020-08-22","KZ","Kazakhstan","EURO",960,127203,0,1633
"2020-08-23","KZ","Kazakhstan","EURO",259,127462,148,1781
"2020-08-24","KZ","Kazakhstan","EURO",202,127664,0,1781
"2020-08-25","KZ","Kazakhstan","EURO",954,128618,0,1781
"2020-08-26","KZ","Kazakhstan","EURO",726,129344,0,1781
"2020-08-27","KZ","Kazakhstan","EURO",696,130040,0,1781
"2020-08-28","KZ","Kazakhstan","EURO",633,130673,0,1781
"2020-08-29","KZ","Kazakhstan","EURO",669,131342,0,1781
"2020-08-30","KZ","Kazakhstan","EURO",167,131509,97,1878
"2020-08-31","KZ","Kazakhstan","EURO",87,131596,0,1878
"2020-09-01","KZ","Kazakhstan","EURO",99,131695,0,1878
"2020-09-02","KZ","Kazakhstan","EURO",659,132354,0,1878
"2020-09-03","KZ","Kazakhstan","EURO",570,132924,0,1878
"2020-09-04","KZ","Kazakhstan","EURO",501,133425,0,1878
"2020-09-05","KZ","Kazakhstan","EURO",499,133924,0,1878
"2020-09-06","KZ","Kazakhstan","EURO",199,134123,70,1948
"2020-09-07","KZ","Kazakhstan","EURO",80,134203,0,1948
"2020-09-08","KZ","Kazakhstan","EURO",433,134636,0,1948
"2020-09-09","KZ","Kazakhstan","EURO",523,135159,0,1948
"2020-09-10","KZ","Kazakhstan","EURO",430,135589,0,1948
"2020-09-11","KZ","Kazakhstan","EURO",375,135964,0,1948
"2020-09-12","KZ","Kazakhstan","EURO",420,136384,0,1948
"2020-09-13","KZ","Kazakhstan","EURO",129,136513,51,1999
"2020-09-14","KZ","Kazakhstan","EURO",73,136586,0,1999
"2020-09-15","KZ","Kazakhstan","EURO",472,137058,0,1999
"2020-09-16","KZ","Kazakhstan","EURO",335,137393,0,1999
"2020-09-17","KZ","Kazakhstan","EURO",320,137713,0,1999
"2020-09-18","KZ","Kazakhstan","EURO",300,138013,0,1999
"2020-09-19","KZ","Kazakhstan","EURO",335,138348,0,1999
"2020-09-20","KZ","Kazakhstan","EURO",107,138455,44,2043
"2020-09-21","KZ","Kazakhstan","EURO",87,138542,0,2043
"2020-09-22","KZ","Kazakhstan","EURO",440,138982,0,2043
"2020-09-23","KZ","Kazakhstan","EURO",307,139289,0,2043
"2020-09-24","KZ","Kazakhstan","EURO",292,139581,0,2043
"2020-09-25","KZ","Kazakhstan","EURO",301,139882,0,2043
"2020-09-26","KZ","Kazakhstan","EURO",293,140175,0,2043
"2020-09-27","KZ","Kazakhstan","EURO",90,140265,32,2075
"2020-09-28","KZ","Kazakhstan","EURO",68,140333,0,2075
"2020-09-29","KZ","Kazakhstan","EURO",374,140707,0,2075
"2020-09-30","KZ","Kazakhstan","EURO",250,140957,0,2075
"2020-10-01","KZ","Kazakhstan","EURO",299,141256,0,2075
"2020-10-02","KZ","Kazakhstan","EURO",228,141484,0,2075
"2020-10-03","KZ","Kazakhstan","EURO",264,141748,0,2075
"2020-10-04","KZ","Kazakhstan","EURO",96,141844,31,2106
"2020-10-05","KZ","Kazakhstan","EURO",67,141911,0,2106
"2020-10-06","KZ","Kazakhstan","EURO",328,142239,0,2106
"2020-10-07","KZ","Kazakhstan","EURO",358,142597,0,2106
"2020-10-08","KZ","Kazakhstan","EURO",348,142945,0,2106
"2020-10-09","KZ","Kazakhstan","EURO",335,143280,0,2106
"2020-10-10","KZ","Kazakhstan","EURO",352,143632,0,2106
"2020-10-11","KZ","Kazakhstan","EURO",108,143740,30,2136
"2020-10-12","KZ","Kazakhstan","EURO",74,143814,0,2136
"2020-10-13","KZ","Kazakhstan","EURO",404,144218,0,2136
"2020-10-14","KZ","Kazakhstan","EURO",269,144487,0,2136
"2020-10-15","KZ","Kazakhstan","EURO",274,144761,0,2136
"2020-10-16","KZ","Kazakhstan","EURO",258,145019,0,2136
"2020-10-17","KZ","Kazakhstan","EURO",301,145320,0,2136
"2020-10-18","KZ","Kazakhstan","EURO",153,145473,42,2178
"2020-10-19","KZ","Kazakhstan","EURO",130,145603,0,2178
"2020-10-20","KZ","Kazakhstan","EURO",363,145966,0,2178
"2020-10-21","KZ","Kazakhstan","EURO",322,146288,0,2178
"2020-10-22","KZ","Kazakhstan","EURO",365,146653,0,2178
"2020-10-23","KZ","Kazakhstan","EURO",329,146982,0,2178
"2020-10-24","KZ","Kazakhstan","EURO",315,147297,0,2178
"2020-10-25","KZ","Kazakhstan","EURO",166,147463,41,2219
"2020-10-26","KZ","Kazakhstan","EURO",152,147615,0,2219
"2020-10-27","KZ","Kazakhstan","EURO",422,148037,0,2219
"2020-10-28","KZ","Kazakhstan","EURO",442,148479,0,2219
"2020-10-29","KZ","Kazakhstan","EURO",587,149066,0,2219
"2020-10-30","KZ","Kazakhstan","EURO",633,149699,0,2219
"2020-10-31","KZ","Kazakhstan","EURO",681,150380,0,2219
"2020-11-01","KZ","Kazakhstan","EURO",483,150863,40,2259
"2020-11-02","KZ","Kazakhstan","EURO",458,151321,0,2259
"2020-11-03","KZ","Kazakhstan","EURO",701,152022,0,2259
"2020-11-04","KZ","Kazakhstan","EURO",703,152725,0,2259
"2020-11-05","KZ","Kazakhstan","EURO",822,153547,0,2259
"2020-11-06","KZ","Kazakhstan","EURO",774,154321,0,2259
"2020-11-07","KZ","Kazakhstan","EURO",899,155220,0,2259
"2020-11-08","KZ","Kazakhstan","EURO",656,155876,47,2306
"2020-11-09","KZ","Kazakhstan","EURO",575,156451,0,2306
"2020-11-10","KZ","Kazakhstan","EURO",810,157261,0,2306
"2020-11-11","KZ","Kazakhstan","EURO",775,158036,0,2306
"2020-11-12","KZ","Kazakhstan","EURO",817,158853,0,2306
"2020-11-13","KZ","Kazakhstan","EURO",903,159756,0,2306
"2020-11-14","KZ","Kazakhstan","EURO",856,160612,0,2306
"2020-11-15","KZ","Kazakhstan","EURO",636,161248,59,2365
"2020-11-16","KZ","Kazakhstan","EURO",625,161873,0,2365
"2020-11-17","KZ","Kazakhstan","EURO",950,162823,0,2365
"2020-11-18","KZ","Kazakhstan","EURO",964,163787,0,2365
"2020-11-19","KZ","Kazakhstan","EURO",949,164736,0,2365
"2020-11-20","KZ","Kazakhstan","EURO",976,165712,0,2365
"2020-11-21","KZ","Kazakhstan","EURO",913,166625,0,2365
"2020-11-22","KZ","Kazakhstan","EURO",760,167385,52,2417
"2020-11-23","KZ","Kazakhstan","EURO",698,168083,0,2417
"2020-11-24","KZ","Kazakhstan","EURO",924,169007,0,2417
"2020-11-25","KZ","Kazakhstan","EURO",988,169995,0,2417
"2020-11-26","KZ","Kazakhstan","EURO",974,170969,0,2417
"2020-11-27","KZ","Kazakhstan","EURO",1010,171979,0,2417
"2020-11-28","KZ","Kazakhstan","EURO",990,172969,0,2417
"2020-11-29","KZ","Kazakhstan","EURO",837,173806,60,2477
"2020-11-30","KZ","Kazakhstan","EURO",757,174563,0,2477
"2020-12-01","KZ","Kazakhstan","EURO",1002,175565,0,2477
"2020-12-02","KZ","Kazakhstan","EURO",777,176342,0,2477
"2020-12-03","KZ","Kazakhstan","EURO",1044,177386,0,2477
"2020-12-04","KZ","Kazakhstan","EURO",992,178378,0,2477
"2020-12-05","KZ","Kazakhstan","EURO",966,179344,0,2477
"2020-12-06","KZ","Kazakhstan","EURO",745,180089,65,2542
"2020-12-07","KZ","Kazakhstan","EURO",688,180777,0,2542
"2020-12-08","KZ","Kazakhstan","EURO",944,181721,0,2542
"2020-12-09","KZ","Kazakhstan","EURO",936,182657,0,2542
"2020-12-10","KZ","Kazakhstan","EURO",973,183630,0,2542
"2020-12-11","KZ","Kazakhstan","EURO",0,183630,0,2542
"2020-12-12","KZ","Kazakhstan","EURO",0,183630,0,2542
