"Fecha_de_reporte","Codigo_pais","Paises","Region","Casos_nuevos","Casos_acumulados","defunciones_nuevas","defunciones_acumuladas"
"2020-01-03","XK","Kosovo[1]","EURO",0,0,0,0
"2020-01-04","XK","Kosovo[1]","EURO",0,0,0,0
"2020-01-05","XK","Kosovo[1]","EURO",0,0,0,0
"2020-01-06","XK","Kosovo[1]","EURO",0,0,0,0
"2020-01-07","XK","Kosovo[1]","EURO",0,0,0,0
"2020-01-08","XK","Kosovo[1]","EURO",0,0,0,0
"2020-01-09","XK","Kosovo[1]","EURO",0,0,0,0
"2020-01-10","XK","Kosovo[1]","EURO",0,0,0,0
"2020-01-11","XK","Kosovo[1]","EURO",0,0,0,0
"2020-01-12","XK","Kosovo[1]","EURO",0,0,0,0
"2020-01-13","XK","Kosovo[1]","EURO",0,0,0,0
"2020-01-14","XK","Kosovo[1]","EURO",0,0,0,0
"2020-01-15","XK","Kosovo[1]","EURO",0,0,0,0
"2020-01-16","XK","Kosovo[1]","EURO",0,0,0,0
"2020-01-17","XK","Kosovo[1]","EURO",0,0,0,0
"2020-01-18","XK","Kosovo[1]","EURO",0,0,0,0
"2020-01-19","XK","Kosovo[1]","EURO",0,0,0,0
"2020-01-20","XK","Kosovo[1]","EURO",0,0,0,0
"2020-01-21","XK","Kosovo[1]","EURO",0,0,0,0
"2020-01-22","XK","Kosovo[1]","EURO",0,0,0,0
"2020-01-23","XK","Kosovo[1]","EURO",0,0,0,0
"2020-01-24","XK","Kosovo[1]","EURO",0,0,0,0
"2020-01-25","XK","Kosovo[1]","EURO",0,0,0,0
"2020-01-26","XK","Kosovo[1]","EURO",0,0,0,0
"2020-01-27","XK","Kosovo[1]","EURO",0,0,0,0
"2020-01-28","XK","Kosovo[1]","EURO",0,0,0,0
"2020-01-29","XK","Kosovo[1]","EURO",0,0,0,0
"2020-01-30","XK","Kosovo[1]","EURO",0,0,0,0
"2020-01-31","XK","Kosovo[1]","EURO",0,0,0,0
"2020-02-01","XK","Kosovo[1]","EURO",0,0,0,0
"2020-02-02","XK","Kosovo[1]","EURO",0,0,0,0
"2020-02-03","XK","Kosovo[1]","EURO",0,0,0,0
"2020-02-04","XK","Kosovo[1]","EURO",0,0,0,0
"2020-02-05","XK","Kosovo[1]","EURO",0,0,0,0
"2020-02-06","XK","Kosovo[1]","EURO",0,0,0,0
"2020-02-07","XK","Kosovo[1]","EURO",0,0,0,0
"2020-02-08","XK","Kosovo[1]","EURO",0,0,0,0
"2020-02-09","XK","Kosovo[1]","EURO",0,0,0,0
"2020-02-10","XK","Kosovo[1]","EURO",0,0,0,0
"2020-02-11","XK","Kosovo[1]","EURO",0,0,0,0
"2020-02-12","XK","Kosovo[1]","EURO",0,0,0,0
"2020-02-13","XK","Kosovo[1]","EURO",0,0,0,0
"2020-02-14","XK","Kosovo[1]","EURO",0,0,0,0
"2020-02-15","XK","Kosovo[1]","EURO",0,0,0,0
"2020-02-16","XK","Kosovo[1]","EURO",0,0,0,0
"2020-02-17","XK","Kosovo[1]","EURO",0,0,0,0
"2020-02-18","XK","Kosovo[1]","EURO",0,0,0,0
"2020-02-19","XK","Kosovo[1]","EURO",0,0,0,0
"2020-02-20","XK","Kosovo[1]","EURO",0,0,0,0
"2020-02-21","XK","Kosovo[1]","EURO",0,0,0,0
"2020-02-22","XK","Kosovo[1]","EURO",0,0,0,0
"2020-02-23","XK","Kosovo[1]","EURO",0,0,0,0
"2020-02-24","XK","Kosovo[1]","EURO",0,0,0,0
"2020-02-25","XK","Kosovo[1]","EURO",0,0,0,0
"2020-02-26","XK","Kosovo[1]","EURO",0,0,0,0
"2020-02-27","XK","Kosovo[1]","EURO",0,0,0,0
"2020-02-28","XK","Kosovo[1]","EURO",0,0,0,0
"2020-02-29","XK","Kosovo[1]","EURO",0,0,0,0
"2020-03-01","XK","Kosovo[1]","EURO",0,0,0,0
"2020-03-02","XK","Kosovo[1]","EURO",0,0,0,0
"2020-03-03","XK","Kosovo[1]","EURO",0,0,0,0
"2020-03-04","XK","Kosovo[1]","EURO",0,0,0,0
"2020-03-05","XK","Kosovo[1]","EURO",0,0,0,0
"2020-03-06","XK","Kosovo[1]","EURO",0,0,0,0
"2020-03-07","XK","Kosovo[1]","EURO",0,0,0,0
"2020-03-08","XK","Kosovo[1]","EURO",0,0,0,0
"2020-03-09","XK","Kosovo[1]","EURO",0,0,0,0
"2020-03-10","XK","Kosovo[1]","EURO",0,0,0,0
"2020-03-11","XK","Kosovo[1]","EURO",0,0,0,0
"2020-03-12","XK","Kosovo[1]","EURO",0,0,0,0
"2020-03-13","XK","Kosovo[1]","EURO",2,2,0,0
"2020-03-14","XK","Kosovo[1]","EURO",0,2,0,0
"2020-03-15","XK","Kosovo[1]","EURO",0,2,0,0
"2020-03-16","XK","Kosovo[1]","EURO",3,5,0,0
"2020-03-17","XK","Kosovo[1]","EURO",0,5,0,0
"2020-03-18","XK","Kosovo[1]","EURO",0,5,0,0
"2020-03-19","XK","Kosovo[1]","EURO",0,5,0,0
"2020-03-20","XK","Kosovo[1]","EURO",15,20,0,0
"2020-03-21","XK","Kosovo[1]","EURO",4,24,0,0
"2020-03-22","XK","Kosovo[1]","EURO",7,31,1,1
"2020-03-23","XK","Kosovo[1]","EURO",4,35,0,1
"2020-03-24","XK","Kosovo[1]","EURO",28,63,0,1
"2020-03-25","XK","Kosovo[1]","EURO",8,71,0,1
"2020-03-26","XK","Kosovo[1]","EURO",8,79,0,1
"2020-03-27","XK","Kosovo[1]","EURO",9,88,0,1
"2020-03-28","XK","Kosovo[1]","EURO",3,91,0,1
"2020-03-29","XK","Kosovo[1]","EURO",0,91,0,1
"2020-03-30","XK","Kosovo[1]","EURO",15,106,0,1
"2020-03-31","XK","Kosovo[1]","EURO",6,112,0,1
"2020-04-01","XK","Kosovo[1]","EURO",13,125,0,1
"2020-04-02","XK","Kosovo[1]","EURO",0,125,0,1
"2020-04-03","XK","Kosovo[1]","EURO",1,126,0,1
"2020-04-04","XK","Kosovo[1]","EURO",6,132,0,1
"2020-04-05","XK","Kosovo[1]","EURO",8,140,0,1
"2020-04-06","XK","Kosovo[1]","EURO",5,145,0,1
"2020-04-07","XK","Kosovo[1]","EURO",20,165,2,3
"2020-04-08","XK","Kosovo[1]","EURO",19,184,3,6
"2020-04-09","XK","Kosovo[1]","EURO",40,224,1,7
"2020-04-10","XK","Kosovo[1]","EURO",3,227,0,7
"2020-04-11","XK","Kosovo[1]","EURO",23,250,0,7
"2020-04-12","XK","Kosovo[1]","EURO",33,283,0,7
"2020-04-13","XK","Kosovo[1]","EURO",79,362,1,8
"2020-04-14","XK","Kosovo[1]","EURO",15,377,1,9
"2020-04-15","XK","Kosovo[1]","EURO",10,387,1,10
"2020-04-16","XK","Kosovo[1]","EURO",10,397,2,12
"2020-04-17","XK","Kosovo[1]","EURO",52,449,1,13
"2020-04-18","XK","Kosovo[1]","EURO",31,480,0,13
"2020-04-19","XK","Kosovo[1]","EURO",30,510,0,13
"2020-04-20","XK","Kosovo[1]","EURO",25,535,0,13
"2020-04-21","XK","Kosovo[1]","EURO",37,572,1,14
"2020-04-22","XK","Kosovo[1]","EURO",32,604,0,14
"2020-04-23","XK","Kosovo[1]","EURO",26,630,1,15
"2020-04-24","XK","Kosovo[1]","EURO",39,669,0,15
"2020-04-25","XK","Kosovo[1]","EURO",34,703,1,16
"2020-04-26","XK","Kosovo[1]","EURO",28,731,0,16
"2020-04-27","XK","Kosovo[1]","EURO",32,763,1,17
"2020-04-28","XK","Kosovo[1]","EURO",17,780,0,17
"2020-04-29","XK","Kosovo[1]","EURO",10,790,0,17
"2020-04-30","XK","Kosovo[1]","EURO",9,799,0,17
"2020-05-01","XK","Kosovo[1]","EURO",0,799,0,17
"2020-05-02","XK","Kosovo[1]","EURO",14,813,0,17
"2020-05-03","XK","Kosovo[1]","EURO",10,823,0,17
"2020-05-04","XK","Kosovo[1]","EURO",28,851,0,17
"2020-05-05","XK","Kosovo[1]","EURO",4,855,0,17
"2020-05-06","XK","Kosovo[1]","EURO",1,856,0,17
"2020-05-07","XK","Kosovo[1]","EURO",4,860,1,18
"2020-05-08","XK","Kosovo[1]","EURO",1,861,1,19
"2020-05-09","XK","Kosovo[1]","EURO",1,862,0,19
"2020-05-10","XK","Kosovo[1]","EURO",8,870,0,19
"2020-05-11","XK","Kosovo[1]","EURO",0,870,0,19
"2020-05-12","XK","Kosovo[1]","EURO",14,884,1,20
"2020-05-13","XK","Kosovo[1]","EURO",35,919,0,20
"2020-05-14","XK","Kosovo[1]","EURO",0,919,0,20
"2020-05-15","XK","Kosovo[1]","EURO",25,944,0,20
"2020-05-16","XK","Kosovo[1]","EURO",0,944,0,20
"2020-05-17","XK","Kosovo[1]","EURO",0,944,0,20
"2020-05-18","XK","Kosovo[1]","EURO",11,955,0,20
"2020-05-19","XK","Kosovo[1]","EURO",0,955,0,20
"2020-05-20","XK","Kosovo[1]","EURO",34,989,0,20
"2020-05-21","XK","Kosovo[1]","EURO",0,989,0,20
"2020-05-22","XK","Kosovo[1]","EURO",14,1003,0,20
"2020-05-23","XK","Kosovo[1]","EURO",1,1004,0,20
"2020-05-24","XK","Kosovo[1]","EURO",21,1025,0,20
"2020-05-25","XK","Kosovo[1]","EURO",7,1032,1,21
"2020-05-26","XK","Kosovo[1]","EURO",6,1038,0,21
"2020-05-27","XK","Kosovo[1]","EURO",0,1038,0,21
"2020-05-28","XK","Kosovo[1]","EURO",9,1047,0,21
"2020-05-29","XK","Kosovo[1]","EURO",1,1048,0,21
"2020-05-30","XK","Kosovo[1]","EURO",0,1048,0,21
"2020-05-31","XK","Kosovo[1]","EURO",16,1064,0,21
"2020-06-01","XK","Kosovo[1]","EURO",0,1064,0,21
"2020-06-02","XK","Kosovo[1]","EURO",3,1067,0,21
"2020-06-03","XK","Kosovo[1]","EURO",13,1080,0,21
"2020-06-04","XK","Kosovo[1]","EURO",62,1142,0,21
"2020-06-05","XK","Kosovo[1]","EURO",0,1142,0,21
"2020-06-06","XK","Kosovo[1]","EURO",0,1142,0,21
"2020-06-07","XK","Kosovo[1]","EURO",9,1151,0,21
"2020-06-08","XK","Kosovo[1]","EURO",40,1191,0,21
"2020-06-09","XK","Kosovo[1]","EURO",72,1263,0,21
"2020-06-10","XK","Kosovo[1]","EURO",0,1263,0,21
"2020-06-11","XK","Kosovo[1]","EURO",35,1298,0,21
"2020-06-12","XK","Kosovo[1]","EURO",28,1326,0,21
"2020-06-13","XK","Kosovo[1]","EURO",0,1326,1,22
"2020-06-14","XK","Kosovo[1]","EURO",111,1437,1,23
"2020-06-15","XK","Kosovo[1]","EURO",6,1443,0,23
"2020-06-16","XK","Kosovo[1]","EURO",129,1572,0,23
"2020-06-17","XK","Kosovo[1]","EURO",141,1713,1,24
"2020-06-18","XK","Kosovo[1]","EURO",77,1790,0,24
"2020-06-19","XK","Kosovo[1]","EURO",83,1873,0,24
"2020-06-20","XK","Kosovo[1]","EURO",82,1955,0,24
"2020-06-21","XK","Kosovo[1]","EURO",75,2030,1,25
"2020-06-22","XK","Kosovo[1]","EURO",96,2126,1,26
"2020-06-23","XK","Kosovo[1]","EURO",47,2173,1,27
"2020-06-24","XK","Kosovo[1]","EURO",52,2225,1,28
"2020-06-25","XK","Kosovo[1]","EURO",95,2320,1,29
"2020-06-26","XK","Kosovo[1]","EURO",69,2389,2,31
"2020-06-27","XK","Kosovo[1]","EURO",62,2451,3,34
"2020-06-28","XK","Kosovo[1]","EURO",96,2547,3,37
"2020-06-29","XK","Kosovo[1]","EURO",87,2634,1,38
"2020-06-30","XK","Kosovo[1]","EURO",122,2756,1,39
"2020-07-01","XK","Kosovo[1]","EURO",79,2835,2,41
"2020-07-02","XK","Kosovo[1]","EURO",113,2948,3,44
"2020-07-03","XK","Kosovo[1]","EURO",73,3021,1,45
"2020-07-04","XK","Kosovo[1]","EURO",114,3135,0,45
"2020-07-05","XK","Kosovo[1]","EURO",178,3313,9,54
"2020-07-06","XK","Kosovo[1]","EURO",152,3465,11,65
"2020-07-07","XK","Kosovo[1]","EURO",195,3660,4,69
"2020-07-08","XK","Kosovo[1]","EURO",183,3843,3,72
"2020-07-09","XK","Kosovo[1]","EURO",214,4057,4,76
"2020-07-10","XK","Kosovo[1]","EURO",207,4264,8,84
"2020-07-11","XK","Kosovo[1]","EURO",205,4469,3,87
"2020-07-12","XK","Kosovo[1]","EURO",203,4672,4,91
"2020-07-13","XK","Kosovo[1]","EURO",216,4888,1,92
"2020-07-14","XK","Kosovo[1]","EURO",187,5075,6,98
"2020-07-15","XK","Kosovo[1]","EURO",0,5075,0,98
"2020-07-16","XK","Kosovo[1]","EURO",119,5194,4,102
"2020-07-17","XK","Kosovo[1]","EURO",135,5329,6,108
"2020-07-18","XK","Kosovo[1]","EURO",81,5410,6,114
"2020-07-19","XK","Kosovo[1]","EURO",164,5574,6,120
"2020-07-20","XK","Kosovo[1]","EURO",118,5692,5,125
"2020-07-21","XK","Kosovo[1]","EURO",142,5834,4,129
"2020-07-22","XK","Kosovo[1]","EURO",168,6002,5,134
"2020-07-23","XK","Kosovo[1]","EURO",140,6142,6,140
"2020-07-24","XK","Kosovo[1]","EURO",282,6424,8,148
"2020-07-25","XK","Kosovo[1]","EURO",213,6637,6,154
"2020-07-26","XK","Kosovo[1]","EURO",237,6874,5,159
"2020-07-27","XK","Kosovo[1]","EURO",220,7094,8,167
"2020-07-28","XK","Kosovo[1]","EURO",276,7370,8,175
"2020-07-29","XK","Kosovo[1]","EURO",239,7609,7,182
"2020-07-30","XK","Kosovo[1]","EURO",194,7803,4,186
"2020-07-31","XK","Kosovo[1]","EURO",258,8061,16,202
"2020-08-01","XK","Kosovo[1]","EURO",226,8287,15,217
"2020-08-02","XK","Kosovo[1]","EURO",224,8511,10,227
"2020-08-03","XK","Kosovo[1]","EURO",245,8756,12,239
"2020-08-04","XK","Kosovo[1]","EURO",250,9006,7,246
"2020-08-05","XK","Kosovo[1]","EURO",225,9231,13,259
"2020-08-06","XK","Kosovo[1]","EURO",218,9449,5,264
"2020-08-07","XK","Kosovo[1]","EURO",196,9645,26,290
"2020-08-08","XK","Kosovo[1]","EURO",181,9826,3,293
"2020-08-09","XK","Kosovo[1]","EURO",190,10016,12,305
"2020-08-10","XK","Kosovo[1]","EURO",188,10204,12,317
"2020-08-11","XK","Kosovo[1]","EURO",172,10376,14,331
"2020-08-12","XK","Kosovo[1]","EURO",171,10547,13,344
"2020-08-13","XK","Kosovo[1]","EURO",205,10752,11,355
"2020-08-14","XK","Kosovo[1]","EURO",193,10945,8,363
"2020-08-15","XK","Kosovo[1]","EURO",142,11087,8,371
"2020-08-16","XK","Kosovo[1]","EURO",145,11232,9,380
"2020-08-17","XK","Kosovo[1]","EURO",141,11373,11,391
"2020-08-18","XK","Kosovo[1]","EURO",129,11502,9,400
"2020-08-19","XK","Kosovo[1]","EURO",141,11643,6,406
"2020-08-20","XK","Kosovo[1]","EURO",162,11805,9,415
"2020-08-21","XK","Kosovo[1]","EURO",158,11963,13,428
"2020-08-22","XK","Kosovo[1]","EURO",162,12125,10,438
"2020-08-23","XK","Kosovo[1]","EURO",169,12294,9,447
"2020-08-24","XK","Kosovo[1]","EURO",111,12405,10,457
"2020-08-25","XK","Kosovo[1]","EURO",99,12504,13,470
"2020-08-26","XK","Kosovo[1]","EURO",136,12640,8,478
"2020-08-27","XK","Kosovo[1]","EURO",157,12797,4,482
"2020-08-28","XK","Kosovo[1]","EURO",141,12938,6,488
"2020-08-29","XK","Kosovo[1]","EURO",119,13057,1,489
"2020-08-30","XK","Kosovo[1]","EURO",115,13172,9,498
"2020-08-31","XK","Kosovo[1]","EURO",119,13291,8,506
"2020-09-01","XK","Kosovo[1]","EURO",120,13411,9,515
"2020-09-02","XK","Kosovo[1]","EURO",147,13558,8,523
"2020-09-03","XK","Kosovo[1]","EURO",112,13670,6,529
"2020-09-04","XK","Kosovo[1]","EURO",78,13748,9,538
"2020-09-05","XK","Kosovo[1]","EURO",119,13867,3,541
"2020-09-06","XK","Kosovo[1]","EURO",117,13984,5,546
"2020-09-07","XK","Kosovo[1]","EURO",92,14076,7,553
"2020-09-08","XK","Kosovo[1]","EURO",85,14161,5,558
"2020-09-09","XK","Kosovo[1]","EURO",97,14258,0,558
"2020-09-10","XK","Kosovo[1]","EURO",76,14334,6,564
"2020-09-11","XK","Kosovo[1]","EURO",69,14403,7,571
"2020-09-12","XK","Kosovo[1]","EURO",50,14453,5,576
"2020-09-13","XK","Kosovo[1]","EURO",70,14523,3,579
"2020-09-14","XK","Kosovo[1]","EURO",71,14594,7,586
"2020-09-15","XK","Kosovo[1]","EURO",55,14649,4,590
"2020-09-16","XK","Kosovo[1]","EURO",71,14720,1,591
"2020-09-17","XK","Kosovo[1]","EURO",76,14796,3,594
"2020-09-18","XK","Kosovo[1]","EURO",43,14839,3,597
"2020-09-19","XK","Kosovo[1]","EURO",57,14896,4,601
"2020-09-20","XK","Kosovo[1]","EURO",63,14959,0,601
"2020-09-21","XK","Kosovo[1]","EURO",61,15020,2,603
"2020-09-22","XK","Kosovo[1]","EURO",79,15099,2,605
"2020-09-23","XK","Kosovo[1]","EURO",66,15165,0,605
"2020-09-24","XK","Kosovo[1]","EURO",62,15227,1,606
"2020-09-25","XK","Kosovo[1]","EURO",63,15290,0,606
"2020-09-26","XK","Kosovo[1]","EURO",46,15336,1,607
"2020-09-27","XK","Kosovo[1]","EURO",46,15382,2,609
"2020-09-28","XK","Kosovo[1]","EURO",47,15429,3,612
"2020-09-29","XK","Kosovo[1]","EURO",48,15477,3,615
"2020-09-30","XK","Kosovo[1]","EURO",54,15531,0,615
"2020-10-01","XK","Kosovo[1]","EURO",46,15577,0,615
"2020-10-02","XK","Kosovo[1]","EURO",43,15620,2,617
"2020-10-03","XK","Kosovo[1]","EURO",42,15662,0,617
"2020-10-04","XK","Kosovo[1]","EURO",53,15715,3,620
"2020-10-05","XK","Kosovo[1]","EURO",56,15771,0,620
"2020-10-06","XK","Kosovo[1]","EURO",41,15812,2,622
"2020-10-07","XK","Kosovo[1]","EURO",34,15846,3,625
"2020-10-08","XK","Kosovo[1]","EURO",49,15895,3,628
"2020-10-09","XK","Kosovo[1]","EURO",33,15928,0,628
"2020-10-10","XK","Kosovo[1]","EURO",79,16007,3,631
"2020-10-11","XK","Kosovo[1]","EURO",80,16087,4,635
"2020-10-12","XK","Kosovo[1]","EURO",49,16136,2,637
"2020-10-13","XK","Kosovo[1]","EURO",68,16204,1,638
"2020-10-14","XK","Kosovo[1]","EURO",98,16302,1,639
"2020-10-15","XK","Kosovo[1]","EURO",80,16382,1,640
"2020-10-16","XK","Kosovo[1]","EURO",77,16459,0,640
"2020-10-17","XK","Kosovo[1]","EURO",104,16563,2,642
"2020-10-18","XK","Kosovo[1]","EURO",148,16711,0,642
"2020-10-19","XK","Kosovo[1]","EURO",137,16848,1,643
"2020-10-20","XK","Kosovo[1]","EURO",118,16966,3,646
"2020-10-21","XK","Kosovo[1]","EURO",130,17096,1,647
"2020-10-22","XK","Kosovo[1]","EURO",124,17220,0,647
"2020-10-23","XK","Kosovo[1]","EURO",159,17379,0,647
"2020-10-24","XK","Kosovo[1]","EURO",169,17548,2,649
"2020-10-25","XK","Kosovo[1]","EURO",166,17714,2,651
"2020-10-26","XK","Kosovo[1]","EURO",186,17900,2,653
"2020-10-27","XK","Kosovo[1]","EURO",205,18105,3,656
"2020-10-28","XK","Kosovo[1]","EURO",197,18302,3,659
"2020-10-29","XK","Kosovo[1]","EURO",281,18583,4,663
"2020-10-30","XK","Kosovo[1]","EURO",284,18867,1,664
"2020-10-31","XK","Kosovo[1]","EURO",418,19285,4,668
"2020-11-01","XK","Kosovo[1]","EURO",514,19799,3,671
"2020-11-02","XK","Kosovo[1]","EURO",337,20136,7,678
"2020-11-03","XK","Kosovo[1]","EURO",486,20622,9,687
"2020-11-04","XK","Kosovo[1]","EURO",334,20956,8,695
"2020-11-05","XK","Kosovo[1]","EURO",546,21502,9,704
"2020-11-06","XK","Kosovo[1]","EURO",661,22163,6,710
"2020-11-07","XK","Kosovo[1]","EURO",728,22891,12,722
"2020-11-08","XK","Kosovo[1]","EURO",491,23382,12,734
"2020-11-09","XK","Kosovo[1]","EURO",730,24112,11,745
"2020-11-10","XK","Kosovo[1]","EURO",637,24749,13,758
"2020-11-11","XK","Kosovo[1]","EURO",596,25345,5,763
"2020-11-12","XK","Kosovo[1]","EURO",733,26078,4,767
"2020-11-13","XK","Kosovo[1]","EURO",767,26845,8,775
"2020-11-14","XK","Kosovo[1]","EURO",963,27808,13,788
"2020-11-15","XK","Kosovo[1]","EURO",765,28573,11,799
"2020-11-16","XK","Kosovo[1]","EURO",501,29074,13,812
"2020-11-17","XK","Kosovo[1]","EURO",688,29762,11,823
"2020-11-18","XK","Kosovo[1]","EURO",690,30452,16,839
"2020-11-19","XK","Kosovo[1]","EURO",720,31172,11,850
"2020-11-20","XK","Kosovo[1]","EURO",807,31979,14,864
"2020-11-21","XK","Kosovo[1]","EURO",855,32834,11,875
"2020-11-22","XK","Kosovo[1]","EURO",711,33545,19,894
"2020-11-23","XK","Kosovo[1]","EURO",707,34252,10,904
"2020-11-24","XK","Kosovo[1]","EURO",645,34897,12,916
"2020-11-25","XK","Kosovo[1]","EURO",609,35506,13,929
"2020-11-26","XK","Kosovo[1]","EURO",704,36210,9,938
"2020-11-27","XK","Kosovo[1]","EURO",775,36985,15,953
"2020-11-28","XK","Kosovo[1]","EURO",764,37749,12,965
"2020-11-29","XK","Kosovo[1]","EURO",639,38388,14,979
"2020-11-30","XK","Kosovo[1]","EURO",626,39014,16,995
"2020-12-01","XK","Kosovo[1]","EURO",539,39553,11,1006
"2020-12-02","XK","Kosovo[1]","EURO",521,40074,10,1016
"2020-12-03","XK","Kosovo[1]","EURO",555,40629,14,1030
"2020-12-04","XK","Kosovo[1]","EURO",627,41256,22,1052
"2020-12-05","XK","Kosovo[1]","EURO",478,41734,11,1063
"2020-12-06","XK","Kosovo[1]","EURO",560,42294,14,1077
"2020-12-07","XK","Kosovo[1]","EURO",468,42762,19,1096
"2020-12-08","XK","Kosovo[1]","EURO",519,43281,14,1110
"2020-12-09","XK","Kosovo[1]","EURO",557,43838,17,1127
"2020-12-10","XK","Kosovo[1]","EURO",561,44399,11,1138
"2020-12-11","XK","Kosovo[1]","EURO",562,44961,13,1151
"2020-12-12","XK","Kosovo[1]","EURO",590,45551,13,1164
