"Fecha_de_reporte","Codigo_pais","Paises","Region","Casos_nuevos","Casos_acumulados","defunciones_nuevas","defunciones_acumuladas"
"2020-01-03","LB","Lebanon","EMRO",0,0,0,0
"2020-01-04","LB","Lebanon","EMRO",0,0,0,0
"2020-01-05","LB","Lebanon","EMRO",0,0,0,0
"2020-01-06","LB","Lebanon","EMRO",0,0,0,0
"2020-01-07","LB","Lebanon","EMRO",0,0,0,0
"2020-01-08","LB","Lebanon","EMRO",0,0,0,0
"2020-01-09","LB","Lebanon","EMRO",0,0,0,0
"2020-01-10","LB","Lebanon","EMRO",0,0,0,0
"2020-01-11","LB","Lebanon","EMRO",0,0,0,0
"2020-01-12","LB","Lebanon","EMRO",0,0,0,0
"2020-01-13","LB","Lebanon","EMRO",0,0,0,0
"2020-01-14","LB","Lebanon","EMRO",0,0,0,0
"2020-01-15","LB","Lebanon","EMRO",0,0,0,0
"2020-01-16","LB","Lebanon","EMRO",0,0,0,0
"2020-01-17","LB","Lebanon","EMRO",0,0,0,0
"2020-01-18","LB","Lebanon","EMRO",0,0,0,0
"2020-01-19","LB","Lebanon","EMRO",0,0,0,0
"2020-01-20","LB","Lebanon","EMRO",0,0,0,0
"2020-01-21","LB","Lebanon","EMRO",0,0,0,0
"2020-01-22","LB","Lebanon","EMRO",0,0,0,0
"2020-01-23","LB","Lebanon","EMRO",0,0,0,0
"2020-01-24","LB","Lebanon","EMRO",0,0,0,0
"2020-01-25","LB","Lebanon","EMRO",0,0,0,0
"2020-01-26","LB","Lebanon","EMRO",0,0,0,0
"2020-01-27","LB","Lebanon","EMRO",0,0,0,0
"2020-01-28","LB","Lebanon","EMRO",0,0,0,0
"2020-01-29","LB","Lebanon","EMRO",0,0,0,0
"2020-01-30","LB","Lebanon","EMRO",0,0,0,0
"2020-01-31","LB","Lebanon","EMRO",0,0,0,0
"2020-02-01","LB","Lebanon","EMRO",0,0,0,0
"2020-02-02","LB","Lebanon","EMRO",0,0,0,0
"2020-02-03","LB","Lebanon","EMRO",0,0,0,0
"2020-02-04","LB","Lebanon","EMRO",0,0,0,0
"2020-02-05","LB","Lebanon","EMRO",0,0,0,0
"2020-02-06","LB","Lebanon","EMRO",0,0,0,0
"2020-02-07","LB","Lebanon","EMRO",0,0,0,0
"2020-02-08","LB","Lebanon","EMRO",0,0,0,0
"2020-02-09","LB","Lebanon","EMRO",0,0,0,0
"2020-02-10","LB","Lebanon","EMRO",0,0,0,0
"2020-02-11","LB","Lebanon","EMRO",0,0,0,0
"2020-02-12","LB","Lebanon","EMRO",0,0,0,0
"2020-02-13","LB","Lebanon","EMRO",0,0,0,0
"2020-02-14","LB","Lebanon","EMRO",0,0,0,0
"2020-02-15","LB","Lebanon","EMRO",0,0,0,0
"2020-02-16","LB","Lebanon","EMRO",0,0,0,0
"2020-02-17","LB","Lebanon","EMRO",0,0,0,0
"2020-02-18","LB","Lebanon","EMRO",0,0,0,0
"2020-02-19","LB","Lebanon","EMRO",0,0,0,0
"2020-02-20","LB","Lebanon","EMRO",0,0,0,0
"2020-02-21","LB","Lebanon","EMRO",5,5,0,0
"2020-02-22","LB","Lebanon","EMRO",0,5,0,0
"2020-02-23","LB","Lebanon","EMRO",0,5,0,0
"2020-02-24","LB","Lebanon","EMRO",0,5,0,0
"2020-02-25","LB","Lebanon","EMRO",0,5,0,0
"2020-02-26","LB","Lebanon","EMRO",1,6,0,0
"2020-02-27","LB","Lebanon","EMRO",1,7,0,0
"2020-02-28","LB","Lebanon","EMRO",1,8,0,0
"2020-02-29","LB","Lebanon","EMRO",3,11,0,0
"2020-03-01","LB","Lebanon","EMRO",3,14,0,0
"2020-03-02","LB","Lebanon","EMRO",3,17,0,0
"2020-03-03","LB","Lebanon","EMRO",0,17,0,0
"2020-03-04","LB","Lebanon","EMRO",0,17,0,0
"2020-03-05","LB","Lebanon","EMRO",3,20,0,0
"2020-03-06","LB","Lebanon","EMRO",6,26,0,0
"2020-03-07","LB","Lebanon","EMRO",0,26,0,0
"2020-03-08","LB","Lebanon","EMRO",10,36,0,0
"2020-03-09","LB","Lebanon","EMRO",0,36,0,0
"2020-03-10","LB","Lebanon","EMRO",0,36,0,0
"2020-03-11","LB","Lebanon","EMRO",29,65,1,1
"2020-03-12","LB","Lebanon","EMRO",5,70,2,3
"2020-03-13","LB","Lebanon","EMRO",0,70,0,3
"2020-03-14","LB","Lebanon","EMRO",27,97,0,3
"2020-03-15","LB","Lebanon","EMRO",6,103,0,3
"2020-03-16","LB","Lebanon","EMRO",0,103,0,3
"2020-03-17","LB","Lebanon","EMRO",21,124,0,3
"2020-03-18","LB","Lebanon","EMRO",0,124,1,4
"2020-03-19","LB","Lebanon","EMRO",29,153,0,4
"2020-03-20","LB","Lebanon","EMRO",10,163,0,4
"2020-03-21","LB","Lebanon","EMRO",43,206,0,4
"2020-03-22","LB","Lebanon","EMRO",42,248,0,4
"2020-03-23","LB","Lebanon","EMRO",19,267,0,4
"2020-03-24","LB","Lebanon","EMRO",37,304,0,4
"2020-03-25","LB","Lebanon","EMRO",29,333,0,4
"2020-03-26","LB","Lebanon","EMRO",35,368,2,6
"2020-03-27","LB","Lebanon","EMRO",23,391,1,7
"2020-03-28","LB","Lebanon","EMRO",21,412,1,8
"2020-03-29","LB","Lebanon","EMRO",26,438,2,10
"2020-03-30","LB","Lebanon","EMRO",8,446,1,11
"2020-03-31","LB","Lebanon","EMRO",17,463,1,12
"2020-04-01","LB","Lebanon","EMRO",16,479,0,12
"2020-04-02","LB","Lebanon","EMRO",15,494,4,16
"2020-04-03","LB","Lebanon","EMRO",14,508,1,17
"2020-04-04","LB","Lebanon","EMRO",12,520,0,17
"2020-04-05","LB","Lebanon","EMRO",7,527,1,18
"2020-04-06","LB","Lebanon","EMRO",14,541,1,19
"2020-04-07","LB","Lebanon","EMRO",7,548,0,19
"2020-04-08","LB","Lebanon","EMRO",27,575,0,19
"2020-04-09","LB","Lebanon","EMRO",7,582,0,19
"2020-04-10","LB","Lebanon","EMRO",27,609,1,20
"2020-04-11","LB","Lebanon","EMRO",10,619,0,20
"2020-04-12","LB","Lebanon","EMRO",11,630,0,20
"2020-04-13","LB","Lebanon","EMRO",2,632,0,20
"2020-04-14","LB","Lebanon","EMRO",9,641,1,21
"2020-04-15","LB","Lebanon","EMRO",17,658,0,21
"2020-04-16","LB","Lebanon","EMRO",5,663,0,21
"2020-04-17","LB","Lebanon","EMRO",5,668,0,21
"2020-04-18","LB","Lebanon","EMRO",4,672,0,21
"2020-04-19","LB","Lebanon","EMRO",1,673,0,21
"2020-04-20","LB","Lebanon","EMRO",4,677,0,21
"2020-04-21","LB","Lebanon","EMRO",0,677,0,21
"2020-04-22","LB","Lebanon","EMRO",5,682,1,22
"2020-04-23","LB","Lebanon","EMRO",6,688,0,22
"2020-04-24","LB","Lebanon","EMRO",8,696,0,22
"2020-04-25","LB","Lebanon","EMRO",8,704,2,24
"2020-04-26","LB","Lebanon","EMRO",3,707,0,24
"2020-04-27","LB","Lebanon","EMRO",3,710,0,24
"2020-04-28","LB","Lebanon","EMRO",7,717,0,24
"2020-04-29","LB","Lebanon","EMRO",4,721,0,24
"2020-04-30","LB","Lebanon","EMRO",4,725,0,24
"2020-05-01","LB","Lebanon","EMRO",4,729,0,24
"2020-05-02","LB","Lebanon","EMRO",4,733,1,25
"2020-05-03","LB","Lebanon","EMRO",4,737,0,25
"2020-05-04","LB","Lebanon","EMRO",3,740,0,25
"2020-05-05","LB","Lebanon","EMRO",1,741,0,25
"2020-05-06","LB","Lebanon","EMRO",9,750,0,25
"2020-05-07","LB","Lebanon","EMRO",34,784,0,25
"2020-05-08","LB","Lebanon","EMRO",12,796,1,26
"2020-05-09","LB","Lebanon","EMRO",13,809,0,26
"2020-05-10","LB","Lebanon","EMRO",36,845,0,26
"2020-05-11","LB","Lebanon","EMRO",14,859,0,26
"2020-05-12","LB","Lebanon","EMRO",11,870,0,26
"2020-05-13","LB","Lebanon","EMRO",8,878,0,26
"2020-05-14","LB","Lebanon","EMRO",8,886,0,26
"2020-05-15","LB","Lebanon","EMRO",5,891,0,26
"2020-05-16","LB","Lebanon","EMRO",11,902,0,26
"2020-05-17","LB","Lebanon","EMRO",9,911,0,26
"2020-05-18","LB","Lebanon","EMRO",20,931,0,26
"2020-05-19","LB","Lebanon","EMRO",23,954,0,26
"2020-05-20","LB","Lebanon","EMRO",7,961,0,26
"2020-05-21","LB","Lebanon","EMRO",63,1024,0,26
"2020-05-22","LB","Lebanon","EMRO",0,1024,0,26
"2020-05-23","LB","Lebanon","EMRO",62,1086,0,26
"2020-05-24","LB","Lebanon","EMRO",11,1097,0,26
"2020-05-25","LB","Lebanon","EMRO",17,1114,0,26
"2020-05-26","LB","Lebanon","EMRO",5,1119,0,26
"2020-05-27","LB","Lebanon","EMRO",21,1140,0,26
"2020-05-28","LB","Lebanon","EMRO",21,1161,0,26
"2020-05-29","LB","Lebanon","EMRO",7,1168,0,26
"2020-05-30","LB","Lebanon","EMRO",4,1172,0,26
"2020-05-31","LB","Lebanon","EMRO",19,1191,0,26
"2020-06-01","LB","Lebanon","EMRO",29,1220,1,27
"2020-06-02","LB","Lebanon","EMRO",13,1233,0,27
"2020-06-03","LB","Lebanon","EMRO",9,1242,0,27
"2020-06-04","LB","Lebanon","EMRO",14,1256,0,27
"2020-06-05","LB","Lebanon","EMRO",50,1306,1,28
"2020-06-06","LB","Lebanon","EMRO",6,1312,0,28
"2020-06-07","LB","Lebanon","EMRO",8,1320,1,29
"2020-06-08","LB","Lebanon","EMRO",11,1331,1,30
"2020-06-09","LB","Lebanon","EMRO",19,1350,0,30
"2020-06-10","LB","Lebanon","EMRO",18,1368,0,30
"2020-06-11","LB","Lebanon","EMRO",20,1388,0,30
"2020-06-12","LB","Lebanon","EMRO",14,1402,1,31
"2020-06-13","LB","Lebanon","EMRO",20,1422,0,31
"2020-06-14","LB","Lebanon","EMRO",20,1442,1,32
"2020-06-15","LB","Lebanon","EMRO",4,1446,0,32
"2020-06-16","LB","Lebanon","EMRO",18,1464,0,32
"2020-06-17","LB","Lebanon","EMRO",9,1473,0,32
"2020-06-18","LB","Lebanon","EMRO",16,1489,0,32
"2020-06-19","LB","Lebanon","EMRO",6,1495,0,32
"2020-06-20","LB","Lebanon","EMRO",15,1510,0,32
"2020-06-21","LB","Lebanon","EMRO",26,1536,0,32
"2020-06-22","LB","Lebanon","EMRO",51,1587,0,32
"2020-06-23","LB","Lebanon","EMRO",16,1603,0,32
"2020-06-24","LB","Lebanon","EMRO",19,1622,0,32
"2020-06-25","LB","Lebanon","EMRO",22,1644,1,33
"2020-06-26","LB","Lebanon","EMRO",18,1662,0,33
"2020-06-27","LB","Lebanon","EMRO",35,1697,0,33
"2020-06-28","LB","Lebanon","EMRO",22,1719,0,33
"2020-06-29","LB","Lebanon","EMRO",21,1740,0,33
"2020-06-30","LB","Lebanon","EMRO",5,1745,1,34
"2020-07-01","LB","Lebanon","EMRO",33,1778,0,34
"2020-07-02","LB","Lebanon","EMRO",10,1788,0,34
"2020-07-03","LB","Lebanon","EMRO",8,1796,1,35
"2020-07-04","LB","Lebanon","EMRO",34,1830,0,35
"2020-07-05","LB","Lebanon","EMRO",25,1855,0,35
"2020-07-06","LB","Lebanon","EMRO",18,1873,1,36
"2020-07-07","LB","Lebanon","EMRO",12,1885,0,36
"2020-07-08","LB","Lebanon","EMRO",22,1907,0,36
"2020-07-09","LB","Lebanon","EMRO",38,1945,0,36
"2020-07-10","LB","Lebanon","EMRO",66,2011,0,36
"2020-07-11","LB","Lebanon","EMRO",71,2082,0,36
"2020-07-12","LB","Lebanon","EMRO",86,2168,0,36
"2020-07-13","LB","Lebanon","EMRO",166,2334,0,36
"2020-07-14","LB","Lebanon","EMRO",85,2419,0,36
"2020-07-15","LB","Lebanon","EMRO",32,2451,1,37
"2020-07-16","LB","Lebanon","EMRO",91,2542,1,38
"2020-07-17","LB","Lebanon","EMRO",57,2599,2,40
"2020-07-18","LB","Lebanon","EMRO",101,2700,0,40
"2020-07-19","LB","Lebanon","EMRO",75,2775,0,40
"2020-07-20","LB","Lebanon","EMRO",84,2859,0,40
"2020-07-21","LB","Lebanon","EMRO",46,2905,1,41
"2020-07-22","LB","Lebanon","EMRO",75,2980,0,41
"2020-07-23","LB","Lebanon","EMRO",124,3104,2,43
"2020-07-24","LB","Lebanon","EMRO",156,3260,0,43
"2020-07-25","LB","Lebanon","EMRO",147,3407,3,46
"2020-07-26","LB","Lebanon","EMRO",175,3582,1,47
"2020-07-27","LB","Lebanon","EMRO",168,3750,4,51
"2020-07-28","LB","Lebanon","EMRO",132,3882,0,51
"2020-07-29","LB","Lebanon","EMRO",141,4023,3,54
"2020-07-30","LB","Lebanon","EMRO",182,4205,1,55
"2020-07-31","LB","Lebanon","EMRO",129,4334,2,57
"2020-08-01","LB","Lebanon","EMRO",221,4555,2,59
"2020-08-02","LB","Lebanon","EMRO",175,4730,2,61
"2020-08-03","LB","Lebanon","EMRO",155,4885,1,62
"2020-08-04","LB","Lebanon","EMRO",177,5062,3,65
"2020-08-05","LB","Lebanon","EMRO",209,5271,1,66
"2020-08-06","LB","Lebanon","EMRO",146,5417,2,68
"2020-08-07","LB","Lebanon","EMRO",255,5672,2,70
"2020-08-08","LB","Lebanon","EMRO",279,5951,0,70
"2020-08-09","LB","Lebanon","EMRO",272,6223,4,74
"2020-08-10","LB","Lebanon","EMRO",294,6517,2,76
"2020-08-11","LB","Lebanon","EMRO",295,6812,4,80
"2020-08-12","LB","Lebanon","EMRO",309,7121,7,87
"2020-08-13","LB","Lebanon","EMRO",292,7413,2,89
"2020-08-14","LB","Lebanon","EMRO",298,7711,3,92
"2020-08-15","LB","Lebanon","EMRO",334,8045,2,94
"2020-08-16","LB","Lebanon","EMRO",397,8442,3,97
"2020-08-17","LB","Lebanon","EMRO",439,8881,6,103
"2020-08-18","LB","Lebanon","EMRO",456,9337,2,105
"2020-08-19","LB","Lebanon","EMRO",421,9758,2,107
"2020-08-20","LB","Lebanon","EMRO",589,10347,2,109
"2020-08-21","LB","Lebanon","EMRO",605,10952,4,113
"2020-08-22","LB","Lebanon","EMRO",628,11580,3,116
"2020-08-23","LB","Lebanon","EMRO",611,12191,5,121
"2020-08-24","LB","Lebanon","EMRO",507,12698,2,123
"2020-08-25","LB","Lebanon","EMRO",457,13155,3,126
"2020-08-26","LB","Lebanon","EMRO",532,13687,12,138
"2020-08-27","LB","Lebanon","EMRO",561,14248,1,139
"2020-08-28","LB","Lebanon","EMRO",689,14937,7,146
"2020-08-29","LB","Lebanon","EMRO",676,15613,2,148
"2020-08-30","LB","Lebanon","EMRO",662,16275,7,155
"2020-08-31","LB","Lebanon","EMRO",595,16870,5,160
"2020-09-01","LB","Lebanon","EMRO",438,17308,7,167
"2020-09-02","LB","Lebanon","EMRO",459,17767,4,171
"2020-09-03","LB","Lebanon","EMRO",598,18365,6,177
"2020-09-04","LB","Lebanon","EMRO",588,18953,2,179
"2020-09-05","LB","Lebanon","EMRO",527,19480,4,183
"2020-09-06","LB","Lebanon","EMRO",531,20011,4,187
"2020-09-07","LB","Lebanon","EMRO",415,20426,4,191
"2020-09-08","LB","Lebanon","EMRO",400,20826,9,200
"2020-09-09","LB","Lebanon","EMRO",498,21324,7,207
"2020-09-10","LB","Lebanon","EMRO",553,21877,5,212
"2020-09-11","LB","Lebanon","EMRO",560,22437,7,219
"2020-09-12","LB","Lebanon","EMRO",546,22983,10,229
"2020-09-13","LB","Lebanon","EMRO",686,23669,10,239
"2020-09-14","LB","Lebanon","EMRO",641,24310,2,241
"2020-09-15","LB","Lebanon","EMRO",547,24857,5,246
"2020-09-16","LB","Lebanon","EMRO",592,25449,6,252
"2020-09-17","LB","Lebanon","EMRO",634,26083,7,259
"2020-09-18","LB","Lebanon","EMRO",685,26768,4,263
"2020-09-19","LB","Lebanon","EMRO",750,27518,18,281
"2020-09-20","LB","Lebanon","EMRO",779,28297,5,286
"2020-09-21","LB","Lebanon","EMRO",1006,29303,11,297
"2020-09-22","LB","Lebanon","EMRO",684,29987,10,307
"2020-09-23","LB","Lebanon","EMRO",851,30838,8,315
"2020-09-24","LB","Lebanon","EMRO",940,31778,13,328
"2020-09-25","LB","Lebanon","EMRO",1027,32805,1,329
"2020-09-26","LB","Lebanon","EMRO",1143,33948,4,333
"2020-09-27","LB","Lebanon","EMRO",1280,35228,7,340
"2020-09-28","LB","Lebanon","EMRO",1012,36240,7,347
"2020-09-29","LB","Lebanon","EMRO",1018,37258,4,351
"2020-09-30","LB","Lebanon","EMRO",1105,38363,10,361
"2020-10-01","LB","Lebanon","EMRO",1257,39620,6,367
"2020-10-02","LB","Lebanon","EMRO",1248,40868,7,374
"2020-10-03","LB","Lebanon","EMRO",1291,42159,12,386
"2020-10-04","LB","Lebanon","EMRO",1321,43480,12,398
"2020-10-05","LB","Lebanon","EMRO",1002,44482,8,406
"2020-10-06","LB","Lebanon","EMRO",1175,45657,8,414
"2020-10-07","LB","Lebanon","EMRO",1261,46918,10,424
"2020-10-08","LB","Lebanon","EMRO",1459,48377,9,433
"2020-10-09","LB","Lebanon","EMRO",1367,49744,6,439
"2020-10-10","LB","Lebanon","EMRO",1426,51170,11,450
"2020-10-11","LB","Lebanon","EMRO",1388,52558,5,455
"2020-10-12","LB","Lebanon","EMRO",1010,53568,4,459
"2020-10-13","LB","Lebanon","EMRO",1056,54624,7,466
"2020-10-14","LB","Lebanon","EMRO",1245,55869,13,479
"2020-10-15","LB","Lebanon","EMRO",1226,57095,20,499
"2020-10-16","LB","Lebanon","EMRO",1418,58513,2,501
"2020-10-17","LB","Lebanon","EMRO",1366,59879,8,509
"2020-10-18","LB","Lebanon","EMRO",1068,60947,8,517
"2020-10-19","LB","Lebanon","EMRO",1002,61949,3,520
"2020-10-20","LB","Lebanon","EMRO",995,62944,6,526
"2020-10-21","LB","Lebanon","EMRO",1392,64336,5,531
"2020-10-22","LB","Lebanon","EMRO",1241,65577,5,536
"2020-10-23","LB","Lebanon","EMRO",1368,66945,16,552
"2020-10-24","LB","Lebanon","EMRO",1534,68479,7,559
"2020-10-25","LB","Lebanon","EMRO",1427,69906,3,562
"2020-10-26","LB","Lebanon","EMRO",1484,71390,3,565
"2020-10-27","LB","Lebanon","EMRO",796,72186,14,579
"2020-10-28","LB","Lebanon","EMRO",1809,73995,11,590
"2020-10-29","LB","Lebanon","EMRO",1850,75845,12,602
"2020-10-30","LB","Lebanon","EMRO",1933,77778,8,610
"2020-10-31","LB","Lebanon","EMRO",1751,79529,15,625
"2020-11-01","LB","Lebanon","EMRO",1699,81228,12,637
"2020-11-02","LB","Lebanon","EMRO",1389,82617,6,643
"2020-11-03","LB","Lebanon","EMRO",1080,83697,9,652
"2020-11-04","LB","Lebanon","EMRO",1512,85209,15,667
"2020-11-05","LB","Lebanon","EMRO",1888,87097,9,676
"2020-11-06","LB","Lebanon","EMRO",2089,89186,7,683
"2020-11-07","LB","Lebanon","EMRO",2142,91328,17,700
"2020-11-08","LB","Lebanon","EMRO",1769,93097,13,713
"2020-11-09","LB","Lebanon","EMRO",1139,94236,10,723
"2020-11-10","LB","Lebanon","EMRO",1119,95355,9,732
"2020-11-11","LB","Lebanon","EMRO",1552,96907,17,749
"2020-11-12","LB","Lebanon","EMRO",1922,98829,14,763
"2020-11-13","LB","Lebanon","EMRO",1874,100703,12,775
"2020-11-14","LB","Lebanon","EMRO",1904,102607,21,796
"2020-11-15","LB","Lebanon","EMRO",1660,104267,10,806
"2020-11-16","LB","Lebanon","EMRO",1163,105430,11,817
"2020-11-17","LB","Lebanon","EMRO",1016,106446,10,827
"2020-11-18","LB","Lebanon","EMRO",1507,107953,12,839
"2020-11-19","LB","Lebanon","EMRO",2084,110037,13,852
"2020-11-20","LB","Lebanon","EMRO",1909,111946,16,868
"2020-11-21","LB","Lebanon","EMRO",1668,113614,16,884
"2020-11-22","LB","Lebanon","EMRO",1628,115242,10,894
"2020-11-23","LB","Lebanon","EMRO",1193,116435,6,900
"2020-11-24","LB","Lebanon","EMRO",1041,117476,11,911
"2020-11-25","LB","Lebanon","EMRO",1188,118664,23,934
"2020-11-26","LB","Lebanon","EMRO",1636,120300,16,950
"2020-11-27","LB","Lebanon","EMRO",1859,122159,24,974
"2020-11-28","LB","Lebanon","EMRO",1782,123941,6,980
"2020-11-29","LB","Lebanon","EMRO",1696,125637,11,991
"2020-11-30","LB","Lebanon","EMRO",1266,126903,13,1004
"2020-12-01","LB","Lebanon","EMRO",1000,127903,14,1018
"2020-12-02","LB","Lebanon","EMRO",1511,129414,15,1033
"2020-12-03","LB","Lebanon","EMRO",1842,131256,22,1055
"2020-12-04","LB","Lebanon","EMRO",1520,132776,12,1067
"2020-12-05","LB","Lebanon","EMRO",1478,134254,11,1078
"2020-12-06","LB","Lebanon","EMRO",1622,135876,12,1090
"2020-12-07","LB","Lebanon","EMRO",1236,137112,9,1099
"2020-12-08","LB","Lebanon","EMRO",984,138096,16,1115
"2020-12-09","LB","Lebanon","EMRO",1039,139135,21,1136
"2020-12-10","LB","Lebanon","EMRO",1274,140409,20,1156
"2020-12-11","LB","Lebanon","EMRO",1778,142187,14,1170
"2020-12-12","LB","Lebanon","EMRO",1518,143705,12,1182
