"Fecha_de_reporte","Codigo_pais","Paises","Region","Casos_nuevos","Casos_acumulados","defunciones_nuevas","defunciones_acumuladas"
"2020-01-03","LR","Liberia","AFRO",0,0,0,0
"2020-01-04","LR","Liberia","AFRO",0,0,0,0
"2020-01-05","LR","Liberia","AFRO",0,0,0,0
"2020-01-06","LR","Liberia","AFRO",0,0,0,0
"2020-01-07","LR","Liberia","AFRO",0,0,0,0
"2020-01-08","LR","Liberia","AFRO",0,0,0,0
"2020-01-09","LR","Liberia","AFRO",0,0,0,0
"2020-01-10","LR","Liberia","AFRO",0,0,0,0
"2020-01-11","LR","Liberia","AFRO",0,0,0,0
"2020-01-12","LR","Liberia","AFRO",0,0,0,0
"2020-01-13","LR","Liberia","AFRO",0,0,0,0
"2020-01-14","LR","Liberia","AFRO",0,0,0,0
"2020-01-15","LR","Liberia","AFRO",0,0,0,0
"2020-01-16","LR","Liberia","AFRO",0,0,0,0
"2020-01-17","LR","Liberia","AFRO",0,0,0,0
"2020-01-18","LR","Liberia","AFRO",0,0,0,0
"2020-01-19","LR","Liberia","AFRO",0,0,0,0
"2020-01-20","LR","Liberia","AFRO",0,0,0,0
"2020-01-21","LR","Liberia","AFRO",0,0,0,0
"2020-01-22","LR","Liberia","AFRO",0,0,0,0
"2020-01-23","LR","Liberia","AFRO",0,0,0,0
"2020-01-24","LR","Liberia","AFRO",0,0,0,0
"2020-01-25","LR","Liberia","AFRO",0,0,0,0
"2020-01-26","LR","Liberia","AFRO",0,0,0,0
"2020-01-27","LR","Liberia","AFRO",0,0,0,0
"2020-01-28","LR","Liberia","AFRO",0,0,0,0
"2020-01-29","LR","Liberia","AFRO",0,0,0,0
"2020-01-30","LR","Liberia","AFRO",0,0,0,0
"2020-01-31","LR","Liberia","AFRO",0,0,0,0
"2020-02-01","LR","Liberia","AFRO",0,0,0,0
"2020-02-02","LR","Liberia","AFRO",0,0,0,0
"2020-02-03","LR","Liberia","AFRO",0,0,0,0
"2020-02-04","LR","Liberia","AFRO",0,0,0,0
"2020-02-05","LR","Liberia","AFRO",0,0,0,0
"2020-02-06","LR","Liberia","AFRO",0,0,0,0
"2020-02-07","LR","Liberia","AFRO",0,0,0,0
"2020-02-08","LR","Liberia","AFRO",0,0,0,0
"2020-02-09","LR","Liberia","AFRO",0,0,0,0
"2020-02-10","LR","Liberia","AFRO",0,0,0,0
"2020-02-11","LR","Liberia","AFRO",0,0,0,0
"2020-02-12","LR","Liberia","AFRO",0,0,0,0
"2020-02-13","LR","Liberia","AFRO",0,0,0,0
"2020-02-14","LR","Liberia","AFRO",0,0,0,0
"2020-02-15","LR","Liberia","AFRO",0,0,0,0
"2020-02-16","LR","Liberia","AFRO",0,0,0,0
"2020-02-17","LR","Liberia","AFRO",0,0,0,0
"2020-02-18","LR","Liberia","AFRO",0,0,0,0
"2020-02-19","LR","Liberia","AFRO",0,0,0,0
"2020-02-20","LR","Liberia","AFRO",0,0,0,0
"2020-02-21","LR","Liberia","AFRO",0,0,0,0
"2020-02-22","LR","Liberia","AFRO",0,0,0,0
"2020-02-23","LR","Liberia","AFRO",0,0,0,0
"2020-02-24","LR","Liberia","AFRO",0,0,0,0
"2020-02-25","LR","Liberia","AFRO",0,0,0,0
"2020-02-26","LR","Liberia","AFRO",0,0,0,0
"2020-02-27","LR","Liberia","AFRO",0,0,0,0
"2020-02-28","LR","Liberia","AFRO",0,0,0,0
"2020-02-29","LR","Liberia","AFRO",0,0,0,0
"2020-03-01","LR","Liberia","AFRO",0,0,0,0
"2020-03-02","LR","Liberia","AFRO",0,0,0,0
"2020-03-03","LR","Liberia","AFRO",0,0,0,0
"2020-03-04","LR","Liberia","AFRO",0,0,0,0
"2020-03-05","LR","Liberia","AFRO",0,0,0,0
"2020-03-06","LR","Liberia","AFRO",0,0,0,0
"2020-03-07","LR","Liberia","AFRO",0,0,0,0
"2020-03-08","LR","Liberia","AFRO",0,0,0,0
"2020-03-09","LR","Liberia","AFRO",0,0,0,0
"2020-03-10","LR","Liberia","AFRO",0,0,0,0
"2020-03-11","LR","Liberia","AFRO",0,0,0,0
"2020-03-12","LR","Liberia","AFRO",0,0,0,0
"2020-03-13","LR","Liberia","AFRO",0,0,0,0
"2020-03-14","LR","Liberia","AFRO",0,0,0,0
"2020-03-15","LR","Liberia","AFRO",0,0,0,0
"2020-03-16","LR","Liberia","AFRO",0,0,0,0
"2020-03-17","LR","Liberia","AFRO",5,5,0,0
"2020-03-18","LR","Liberia","AFRO",1,6,0,0
"2020-03-19","LR","Liberia","AFRO",0,6,0,0
"2020-03-20","LR","Liberia","AFRO",0,6,0,0
"2020-03-21","LR","Liberia","AFRO",-3,3,0,0
"2020-03-22","LR","Liberia","AFRO",0,3,0,0
"2020-03-23","LR","Liberia","AFRO",0,3,0,0
"2020-03-24","LR","Liberia","AFRO",0,3,0,0
"2020-03-25","LR","Liberia","AFRO",0,3,0,0
"2020-03-26","LR","Liberia","AFRO",0,3,0,0
"2020-03-27","LR","Liberia","AFRO",0,3,0,0
"2020-03-28","LR","Liberia","AFRO",0,3,0,0
"2020-03-29","LR","Liberia","AFRO",0,3,0,0
"2020-03-30","LR","Liberia","AFRO",0,3,0,0
"2020-03-31","LR","Liberia","AFRO",0,3,0,0
"2020-04-01","LR","Liberia","AFRO",3,6,0,0
"2020-04-02","LR","Liberia","AFRO",0,6,0,0
"2020-04-03","LR","Liberia","AFRO",0,6,0,0
"2020-04-04","LR","Liberia","AFRO",1,7,0,0
"2020-04-05","LR","Liberia","AFRO",3,10,1,1
"2020-04-06","LR","Liberia","AFRO",3,13,2,3
"2020-04-07","LR","Liberia","AFRO",1,14,0,3
"2020-04-08","LR","Liberia","AFRO",0,14,0,3
"2020-04-09","LR","Liberia","AFRO",17,31,1,4
"2020-04-10","LR","Liberia","AFRO",0,31,0,4
"2020-04-11","LR","Liberia","AFRO",6,37,1,5
"2020-04-12","LR","Liberia","AFRO",11,48,0,5
"2020-04-13","LR","Liberia","AFRO",2,50,0,5
"2020-04-14","LR","Liberia","AFRO",1,51,1,6
"2020-04-15","LR","Liberia","AFRO",8,59,0,6
"2020-04-16","LR","Liberia","AFRO",0,59,0,6
"2020-04-17","LR","Liberia","AFRO",14,73,0,6
"2020-04-18","LR","Liberia","AFRO",3,76,1,7
"2020-04-19","LR","Liberia","AFRO",5,81,0,7
"2020-04-20","LR","Liberia","AFRO",10,91,1,8
"2020-04-21","LR","Liberia","AFRO",8,99,0,8
"2020-04-22","LR","Liberia","AFRO",2,101,0,8
"2020-04-23","LR","Liberia","AFRO",0,101,0,8
"2020-04-24","LR","Liberia","AFRO",0,101,0,8
"2020-04-25","LR","Liberia","AFRO",16,117,0,8
"2020-04-26","LR","Liberia","AFRO",3,120,3,11
"2020-04-27","LR","Liberia","AFRO",4,124,1,12
"2020-04-28","LR","Liberia","AFRO",9,133,4,16
"2020-04-29","LR","Liberia","AFRO",8,141,0,16
"2020-04-30","LR","Liberia","AFRO",0,141,0,16
"2020-05-01","LR","Liberia","AFRO",0,141,0,16
"2020-05-02","LR","Liberia","AFRO",11,152,2,18
"2020-05-03","LR","Liberia","AFRO",2,154,0,18
"2020-05-04","LR","Liberia","AFRO",4,158,0,18
"2020-05-05","LR","Liberia","AFRO",8,166,0,18
"2020-05-06","LR","Liberia","AFRO",4,170,2,20
"2020-05-07","LR","Liberia","AFRO",8,178,0,20
"2020-05-08","LR","Liberia","AFRO",11,189,0,20
"2020-05-09","LR","Liberia","AFRO",10,199,0,20
"2020-05-10","LR","Liberia","AFRO",0,199,0,20
"2020-05-11","LR","Liberia","AFRO",5,204,0,20
"2020-05-12","LR","Liberia","AFRO",7,211,0,20
"2020-05-13","LR","Liberia","AFRO",1,212,0,20
"2020-05-14","LR","Liberia","AFRO",1,213,0,20
"2020-05-15","LR","Liberia","AFRO",2,215,0,20
"2020-05-16","LR","Liberia","AFRO",4,219,0,20
"2020-05-17","LR","Liberia","AFRO",4,223,0,20
"2020-05-18","LR","Liberia","AFRO",3,226,1,21
"2020-05-19","LR","Liberia","AFRO",3,229,1,22
"2020-05-20","LR","Liberia","AFRO",4,233,1,23
"2020-05-21","LR","Liberia","AFRO",5,238,0,23
"2020-05-22","LR","Liberia","AFRO",2,240,0,23
"2020-05-23","LR","Liberia","AFRO",9,249,1,24
"2020-05-24","LR","Liberia","AFRO",6,255,2,26
"2020-05-25","LR","Liberia","AFRO",10,265,0,26
"2020-05-26","LR","Liberia","AFRO",0,265,0,26
"2020-05-27","LR","Liberia","AFRO",1,266,0,26
"2020-05-28","LR","Liberia","AFRO",0,266,1,27
"2020-05-29","LR","Liberia","AFRO",3,269,0,27
"2020-05-30","LR","Liberia","AFRO",4,273,0,27
"2020-05-31","LR","Liberia","AFRO",7,280,0,27
"2020-06-01","LR","Liberia","AFRO",8,288,0,27
"2020-06-02","LR","Liberia","AFRO",8,296,0,27
"2020-06-03","LR","Liberia","AFRO",15,311,1,28
"2020-06-04","LR","Liberia","AFRO",5,316,0,28
"2020-06-05","LR","Liberia","AFRO",5,321,0,28
"2020-06-06","LR","Liberia","AFRO",13,334,2,30
"2020-06-07","LR","Liberia","AFRO",11,345,0,30
"2020-06-08","LR","Liberia","AFRO",14,359,0,30
"2020-06-09","LR","Liberia","AFRO",11,370,0,30
"2020-06-10","LR","Liberia","AFRO",13,383,1,31
"2020-06-11","LR","Liberia","AFRO",14,397,0,31
"2020-06-12","LR","Liberia","AFRO",13,410,0,31
"2020-06-13","LR","Liberia","AFRO",11,421,1,32
"2020-06-14","LR","Liberia","AFRO",25,446,0,32
"2020-06-15","LR","Liberia","AFRO",12,458,0,32
"2020-06-16","LR","Liberia","AFRO",40,498,1,33
"2020-06-17","LR","Liberia","AFRO",11,509,0,33
"2020-06-18","LR","Liberia","AFRO",7,516,0,33
"2020-06-19","LR","Liberia","AFRO",26,542,0,33
"2020-06-20","LR","Liberia","AFRO",39,581,0,33
"2020-06-21","LR","Liberia","AFRO",20,601,0,33
"2020-06-22","LR","Liberia","AFRO",25,626,1,34
"2020-06-23","LR","Liberia","AFRO",24,650,0,34
"2020-06-24","LR","Liberia","AFRO",2,652,0,34
"2020-06-25","LR","Liberia","AFRO",10,662,0,34
"2020-06-26","LR","Liberia","AFRO",19,681,0,34
"2020-06-27","LR","Liberia","AFRO",3,684,0,34
"2020-06-28","LR","Liberia","AFRO",0,684,0,34
"2020-06-29","LR","Liberia","AFRO",84,768,0,34
"2020-06-30","LR","Liberia","AFRO",2,770,2,36
"2020-07-01","LR","Liberia","AFRO",10,780,0,36
"2020-07-02","LR","Liberia","AFRO",24,804,1,37
"2020-07-03","LR","Liberia","AFRO",15,819,0,37
"2020-07-04","LR","Liberia","AFRO",14,833,0,37
"2020-07-05","LR","Liberia","AFRO",0,833,0,37
"2020-07-06","LR","Liberia","AFRO",41,874,0,37
"2020-07-07","LR","Liberia","AFRO",17,891,2,39
"2020-07-08","LR","Liberia","AFRO",26,917,2,41
"2020-07-09","LR","Liberia","AFRO",9,926,0,41
"2020-07-10","LR","Liberia","AFRO",31,957,1,42
"2020-07-11","LR","Liberia","AFRO",6,963,5,47
"2020-07-12","LR","Liberia","AFRO",35,998,0,47
"2020-07-13","LR","Liberia","AFRO",12,1010,4,51
"2020-07-14","LR","Liberia","AFRO",14,1024,0,51
"2020-07-15","LR","Liberia","AFRO",14,1038,0,51
"2020-07-16","LR","Liberia","AFRO",18,1056,15,66
"2020-07-17","LR","Liberia","AFRO",14,1070,2,68
"2020-07-18","LR","Liberia","AFRO",0,1070,0,68
"2020-07-19","LR","Liberia","AFRO",18,1088,2,70
"2020-07-20","LR","Liberia","AFRO",3,1091,0,70
"2020-07-21","LR","Liberia","AFRO",16,1107,0,70
"2020-07-22","LR","Liberia","AFRO",1,1108,0,70
"2020-07-23","LR","Liberia","AFRO",6,1114,0,70
"2020-07-24","LR","Liberia","AFRO",3,1117,1,71
"2020-07-25","LR","Liberia","AFRO",18,1135,0,71
"2020-07-26","LR","Liberia","AFRO",0,1135,0,71
"2020-07-27","LR","Liberia","AFRO",27,1162,1,72
"2020-07-28","LR","Liberia","AFRO",5,1167,0,72
"2020-07-29","LR","Liberia","AFRO",0,1167,0,72
"2020-07-30","LR","Liberia","AFRO",12,1179,0,72
"2020-07-31","LR","Liberia","AFRO",2,1181,1,73
"2020-08-01","LR","Liberia","AFRO",5,1186,2,75
"2020-08-02","LR","Liberia","AFRO",3,1189,0,75
"2020-08-03","LR","Liberia","AFRO",18,1207,2,77
"2020-08-04","LR","Liberia","AFRO",7,1214,1,78
"2020-08-05","LR","Liberia","AFRO",2,1216,0,78
"2020-08-06","LR","Liberia","AFRO",5,1221,0,78
"2020-08-07","LR","Liberia","AFRO",3,1224,0,78
"2020-08-08","LR","Liberia","AFRO",6,1230,0,78
"2020-08-09","LR","Liberia","AFRO",4,1234,1,79
"2020-08-10","LR","Liberia","AFRO",3,1237,0,79
"2020-08-11","LR","Liberia","AFRO",3,1240,0,79
"2020-08-12","LR","Liberia","AFRO",0,1240,0,79
"2020-08-13","LR","Liberia","AFRO",12,1252,3,82
"2020-08-14","LR","Liberia","AFRO",0,1252,0,82
"2020-08-15","LR","Liberia","AFRO",2,1254,0,82
"2020-08-16","LR","Liberia","AFRO",3,1257,0,82
"2020-08-17","LR","Liberia","AFRO",0,1257,0,82
"2020-08-18","LR","Liberia","AFRO",20,1277,0,82
"2020-08-19","LR","Liberia","AFRO",0,1277,0,82
"2020-08-20","LR","Liberia","AFRO",5,1282,0,82
"2020-08-21","LR","Liberia","AFRO",2,1284,0,82
"2020-08-22","LR","Liberia","AFRO",1,1285,0,82
"2020-08-23","LR","Liberia","AFRO",0,1285,0,82
"2020-08-24","LR","Liberia","AFRO",1,1286,0,82
"2020-08-25","LR","Liberia","AFRO",0,1286,0,82
"2020-08-26","LR","Liberia","AFRO",4,1290,0,82
"2020-08-27","LR","Liberia","AFRO",0,1290,0,82
"2020-08-28","LR","Liberia","AFRO",0,1290,0,82
"2020-08-29","LR","Liberia","AFRO",0,1290,0,82
"2020-08-30","LR","Liberia","AFRO",13,1303,0,82
"2020-08-31","LR","Liberia","AFRO",0,1303,0,82
"2020-09-01","LR","Liberia","AFRO",2,1305,0,82
"2020-09-02","LR","Liberia","AFRO",0,1305,0,82
"2020-09-03","LR","Liberia","AFRO",0,1305,0,82
"2020-09-04","LR","Liberia","AFRO",1,1306,0,82
"2020-09-05","LR","Liberia","AFRO",0,1306,0,82
"2020-09-06","LR","Liberia","AFRO",0,1306,0,82
"2020-09-07","LR","Liberia","AFRO",0,1306,0,82
"2020-09-08","LR","Liberia","AFRO",5,1311,0,82
"2020-09-09","LR","Liberia","AFRO",0,1311,0,82
"2020-09-10","LR","Liberia","AFRO",0,1311,0,82
"2020-09-11","LR","Liberia","AFRO",0,1311,0,82
"2020-09-12","LR","Liberia","AFRO",0,1311,0,82
"2020-09-13","LR","Liberia","AFRO",0,1311,0,82
"2020-09-14","LR","Liberia","AFRO",0,1311,0,82
"2020-09-15","LR","Liberia","AFRO",0,1311,0,82
"2020-09-16","LR","Liberia","AFRO",16,1327,0,82
"2020-09-17","LR","Liberia","AFRO",0,1327,0,82
"2020-09-18","LR","Liberia","AFRO",6,1333,0,82
"2020-09-19","LR","Liberia","AFRO",1,1334,0,82
"2020-09-20","LR","Liberia","AFRO",1,1335,0,82
"2020-09-21","LR","Liberia","AFRO",1,1336,0,82
"2020-09-22","LR","Liberia","AFRO",0,1336,0,82
"2020-09-23","LR","Liberia","AFRO",0,1336,0,82
"2020-09-24","LR","Liberia","AFRO",1,1337,0,82
"2020-09-25","LR","Liberia","AFRO",1,1338,0,82
"2020-09-26","LR","Liberia","AFRO",0,1338,0,82
"2020-09-27","LR","Liberia","AFRO",0,1338,0,82
"2020-09-28","LR","Liberia","AFRO",1,1339,0,82
"2020-09-29","LR","Liberia","AFRO",0,1339,0,82
"2020-09-30","LR","Liberia","AFRO",0,1339,0,82
"2020-10-01","LR","Liberia","AFRO",4,1343,0,82
"2020-10-02","LR","Liberia","AFRO",0,1343,0,82
"2020-10-03","LR","Liberia","AFRO",0,1343,0,82
"2020-10-04","LR","Liberia","AFRO",4,1347,0,82
"2020-10-05","LR","Liberia","AFRO",1,1348,0,82
"2020-10-06","LR","Liberia","AFRO",6,1354,0,82
"2020-10-07","LR","Liberia","AFRO",0,1354,0,82
"2020-10-08","LR","Liberia","AFRO",0,1354,0,82
"2020-10-09","LR","Liberia","AFRO",6,1360,0,82
"2020-10-10","LR","Liberia","AFRO",0,1360,0,82
"2020-10-11","LR","Liberia","AFRO",3,1363,0,82
"2020-10-12","LR","Liberia","AFRO",7,1370,0,82
"2020-10-13","LR","Liberia","AFRO",0,1370,0,82
"2020-10-14","LR","Liberia","AFRO",2,1372,0,82
"2020-10-15","LR","Liberia","AFRO",0,1372,0,82
"2020-10-16","LR","Liberia","AFRO",0,1372,0,82
"2020-10-17","LR","Liberia","AFRO",5,1377,0,82
"2020-10-18","LR","Liberia","AFRO",0,1377,0,82
"2020-10-19","LR","Liberia","AFRO",3,1380,0,82
"2020-10-20","LR","Liberia","AFRO",1,1381,0,82
"2020-10-21","LR","Liberia","AFRO",3,1384,0,82
"2020-10-22","LR","Liberia","AFRO",1,1385,0,82
"2020-10-23","LR","Liberia","AFRO",0,1385,0,82
"2020-10-24","LR","Liberia","AFRO",8,1393,0,82
"2020-10-25","LR","Liberia","AFRO",2,1395,0,82
"2020-10-26","LR","Liberia","AFRO",0,1395,0,82
"2020-10-27","LR","Liberia","AFRO",21,1416,0,82
"2020-10-28","LR","Liberia","AFRO",3,1419,0,82
"2020-10-29","LR","Liberia","AFRO",0,1419,0,82
"2020-10-30","LR","Liberia","AFRO",7,1426,0,82
"2020-10-31","LR","Liberia","AFRO",0,1426,0,82
"2020-11-01","LR","Liberia","AFRO",0,1426,0,82
"2020-11-02","LR","Liberia","AFRO",0,1426,0,82
"2020-11-03","LR","Liberia","AFRO",0,1426,0,82
"2020-11-04","LR","Liberia","AFRO",10,1436,0,82
"2020-11-05","LR","Liberia","AFRO",0,1436,0,82
"2020-11-06","LR","Liberia","AFRO",0,1436,0,82
"2020-11-07","LR","Liberia","AFRO",0,1436,0,82
"2020-11-08","LR","Liberia","AFRO",6,1442,0,82
"2020-11-09","LR","Liberia","AFRO",6,1448,0,82
"2020-11-10","LR","Liberia","AFRO",0,1448,0,82
"2020-11-11","LR","Liberia","AFRO",13,1461,0,82
"2020-11-12","LR","Liberia","AFRO",0,1461,0,82
"2020-11-13","LR","Liberia","AFRO",7,1468,0,82
"2020-11-14","LR","Liberia","AFRO",23,1491,0,82
"2020-11-15","LR","Liberia","AFRO",7,1498,0,82
"2020-11-16","LR","Liberia","AFRO",9,1507,0,82
"2020-11-17","LR","Liberia","AFRO",5,1512,0,82
"2020-11-18","LR","Liberia","AFRO",0,1512,0,82
"2020-11-19","LR","Liberia","AFRO",5,1517,0,82
"2020-11-20","LR","Liberia","AFRO",22,1539,0,82
"2020-11-21","LR","Liberia","AFRO",0,1539,0,82
"2020-11-22","LR","Liberia","AFRO",15,1554,0,82
"2020-11-23","LR","Liberia","AFRO",0,1554,0,82
"2020-11-24","LR","Liberia","AFRO",0,1554,0,82
"2020-11-25","LR","Liberia","AFRO",0,1554,0,82
"2020-11-26","LR","Liberia","AFRO",24,1578,1,83
"2020-11-27","LR","Liberia","AFRO",13,1591,0,83
"2020-11-28","LR","Liberia","AFRO",4,1595,0,83
"2020-11-29","LR","Liberia","AFRO",0,1595,0,83
"2020-11-30","LR","Liberia","AFRO",3,1598,0,83
"2020-12-01","LR","Liberia","AFRO",0,1598,0,83
"2020-12-02","LR","Liberia","AFRO",0,1598,0,83
"2020-12-03","LR","Liberia","AFRO",0,1598,0,83
"2020-12-04","LR","Liberia","AFRO",0,1598,0,83
"2020-12-05","LR","Liberia","AFRO",65,1663,0,83
"2020-12-06","LR","Liberia","AFRO",13,1676,0,83
"2020-12-07","LR","Liberia","AFRO",0,1676,0,83
"2020-12-08","LR","Liberia","AFRO",0,1676,0,83
"2020-12-09","LR","Liberia","AFRO",0,1676,0,83
"2020-12-10","LR","Liberia","AFRO",0,1676,0,83
"2020-12-11","LR","Liberia","AFRO",0,1676,0,83
"2020-12-12","LR","Liberia","AFRO",0,1676,0,83
