"Fecha_de_reporte","Codigo_pais","Paises","Region","Casos_nuevos","Casos_acumulados","defunciones_nuevas","defunciones_acumuladas"
"2020-01-03","LT","Lithuania","EURO",0,0,0,0
"2020-01-04","LT","Lithuania","EURO",0,0,0,0
"2020-01-05","LT","Lithuania","EURO",0,0,0,0
"2020-01-06","LT","Lithuania","EURO",0,0,0,0
"2020-01-07","LT","Lithuania","EURO",0,0,0,0
"2020-01-08","LT","Lithuania","EURO",0,0,0,0
"2020-01-09","LT","Lithuania","EURO",0,0,0,0
"2020-01-10","LT","Lithuania","EURO",0,0,0,0
"2020-01-11","LT","Lithuania","EURO",0,0,0,0
"2020-01-12","LT","Lithuania","EURO",0,0,0,0
"2020-01-13","LT","Lithuania","EURO",0,0,0,0
"2020-01-14","LT","Lithuania","EURO",0,0,0,0
"2020-01-15","LT","Lithuania","EURO",0,0,0,0
"2020-01-16","LT","Lithuania","EURO",0,0,0,0
"2020-01-17","LT","Lithuania","EURO",0,0,0,0
"2020-01-18","LT","Lithuania","EURO",0,0,0,0
"2020-01-19","LT","Lithuania","EURO",0,0,0,0
"2020-01-20","LT","Lithuania","EURO",0,0,0,0
"2020-01-21","LT","Lithuania","EURO",0,0,0,0
"2020-01-22","LT","Lithuania","EURO",0,0,0,0
"2020-01-23","LT","Lithuania","EURO",0,0,0,0
"2020-01-24","LT","Lithuania","EURO",0,0,0,0
"2020-01-25","LT","Lithuania","EURO",0,0,0,0
"2020-01-26","LT","Lithuania","EURO",0,0,0,0
"2020-01-27","LT","Lithuania","EURO",0,0,0,0
"2020-01-28","LT","Lithuania","EURO",0,0,0,0
"2020-01-29","LT","Lithuania","EURO",0,0,0,0
"2020-01-30","LT","Lithuania","EURO",0,0,0,0
"2020-01-31","LT","Lithuania","EURO",0,0,0,0
"2020-02-01","LT","Lithuania","EURO",0,0,0,0
"2020-02-02","LT","Lithuania","EURO",0,0,0,0
"2020-02-03","LT","Lithuania","EURO",0,0,0,0
"2020-02-04","LT","Lithuania","EURO",0,0,0,0
"2020-02-05","LT","Lithuania","EURO",0,0,0,0
"2020-02-06","LT","Lithuania","EURO",0,0,0,0
"2020-02-07","LT","Lithuania","EURO",0,0,0,0
"2020-02-08","LT","Lithuania","EURO",0,0,0,0
"2020-02-09","LT","Lithuania","EURO",0,0,0,0
"2020-02-10","LT","Lithuania","EURO",0,0,0,0
"2020-02-11","LT","Lithuania","EURO",0,0,0,0
"2020-02-12","LT","Lithuania","EURO",0,0,0,0
"2020-02-13","LT","Lithuania","EURO",0,0,0,0
"2020-02-14","LT","Lithuania","EURO",0,0,0,0
"2020-02-15","LT","Lithuania","EURO",0,0,0,0
"2020-02-16","LT","Lithuania","EURO",0,0,0,0
"2020-02-17","LT","Lithuania","EURO",0,0,0,0
"2020-02-18","LT","Lithuania","EURO",0,0,0,0
"2020-02-19","LT","Lithuania","EURO",0,0,0,0
"2020-02-20","LT","Lithuania","EURO",0,0,0,0
"2020-02-21","LT","Lithuania","EURO",0,0,0,0
"2020-02-22","LT","Lithuania","EURO",0,0,0,0
"2020-02-23","LT","Lithuania","EURO",0,0,0,0
"2020-02-24","LT","Lithuania","EURO",0,0,0,0
"2020-02-25","LT","Lithuania","EURO",0,0,0,0
"2020-02-26","LT","Lithuania","EURO",0,0,0,0
"2020-02-27","LT","Lithuania","EURO",0,0,0,0
"2020-02-28","LT","Lithuania","EURO",1,1,0,0
"2020-02-29","LT","Lithuania","EURO",0,1,0,0
"2020-03-01","LT","Lithuania","EURO",0,1,0,0
"2020-03-02","LT","Lithuania","EURO",0,1,0,0
"2020-03-03","LT","Lithuania","EURO",0,1,0,0
"2020-03-04","LT","Lithuania","EURO",0,1,0,0
"2020-03-05","LT","Lithuania","EURO",0,1,0,0
"2020-03-06","LT","Lithuania","EURO",0,1,0,0
"2020-03-07","LT","Lithuania","EURO",0,1,0,0
"2020-03-08","LT","Lithuania","EURO",0,1,0,0
"2020-03-09","LT","Lithuania","EURO",0,1,0,0
"2020-03-10","LT","Lithuania","EURO",0,1,0,0
"2020-03-11","LT","Lithuania","EURO",2,3,0,0
"2020-03-12","LT","Lithuania","EURO",0,3,0,0
"2020-03-13","LT","Lithuania","EURO",0,3,0,0
"2020-03-14","LT","Lithuania","EURO",3,6,0,0
"2020-03-15","LT","Lithuania","EURO",3,9,0,0
"2020-03-16","LT","Lithuania","EURO",5,14,0,0
"2020-03-17","LT","Lithuania","EURO",3,17,0,0
"2020-03-18","LT","Lithuania","EURO",8,25,0,0
"2020-03-19","LT","Lithuania","EURO",8,33,0,0
"2020-03-20","LT","Lithuania","EURO",15,48,0,0
"2020-03-21","LT","Lithuania","EURO",21,69,1,1
"2020-03-22","LT","Lithuania","EURO",36,105,0,1
"2020-03-23","LT","Lithuania","EURO",38,143,0,1
"2020-03-24","LT","Lithuania","EURO",36,179,0,1
"2020-03-25","LT","Lithuania","EURO",30,209,1,2
"2020-03-26","LT","Lithuania","EURO",65,274,2,4
"2020-03-27","LT","Lithuania","EURO",25,299,0,4
"2020-03-28","LT","Lithuania","EURO",59,358,1,5
"2020-03-29","LT","Lithuania","EURO",36,394,2,7
"2020-03-30","LT","Lithuania","EURO",90,484,0,7
"2020-03-31","LT","Lithuania","EURO",0,484,0,7
"2020-04-01","LT","Lithuania","EURO",49,533,0,7
"2020-04-02","LT","Lithuania","EURO",48,581,1,8
"2020-04-03","LT","Lithuania","EURO",68,649,1,9
"2020-04-04","LT","Lithuania","EURO",122,771,0,9
"2020-04-05","LT","Lithuania","EURO",0,771,0,9
"2020-04-06","LT","Lithuania","EURO",40,811,4,13
"2020-04-07","LT","Lithuania","EURO",32,843,1,14
"2020-04-08","LT","Lithuania","EURO",37,880,1,15
"2020-04-09","LT","Lithuania","EURO",32,912,0,15
"2020-04-10","LT","Lithuania","EURO",43,955,0,15
"2020-04-11","LT","Lithuania","EURO",44,999,2,17
"2020-04-12","LT","Lithuania","EURO",54,1053,6,23
"2020-04-13","LT","Lithuania","EURO",9,1062,1,24
"2020-04-14","LT","Lithuania","EURO",8,1070,0,24
"2020-04-15","LT","Lithuania","EURO",0,1070,0,24
"2020-04-16","LT","Lithuania","EURO",21,1091,5,29
"2020-04-17","LT","Lithuania","EURO",58,1149,3,32
"2020-04-18","LT","Lithuania","EURO",90,1239,1,33
"2020-04-19","LT","Lithuania","EURO",59,1298,0,33
"2020-04-20","LT","Lithuania","EURO",28,1326,3,36
"2020-04-21","LT","Lithuania","EURO",24,1350,1,37
"2020-04-22","LT","Lithuania","EURO",20,1370,1,38
"2020-04-23","LT","Lithuania","EURO",28,1398,0,38
"2020-04-24","LT","Lithuania","EURO",12,1410,2,40
"2020-04-25","LT","Lithuania","EURO",0,1410,0,40
"2020-04-26","LT","Lithuania","EURO",16,1426,1,41
"2020-04-27","LT","Lithuania","EURO",12,1438,0,41
"2020-04-28","LT","Lithuania","EURO",11,1449,0,41
"2020-04-29","LT","Lithuania","EURO",-105,1344,3,44
"2020-04-30","LT","Lithuania","EURO",31,1375,1,45
"2020-05-01","LT","Lithuania","EURO",10,1385,0,45
"2020-05-02","LT","Lithuania","EURO",14,1399,0,45
"2020-05-03","LT","Lithuania","EURO",7,1406,1,46
"2020-05-04","LT","Lithuania","EURO",4,1410,0,46
"2020-05-05","LT","Lithuania","EURO",9,1419,0,46
"2020-05-06","LT","Lithuania","EURO",4,1423,0,46
"2020-05-07","LT","Lithuania","EURO",5,1428,2,48
"2020-05-08","LT","Lithuania","EURO",5,1433,1,49
"2020-05-09","LT","Lithuania","EURO",3,1436,0,49
"2020-05-10","LT","Lithuania","EURO",8,1444,1,50
"2020-05-11","LT","Lithuania","EURO",35,1479,0,50
"2020-05-12","LT","Lithuania","EURO",6,1485,0,50
"2020-05-13","LT","Lithuania","EURO",6,1491,0,50
"2020-05-14","LT","Lithuania","EURO",14,1505,4,54
"2020-05-15","LT","Lithuania","EURO",6,1511,0,54
"2020-05-16","LT","Lithuania","EURO",12,1523,0,54
"2020-05-17","LT","Lithuania","EURO",11,1534,1,55
"2020-05-18","LT","Lithuania","EURO",7,1541,1,56
"2020-05-19","LT","Lithuania","EURO",6,1547,3,59
"2020-05-20","LT","Lithuania","EURO",15,1562,1,60
"2020-05-21","LT","Lithuania","EURO",15,1577,0,60
"2020-05-22","LT","Lithuania","EURO",17,1594,1,61
"2020-05-23","LT","Lithuania","EURO",10,1604,0,61
"2020-05-24","LT","Lithuania","EURO",12,1616,2,63
"2020-05-25","LT","Lithuania","EURO",7,1623,0,63
"2020-05-26","LT","Lithuania","EURO",12,1635,0,63
"2020-05-27","LT","Lithuania","EURO",4,1639,2,65
"2020-05-28","LT","Lithuania","EURO",8,1647,1,66
"2020-05-29","LT","Lithuania","EURO",9,1656,2,68
"2020-05-30","LT","Lithuania","EURO",6,1662,0,68
"2020-05-31","LT","Lithuania","EURO",8,1670,2,70
"2020-06-01","LT","Lithuania","EURO",5,1675,0,70
"2020-06-02","LT","Lithuania","EURO",3,1678,0,70
"2020-06-03","LT","Lithuania","EURO",4,1682,1,71
"2020-06-04","LT","Lithuania","EURO",2,1684,0,71
"2020-06-05","LT","Lithuania","EURO",3,1687,0,71
"2020-06-06","LT","Lithuania","EURO",7,1694,0,71
"2020-06-07","LT","Lithuania","EURO",11,1705,0,71
"2020-06-08","LT","Lithuania","EURO",9,1714,0,71
"2020-06-09","LT","Lithuania","EURO",6,1720,0,71
"2020-06-10","LT","Lithuania","EURO",7,1727,1,72
"2020-06-11","LT","Lithuania","EURO",6,1733,2,74
"2020-06-12","LT","Lithuania","EURO",19,1752,0,74
"2020-06-13","LT","Lithuania","EURO",4,1756,0,74
"2020-06-14","LT","Lithuania","EURO",7,1763,1,75
"2020-06-15","LT","Lithuania","EURO",5,1768,0,75
"2020-06-16","LT","Lithuania","EURO",5,1773,1,76
"2020-06-17","LT","Lithuania","EURO",3,1776,0,76
"2020-06-18","LT","Lithuania","EURO",2,1778,0,76
"2020-06-19","LT","Lithuania","EURO",6,1784,0,76
"2020-06-20","LT","Lithuania","EURO",8,1792,0,76
"2020-06-21","LT","Lithuania","EURO",3,1795,0,76
"2020-06-22","LT","Lithuania","EURO",3,1798,0,76
"2020-06-23","LT","Lithuania","EURO",3,1801,0,76
"2020-06-24","LT","Lithuania","EURO",2,1803,1,77
"2020-06-25","LT","Lithuania","EURO",1,1804,1,78
"2020-06-26","LT","Lithuania","EURO",2,1806,0,78
"2020-06-27","LT","Lithuania","EURO",2,1808,0,78
"2020-06-28","LT","Lithuania","EURO",5,1813,0,78
"2020-06-29","LT","Lithuania","EURO",3,1816,0,78
"2020-06-30","LT","Lithuania","EURO",0,1816,0,78
"2020-07-01","LT","Lithuania","EURO",1,1817,0,78
"2020-07-02","LT","Lithuania","EURO",1,1818,0,78
"2020-07-03","LT","Lithuania","EURO",7,1825,0,78
"2020-07-04","LT","Lithuania","EURO",3,1828,1,79
"2020-07-05","LT","Lithuania","EURO",3,1831,0,79
"2020-07-06","LT","Lithuania","EURO",5,1836,0,79
"2020-07-07","LT","Lithuania","EURO",5,1841,0,79
"2020-07-08","LT","Lithuania","EURO",3,1844,0,79
"2020-07-09","LT","Lithuania","EURO",10,1854,0,79
"2020-07-10","LT","Lithuania","EURO",3,1857,0,79
"2020-07-11","LT","Lithuania","EURO",4,1861,0,79
"2020-07-12","LT","Lithuania","EURO",4,1865,0,79
"2020-07-13","LT","Lithuania","EURO",4,1869,0,79
"2020-07-14","LT","Lithuania","EURO",5,1874,0,79
"2020-07-15","LT","Lithuania","EURO",1,1875,0,79
"2020-07-16","LT","Lithuania","EURO",7,1882,0,79
"2020-07-17","LT","Lithuania","EURO",20,1902,0,79
"2020-07-18","LT","Lithuania","EURO",6,1908,0,79
"2020-07-19","LT","Lithuania","EURO",7,1915,1,80
"2020-07-20","LT","Lithuania","EURO",17,1932,0,80
"2020-07-21","LT","Lithuania","EURO",15,1947,0,80
"2020-07-22","LT","Lithuania","EURO",2,1949,0,80
"2020-07-23","LT","Lithuania","EURO",11,1960,0,80
"2020-07-24","LT","Lithuania","EURO",0,1960,0,80
"2020-07-25","LT","Lithuania","EURO",26,1986,0,80
"2020-07-26","LT","Lithuania","EURO",15,2001,0,80
"2020-07-27","LT","Lithuania","EURO",7,2008,0,80
"2020-07-28","LT","Lithuania","EURO",11,2019,0,80
"2020-07-29","LT","Lithuania","EURO",8,2027,0,80
"2020-07-30","LT","Lithuania","EURO",16,2043,0,80
"2020-07-31","LT","Lithuania","EURO",19,2062,0,80
"2020-08-01","LT","Lithuania","EURO",13,2075,0,80
"2020-08-02","LT","Lithuania","EURO",18,2093,0,80
"2020-08-03","LT","Lithuania","EURO",17,2110,0,80
"2020-08-04","LT","Lithuania","EURO",10,2120,0,80
"2020-08-05","LT","Lithuania","EURO",17,2137,0,80
"2020-08-06","LT","Lithuania","EURO",10,2147,1,81
"2020-08-07","LT","Lithuania","EURO",24,2171,0,81
"2020-08-08","LT","Lithuania","EURO",23,2194,0,81
"2020-08-09","LT","Lithuania","EURO",37,2231,0,81
"2020-08-10","LT","Lithuania","EURO",21,2252,0,81
"2020-08-11","LT","Lithuania","EURO",13,2265,0,81
"2020-08-12","LT","Lithuania","EURO",18,2283,0,81
"2020-08-13","LT","Lithuania","EURO",26,2309,0,81
"2020-08-14","LT","Lithuania","EURO",21,2330,0,81
"2020-08-15","LT","Lithuania","EURO",22,2352,0,81
"2020-08-16","LT","Lithuania","EURO",34,2386,0,81
"2020-08-17","LT","Lithuania","EURO",30,2416,0,81
"2020-08-18","LT","Lithuania","EURO",20,2436,0,81
"2020-08-19","LT","Lithuania","EURO",38,2474,0,81
"2020-08-20","LT","Lithuania","EURO",22,2496,0,81
"2020-08-21","LT","Lithuania","EURO",32,2528,1,82
"2020-08-22","LT","Lithuania","EURO",36,2564,1,83
"2020-08-23","LT","Lithuania","EURO",30,2594,1,84
"2020-08-24","LT","Lithuania","EURO",41,2635,0,84
"2020-08-25","LT","Lithuania","EURO",38,2673,1,85
"2020-08-26","LT","Lithuania","EURO",21,2694,0,85
"2020-08-27","LT","Lithuania","EURO",32,2726,0,85
"2020-08-28","LT","Lithuania","EURO",36,2762,0,85
"2020-08-29","LT","Lithuania","EURO",48,2810,1,86
"2020-08-30","LT","Lithuania","EURO",29,2839,0,86
"2020-08-31","LT","Lithuania","EURO",35,2874,0,86
"2020-09-01","LT","Lithuania","EURO",32,2906,0,86
"2020-09-02","LT","Lithuania","EURO",23,2929,0,86
"2020-09-03","LT","Lithuania","EURO",29,2958,0,86
"2020-09-04","LT","Lithuania","EURO",20,2978,0,86
"2020-09-05","LT","Lithuania","EURO",26,3004,0,86
"2020-09-06","LT","Lithuania","EURO",36,3040,0,86
"2020-09-07","LT","Lithuania","EURO",43,3083,0,86
"2020-09-08","LT","Lithuania","EURO",17,3100,0,86
"2020-09-09","LT","Lithuania","EURO",31,3131,0,86
"2020-09-10","LT","Lithuania","EURO",32,3163,0,86
"2020-09-11","LT","Lithuania","EURO",36,3199,0,86
"2020-09-12","LT","Lithuania","EURO",44,3243,0,86
"2020-09-13","LT","Lithuania","EURO",53,3296,0,86
"2020-09-14","LT","Lithuania","EURO",39,3335,1,87
"2020-09-15","LT","Lithuania","EURO",51,3386,0,87
"2020-09-16","LT","Lithuania","EURO",56,3442,0,87
"2020-09-17","LT","Lithuania","EURO",0,3442,0,87
"2020-09-18","LT","Lithuania","EURO",62,3504,0,87
"2020-09-19","LT","Lithuania","EURO",61,3565,0,87
"2020-09-20","LT","Lithuania","EURO",99,3664,0,87
"2020-09-21","LT","Lithuania","EURO",80,3744,0,87
"2020-09-22","LT","Lithuania","EURO",70,3814,0,87
"2020-09-23","LT","Lithuania","EURO",45,3859,0,87
"2020-09-24","LT","Lithuania","EURO",73,3932,0,87
"2020-09-25","LT","Lithuania","EURO",138,4070,2,89
"2020-09-26","LT","Lithuania","EURO",114,4184,0,89
"2020-09-27","LT","Lithuania","EURO",111,4295,0,89
"2020-09-28","LT","Lithuania","EURO",90,4385,2,91
"2020-09-29","LT","Lithuania","EURO",105,4490,1,92
"2020-09-30","LT","Lithuania","EURO",88,4578,0,92
"2020-10-01","LT","Lithuania","EURO",115,4693,0,92
"2020-10-02","LT","Lithuania","EURO",91,4784,0,92
"2020-10-03","LT","Lithuania","EURO",172,4956,1,93
"2020-10-04","LT","Lithuania","EURO",125,5081,1,94
"2020-10-05","LT","Lithuania","EURO",104,5185,0,94
"2020-10-06","LT","Lithuania","EURO",100,5285,0,94
"2020-10-07","LT","Lithuania","EURO",81,5366,5,99
"2020-10-08","LT","Lithuania","EURO",117,5483,2,101
"2020-10-09","LT","Lithuania","EURO",142,5625,1,102
"2020-10-10","LT","Lithuania","EURO",133,5758,1,103
"2020-10-11","LT","Lithuania","EURO",205,5963,0,103
"2020-10-12","LT","Lithuania","EURO",159,6122,0,103
"2020-10-13","LT","Lithuania","EURO",126,6248,0,103
"2020-10-14","LT","Lithuania","EURO",118,6366,3,106
"2020-10-15","LT","Lithuania","EURO",139,6505,3,109
"2020-10-16","LT","Lithuania","EURO",255,6760,1,110
"2020-10-17","LT","Lithuania","EURO",281,7041,2,112
"2020-10-18","LT","Lithuania","EURO",228,7269,1,113
"2020-10-19","LT","Lithuania","EURO",252,7521,0,113
"2020-10-20","LT","Lithuania","EURO",205,7726,0,113
"2020-10-21","LT","Lithuania","EURO",202,7928,5,118
"2020-10-22","LT","Lithuania","EURO",311,8239,2,120
"2020-10-23","LT","Lithuania","EURO",424,8663,5,125
"2020-10-24","LT","Lithuania","EURO",441,9104,1,126
"2020-10-25","LT","Lithuania","EURO",474,9578,3,129
"2020-10-26","LT","Lithuania","EURO",606,10184,5,134
"2020-10-27","LT","Lithuania","EURO",765,10949,2,136
"2020-10-28","LT","Lithuania","EURO",413,11362,5,141
"2020-10-29","LT","Lithuania","EURO",776,12138,3,144
"2020-10-30","LT","Lithuania","EURO",950,13088,6,150
"2020-10-31","LT","Lithuania","EURO",735,13823,7,157
"2020-11-01","LT","Lithuania","EURO",1001,14824,8,165
"2020-11-02","LT","Lithuania","EURO",895,15719,1,166
"2020-11-03","LT","Lithuania","EURO",837,16556,4,170
"2020-11-04","LT","Lithuania","EURO",897,17453,5,175
"2020-11-05","LT","Lithuania","EURO",639,18092,7,182
"2020-11-06","LT","Lithuania","EURO",999,19091,4,186
"2020-11-07","LT","Lithuania","EURO",1656,20747,6,192
"2020-11-08","LT","Lithuania","EURO",1972,22719,11,203
"2020-11-09","LT","Lithuania","EURO",1980,24699,4,207
"2020-11-10","LT","Lithuania","EURO",1056,25755,3,210
"2020-11-11","LT","Lithuania","EURO",1086,26841,11,221
"2020-11-12","LT","Lithuania","EURO",1421,28262,14,235
"2020-11-13","LT","Lithuania","EURO",1550,29812,9,244
"2020-11-14","LT","Lithuania","EURO",2066,31878,9,253
"2020-11-15","LT","Lithuania","EURO",1509,33387,13,266
"2020-11-16","LT","Lithuania","EURO",1371,34758,11,277
"2020-11-17","LT","Lithuania","EURO",1153,35911,8,285
"2020-11-18","LT","Lithuania","EURO",965,36876,14,299
"2020-11-19","LT","Lithuania","EURO",1934,38810,24,323
"2020-11-20","LT","Lithuania","EURO",1682,40492,18,341
"2020-11-21","LT","Lithuania","EURO",2265,42757,16,357
"2020-11-22","LT","Lithuania","EURO",1983,44740,17,374
"2020-11-23","LT","Lithuania","EURO",2307,47047,12,386
"2020-11-24","LT","Lithuania","EURO",1179,48226,6,392
"2020-11-25","LT","Lithuania","EURO",1167,49393,17,409
"2020-11-26","LT","Lithuania","EURO",2262,51655,23,432
"2020-11-27","LT","Lithuania","EURO",2102,53757,17,449
"2020-11-28","LT","Lithuania","EURO",4455,58212,33,482
"2020-11-29","LT","Lithuania","EURO",1981,60193,11,493
"2020-11-30","LT","Lithuania","EURO",1132,61325,13,506
"2020-12-01","LT","Lithuania","EURO",1190,62515,13,519
"2020-12-02","LT","Lithuania","EURO",2106,64621,28,547
"2020-12-03","LT","Lithuania","EURO",2445,67066,17,564
"2020-12-04","LT","Lithuania","EURO",2516,69582,26,590
"2020-12-05","LT","Lithuania","EURO",2848,72430,21,611
"2020-12-06","LT","Lithuania","EURO",2219,74649,15,626
"2020-12-07","LT","Lithuania","EURO",1387,76036,11,637
"2020-12-08","LT","Lithuania","EURO",1390,77426,36,673
"2020-12-09","LT","Lithuania","EURO",3130,80556,31,704
"2020-12-10","LT","Lithuania","EURO",3327,83883,31,735
"2020-12-11","LT","Lithuania","EURO",3066,86949,29,764
"2020-12-12","LT","Lithuania","EURO",3303,90252,27,791
