"Fecha_de_reporte","Codigo_pais","Paises","Region","Casos_nuevos","Casos_acumulados","defunciones_nuevas","defunciones_acumuladas"
"2020-01-03","MY","Malaysia","WPRO",0,0,0,0
"2020-01-04","MY","Malaysia","WPRO",0,0,0,0
"2020-01-05","MY","Malaysia","WPRO",0,0,0,0
"2020-01-06","MY","Malaysia","WPRO",0,0,0,0
"2020-01-07","MY","Malaysia","WPRO",0,0,0,0
"2020-01-08","MY","Malaysia","WPRO",0,0,0,0
"2020-01-09","MY","Malaysia","WPRO",0,0,0,0
"2020-01-10","MY","Malaysia","WPRO",0,0,0,0
"2020-01-11","MY","Malaysia","WPRO",0,0,0,0
"2020-01-12","MY","Malaysia","WPRO",0,0,0,0
"2020-01-13","MY","Malaysia","WPRO",0,0,0,0
"2020-01-14","MY","Malaysia","WPRO",0,0,0,0
"2020-01-15","MY","Malaysia","WPRO",0,0,0,0
"2020-01-16","MY","Malaysia","WPRO",0,0,0,0
"2020-01-17","MY","Malaysia","WPRO",0,0,0,0
"2020-01-18","MY","Malaysia","WPRO",0,0,0,0
"2020-01-19","MY","Malaysia","WPRO",0,0,0,0
"2020-01-20","MY","Malaysia","WPRO",0,0,0,0
"2020-01-21","MY","Malaysia","WPRO",0,0,0,0
"2020-01-22","MY","Malaysia","WPRO",0,0,0,0
"2020-01-23","MY","Malaysia","WPRO",0,0,0,0
"2020-01-24","MY","Malaysia","WPRO",0,0,0,0
"2020-01-25","MY","Malaysia","WPRO",7,7,0,0
"2020-01-26","MY","Malaysia","WPRO",1,8,0,0
"2020-01-27","MY","Malaysia","WPRO",0,8,0,0
"2020-01-28","MY","Malaysia","WPRO",0,8,0,0
"2020-01-29","MY","Malaysia","WPRO",3,11,0,0
"2020-01-30","MY","Malaysia","WPRO",1,12,0,0
"2020-01-31","MY","Malaysia","WPRO",0,12,0,0
"2020-02-01","MY","Malaysia","WPRO",0,12,0,0
"2020-02-02","MY","Malaysia","WPRO",0,12,0,0
"2020-02-03","MY","Malaysia","WPRO",0,12,0,0
"2020-02-04","MY","Malaysia","WPRO",2,14,0,0
"2020-02-05","MY","Malaysia","WPRO",2,16,0,0
"2020-02-06","MY","Malaysia","WPRO",2,18,0,0
"2020-02-07","MY","Malaysia","WPRO",1,19,0,0
"2020-02-08","MY","Malaysia","WPRO",1,20,0,0
"2020-02-09","MY","Malaysia","WPRO",1,21,0,0
"2020-02-10","MY","Malaysia","WPRO",1,22,0,0
"2020-02-11","MY","Malaysia","WPRO",0,22,0,0
"2020-02-12","MY","Malaysia","WPRO",0,22,0,0
"2020-02-13","MY","Malaysia","WPRO",1,23,0,0
"2020-02-14","MY","Malaysia","WPRO",0,23,0,0
"2020-02-15","MY","Malaysia","WPRO",3,26,0,0
"2020-02-16","MY","Malaysia","WPRO",0,26,0,0
"2020-02-17","MY","Malaysia","WPRO",0,26,0,0
"2020-02-18","MY","Malaysia","WPRO",0,26,0,0
"2020-02-19","MY","Malaysia","WPRO",0,26,0,0
"2020-02-20","MY","Malaysia","WPRO",0,26,0,0
"2020-02-21","MY","Malaysia","WPRO",0,26,0,0
"2020-02-22","MY","Malaysia","WPRO",0,26,0,0
"2020-02-23","MY","Malaysia","WPRO",0,26,0,0
"2020-02-24","MY","Malaysia","WPRO",0,26,0,0
"2020-02-25","MY","Malaysia","WPRO",0,26,0,0
"2020-02-26","MY","Malaysia","WPRO",0,26,0,0
"2020-02-27","MY","Malaysia","WPRO",2,28,0,0
"2020-02-28","MY","Malaysia","WPRO",0,28,0,0
"2020-02-29","MY","Malaysia","WPRO",0,28,0,0
"2020-03-01","MY","Malaysia","WPRO",0,28,0,0
"2020-03-02","MY","Malaysia","WPRO",5,33,0,0
"2020-03-03","MY","Malaysia","WPRO",7,40,0,0
"2020-03-04","MY","Malaysia","WPRO",0,40,0,0
"2020-03-05","MY","Malaysia","WPRO",14,54,0,0
"2020-03-06","MY","Malaysia","WPRO",33,87,0,0
"2020-03-07","MY","Malaysia","WPRO",10,97,0,0
"2020-03-08","MY","Malaysia","WPRO",0,97,0,0
"2020-03-09","MY","Malaysia","WPRO",24,121,0,0
"2020-03-10","MY","Malaysia","WPRO",0,121,0,0
"2020-03-11","MY","Malaysia","WPRO",12,133,0,0
"2020-03-12","MY","Malaysia","WPRO",0,133,0,0
"2020-03-13","MY","Malaysia","WPRO",0,133,0,0
"2020-03-14","MY","Malaysia","WPRO",68,201,0,0
"2020-03-15","MY","Malaysia","WPRO",41,242,0,0
"2020-03-16","MY","Malaysia","WPRO",315,557,0,0
"2020-03-17","MY","Malaysia","WPRO",0,557,0,0
"2020-03-18","MY","Malaysia","WPRO",120,677,2,2
"2020-03-19","MY","Malaysia","WPRO",223,900,0,2
"2020-03-20","MY","Malaysia","WPRO",130,1030,1,3
"2020-03-21","MY","Malaysia","WPRO",153,1183,0,3
"2020-03-22","MY","Malaysia","WPRO",0,1183,6,9
"2020-03-23","MY","Malaysia","WPRO",123,1306,2,11
"2020-03-24","MY","Malaysia","WPRO",212,1518,4,15
"2020-03-25","MY","Malaysia","WPRO",278,1796,1,16
"2020-03-26","MY","Malaysia","WPRO",0,1796,5,21
"2020-03-27","MY","Malaysia","WPRO",235,2031,2,23
"2020-03-28","MY","Malaysia","WPRO",130,2161,3,26
"2020-03-29","MY","Malaysia","WPRO",159,2320,1,27
"2020-03-30","MY","Malaysia","WPRO",150,2470,7,34
"2020-03-31","MY","Malaysia","WPRO",156,2626,3,37
"2020-04-01","MY","Malaysia","WPRO",140,2766,6,43
"2020-04-02","MY","Malaysia","WPRO",142,2908,2,45
"2020-04-03","MY","Malaysia","WPRO",208,3116,5,50
"2020-04-04","MY","Malaysia","WPRO",217,3333,3,53
"2020-04-05","MY","Malaysia","WPRO",150,3483,4,57
"2020-04-06","MY","Malaysia","WPRO",179,3662,4,61
"2020-04-07","MY","Malaysia","WPRO",131,3793,1,62
"2020-04-08","MY","Malaysia","WPRO",170,3963,1,63
"2020-04-09","MY","Malaysia","WPRO",156,4119,2,65
"2020-04-10","MY","Malaysia","WPRO",109,4228,2,67
"2020-04-11","MY","Malaysia","WPRO",118,4346,3,70
"2020-04-12","MY","Malaysia","WPRO",184,4530,3,73
"2020-04-13","MY","Malaysia","WPRO",153,4683,3,76
"2020-04-14","MY","Malaysia","WPRO",134,4817,1,77
"2020-04-15","MY","Malaysia","WPRO",170,4987,5,82
"2020-04-16","MY","Malaysia","WPRO",85,5072,1,83
"2020-04-17","MY","Malaysia","WPRO",110,5182,1,84
"2020-04-18","MY","Malaysia","WPRO",69,5251,2,86
"2020-04-19","MY","Malaysia","WPRO",54,5305,2,88
"2020-04-20","MY","Malaysia","WPRO",84,5389,1,89
"2020-04-21","MY","Malaysia","WPRO",35,5424,0,89
"2020-04-22","MY","Malaysia","WPRO",58,5482,3,92
"2020-04-23","MY","Malaysia","WPRO",50,5532,1,93
"2020-04-24","MY","Malaysia","WPRO",71,5603,2,95
"2020-04-25","MY","Malaysia","WPRO",88,5691,1,96
"2020-04-26","MY","Malaysia","WPRO",51,5742,2,98
"2020-04-27","MY","Malaysia","WPRO",38,5780,0,98
"2020-04-28","MY","Malaysia","WPRO",40,5820,1,99
"2020-04-29","MY","Malaysia","WPRO",31,5851,1,100
"2020-04-30","MY","Malaysia","WPRO",94,5945,0,100
"2020-05-01","MY","Malaysia","WPRO",57,6002,2,102
"2020-05-02","MY","Malaysia","WPRO",69,6071,1,103
"2020-05-03","MY","Malaysia","WPRO",105,6176,0,103
"2020-05-04","MY","Malaysia","WPRO",122,6298,2,105
"2020-05-05","MY","Malaysia","WPRO",55,6353,0,105
"2020-05-06","MY","Malaysia","WPRO",30,6383,1,106
"2020-05-07","MY","Malaysia","WPRO",45,6428,1,107
"2020-05-08","MY","Malaysia","WPRO",39,6467,0,107
"2020-05-09","MY","Malaysia","WPRO",68,6535,0,107
"2020-05-10","MY","Malaysia","WPRO",54,6589,1,108
"2020-05-11","MY","Malaysia","WPRO",67,6656,0,108
"2020-05-12","MY","Malaysia","WPRO",70,6726,1,109
"2020-05-13","MY","Malaysia","WPRO",16,6742,0,109
"2020-05-14","MY","Malaysia","WPRO",37,6779,2,111
"2020-05-15","MY","Malaysia","WPRO",40,6819,1,112
"2020-05-16","MY","Malaysia","WPRO",36,6855,0,112
"2020-05-17","MY","Malaysia","WPRO",17,6872,1,113
"2020-05-18","MY","Malaysia","WPRO",22,6894,0,113
"2020-05-19","MY","Malaysia","WPRO",47,6941,0,113
"2020-05-20","MY","Malaysia","WPRO",37,6978,1,114
"2020-05-21","MY","Malaysia","WPRO",31,7009,0,114
"2020-05-22","MY","Malaysia","WPRO",50,7059,0,114
"2020-05-23","MY","Malaysia","WPRO",78,7137,1,115
"2020-05-24","MY","Malaysia","WPRO",48,7185,0,115
"2020-05-25","MY","Malaysia","WPRO",60,7245,0,115
"2020-05-26","MY","Malaysia","WPRO",172,7417,0,115
"2020-05-27","MY","Malaysia","WPRO",187,7604,0,115
"2020-05-28","MY","Malaysia","WPRO",15,7619,0,115
"2020-05-29","MY","Malaysia","WPRO",10,7629,0,115
"2020-05-30","MY","Malaysia","WPRO",103,7732,0,115
"2020-05-31","MY","Malaysia","WPRO",30,7762,0,115
"2020-06-01","MY","Malaysia","WPRO",57,7819,0,115
"2020-06-02","MY","Malaysia","WPRO",38,7857,0,115
"2020-06-03","MY","Malaysia","WPRO",20,7877,0,115
"2020-06-04","MY","Malaysia","WPRO",93,7970,0,115
"2020-06-05","MY","Malaysia","WPRO",277,8247,0,115
"2020-06-06","MY","Malaysia","WPRO",19,8266,1,116
"2020-06-07","MY","Malaysia","WPRO",37,8303,1,117
"2020-06-08","MY","Malaysia","WPRO",19,8322,0,117
"2020-06-09","MY","Malaysia","WPRO",7,8329,0,117
"2020-06-10","MY","Malaysia","WPRO",7,8336,0,117
"2020-06-11","MY","Malaysia","WPRO",2,8338,1,118
"2020-06-12","MY","Malaysia","WPRO",31,8369,0,118
"2020-06-13","MY","Malaysia","WPRO",33,8402,1,119
"2020-06-14","MY","Malaysia","WPRO",43,8445,1,120
"2020-06-15","MY","Malaysia","WPRO",8,8453,1,121
"2020-06-16","MY","Malaysia","WPRO",41,8494,0,121
"2020-06-17","MY","Malaysia","WPRO",11,8505,0,121
"2020-06-18","MY","Malaysia","WPRO",10,8515,0,121
"2020-06-19","MY","Malaysia","WPRO",14,8529,0,121
"2020-06-20","MY","Malaysia","WPRO",6,8535,0,121
"2020-06-21","MY","Malaysia","WPRO",21,8556,0,121
"2020-06-22","MY","Malaysia","WPRO",16,8572,0,121
"2020-06-23","MY","Malaysia","WPRO",15,8587,0,121
"2020-06-24","MY","Malaysia","WPRO",3,8590,0,121
"2020-06-25","MY","Malaysia","WPRO",6,8596,0,121
"2020-06-26","MY","Malaysia","WPRO",4,8600,0,121
"2020-06-27","MY","Malaysia","WPRO",6,8606,0,121
"2020-06-28","MY","Malaysia","WPRO",10,8616,0,121
"2020-06-29","MY","Malaysia","WPRO",18,8634,0,121
"2020-06-30","MY","Malaysia","WPRO",3,8637,0,121
"2020-07-01","MY","Malaysia","WPRO",2,8639,0,121
"2020-07-02","MY","Malaysia","WPRO",1,8640,0,121
"2020-07-03","MY","Malaysia","WPRO",3,8643,0,121
"2020-07-04","MY","Malaysia","WPRO",5,8648,0,121
"2020-07-05","MY","Malaysia","WPRO",10,8658,0,121
"2020-07-06","MY","Malaysia","WPRO",5,8663,0,121
"2020-07-07","MY","Malaysia","WPRO",5,8668,0,121
"2020-07-08","MY","Malaysia","WPRO",6,8674,0,121
"2020-07-09","MY","Malaysia","WPRO",3,8677,0,121
"2020-07-10","MY","Malaysia","WPRO",6,8683,0,121
"2020-07-11","MY","Malaysia","WPRO",13,8696,0,121
"2020-07-12","MY","Malaysia","WPRO",8,8704,1,122
"2020-07-13","MY","Malaysia","WPRO",14,8718,0,122
"2020-07-14","MY","Malaysia","WPRO",7,8725,0,122
"2020-07-15","MY","Malaysia","WPRO",4,8729,0,122
"2020-07-16","MY","Malaysia","WPRO",5,8734,0,122
"2020-07-17","MY","Malaysia","WPRO",3,8737,0,122
"2020-07-18","MY","Malaysia","WPRO",18,8755,0,122
"2020-07-19","MY","Malaysia","WPRO",9,8764,0,122
"2020-07-20","MY","Malaysia","WPRO",15,8779,1,123
"2020-07-21","MY","Malaysia","WPRO",21,8800,0,123
"2020-07-22","MY","Malaysia","WPRO",15,8815,0,123
"2020-07-23","MY","Malaysia","WPRO",16,8831,0,123
"2020-07-24","MY","Malaysia","WPRO",9,8840,0,123
"2020-07-25","MY","Malaysia","WPRO",21,8861,0,123
"2020-07-26","MY","Malaysia","WPRO",23,8884,0,123
"2020-07-27","MY","Malaysia","WPRO",13,8897,1,124
"2020-07-28","MY","Malaysia","WPRO",7,8904,0,124
"2020-07-29","MY","Malaysia","WPRO",39,8943,0,124
"2020-07-30","MY","Malaysia","WPRO",13,8956,0,124
"2020-07-31","MY","Malaysia","WPRO",8,8964,0,124
"2020-08-01","MY","Malaysia","WPRO",12,8976,1,125
"2020-08-02","MY","Malaysia","WPRO",9,8985,0,125
"2020-08-03","MY","Malaysia","WPRO",14,8999,0,125
"2020-08-04","MY","Malaysia","WPRO",2,9001,0,125
"2020-08-05","MY","Malaysia","WPRO",1,9002,0,125
"2020-08-06","MY","Malaysia","WPRO",21,9023,0,125
"2020-08-07","MY","Malaysia","WPRO",15,9038,0,125
"2020-08-08","MY","Malaysia","WPRO",25,9063,0,125
"2020-08-09","MY","Malaysia","WPRO",7,9070,0,125
"2020-08-10","MY","Malaysia","WPRO",13,9083,0,125
"2020-08-11","MY","Malaysia","WPRO",11,9094,0,125
"2020-08-12","MY","Malaysia","WPRO",9,9103,0,125
"2020-08-13","MY","Malaysia","WPRO",11,9114,0,125
"2020-08-14","MY","Malaysia","WPRO",15,9129,0,125
"2020-08-15","MY","Malaysia","WPRO",20,9149,0,125
"2020-08-16","MY","Malaysia","WPRO",26,9175,0,125
"2020-08-17","MY","Malaysia","WPRO",25,9200,0,125
"2020-08-18","MY","Malaysia","WPRO",12,9212,0,125
"2020-08-19","MY","Malaysia","WPRO",7,9219,0,125
"2020-08-20","MY","Malaysia","WPRO",16,9235,0,125
"2020-08-21","MY","Malaysia","WPRO",5,9240,0,125
"2020-08-22","MY","Malaysia","WPRO",9,9249,0,125
"2020-08-23","MY","Malaysia","WPRO",8,9257,0,125
"2020-08-24","MY","Malaysia","WPRO",10,9267,0,125
"2020-08-25","MY","Malaysia","WPRO",7,9274,0,125
"2020-08-26","MY","Malaysia","WPRO",11,9285,0,125
"2020-08-27","MY","Malaysia","WPRO",6,9291,0,125
"2020-08-28","MY","Malaysia","WPRO",5,9296,0,125
"2020-08-29","MY","Malaysia","WPRO",10,9306,0,125
"2020-08-30","MY","Malaysia","WPRO",11,9317,0,125
"2020-08-31","MY","Malaysia","WPRO",17,9334,1,126
"2020-09-01","MY","Malaysia","WPRO",6,9340,1,127
"2020-09-02","MY","Malaysia","WPRO",14,9354,1,128
"2020-09-03","MY","Malaysia","WPRO",6,9360,0,128
"2020-09-04","MY","Malaysia","WPRO",14,9374,0,128
"2020-09-05","MY","Malaysia","WPRO",11,9385,0,128
"2020-09-06","MY","Malaysia","WPRO",6,9391,0,128
"2020-09-07","MY","Malaysia","WPRO",6,9397,0,128
"2020-09-08","MY","Malaysia","WPRO",62,9459,0,128
"2020-09-09","MY","Malaysia","WPRO",100,9559,0,128
"2020-09-10","MY","Malaysia","WPRO",24,9583,0,128
"2020-09-11","MY","Malaysia","WPRO",45,9628,0,128
"2020-09-12","MY","Malaysia","WPRO",182,9810,0,128
"2020-09-13","MY","Malaysia","WPRO",58,9868,0,128
"2020-09-14","MY","Malaysia","WPRO",47,9915,0,128
"2020-09-15","MY","Malaysia","WPRO",31,9946,0,128
"2020-09-16","MY","Malaysia","WPRO",23,9969,0,128
"2020-09-17","MY","Malaysia","WPRO",62,10031,0,128
"2020-09-18","MY","Malaysia","WPRO",21,10052,0,128
"2020-09-19","MY","Malaysia","WPRO",95,10147,1,129
"2020-09-20","MY","Malaysia","WPRO",20,10167,1,130
"2020-09-21","MY","Malaysia","WPRO",52,10219,0,130
"2020-09-22","MY","Malaysia","WPRO",57,10276,0,130
"2020-09-23","MY","Malaysia","WPRO",82,10358,0,130
"2020-09-24","MY","Malaysia","WPRO",147,10505,3,133
"2020-09-25","MY","Malaysia","WPRO",71,10576,0,133
"2020-09-26","MY","Malaysia","WPRO",111,10687,0,133
"2020-09-27","MY","Malaysia","WPRO",82,10769,0,133
"2020-09-28","MY","Malaysia","WPRO",150,10919,1,134
"2020-09-29","MY","Malaysia","WPRO",115,11034,0,134
"2020-09-30","MY","Malaysia","WPRO",101,11135,0,134
"2020-10-01","MY","Malaysia","WPRO",89,11224,2,136
"2020-10-02","MY","Malaysia","WPRO",260,11484,0,136
"2020-10-03","MY","Malaysia","WPRO",287,11771,0,136
"2020-10-04","MY","Malaysia","WPRO",317,12088,1,137
"2020-10-05","MY","Malaysia","WPRO",293,12381,0,137
"2020-10-06","MY","Malaysia","WPRO",432,12813,0,137
"2020-10-07","MY","Malaysia","WPRO",691,13504,4,141
"2020-10-08","MY","Malaysia","WPRO",489,13993,0,141
"2020-10-09","MY","Malaysia","WPRO",375,14368,5,146
"2020-10-10","MY","Malaysia","WPRO",354,14722,6,152
"2020-10-11","MY","Malaysia","WPRO",374,15096,3,155
"2020-10-12","MY","Malaysia","WPRO",561,15657,2,157
"2020-10-13","MY","Malaysia","WPRO",563,16220,2,159
"2020-10-14","MY","Malaysia","WPRO",660,16880,4,163
"2020-10-15","MY","Malaysia","WPRO",660,17540,4,167
"2020-10-16","MY","Malaysia","WPRO",589,18129,3,170
"2020-10-17","MY","Malaysia","WPRO",629,18758,6,176
"2020-10-18","MY","Malaysia","WPRO",869,19627,4,180
"2020-10-19","MY","Malaysia","WPRO",871,20498,7,187
"2020-10-20","MY","Malaysia","WPRO",865,21363,3,190
"2020-10-21","MY","Malaysia","WPRO",862,22225,3,193
"2020-10-22","MY","Malaysia","WPRO",732,22957,6,199
"2020-10-23","MY","Malaysia","WPRO",847,23804,5,204
"2020-10-24","MY","Malaysia","WPRO",710,24514,10,214
"2020-10-25","MY","Malaysia","WPRO",1228,25742,7,221
"2020-10-26","MY","Malaysia","WPRO",823,26565,8,229
"2020-10-27","MY","Malaysia","WPRO",1240,27805,7,236
"2020-10-28","MY","Malaysia","WPRO",835,28640,2,238
"2020-10-29","MY","Malaysia","WPRO",801,29441,8,246
"2020-10-30","MY","Malaysia","WPRO",649,30090,0,246
"2020-10-31","MY","Malaysia","WPRO",799,30889,3,249
"2020-11-01","MY","Malaysia","WPRO",659,31548,0,249
"2020-11-02","MY","Malaysia","WPRO",957,32505,0,249
"2020-11-03","MY","Malaysia","WPRO",834,33339,2,251
"2020-11-04","MY","Malaysia","WPRO",1054,34393,12,263
"2020-11-05","MY","Malaysia","WPRO",1032,35425,8,271
"2020-11-06","MY","Malaysia","WPRO",1009,36434,6,277
"2020-11-07","MY","Malaysia","WPRO",1755,38189,2,279
"2020-11-08","MY","Malaysia","WPRO",1168,39357,3,282
"2020-11-09","MY","Malaysia","WPRO",852,40209,4,286
"2020-11-10","MY","Malaysia","WPRO",972,41181,8,294
"2020-11-11","MY","Malaysia","WPRO",869,42050,6,300
"2020-11-12","MY","Malaysia","WPRO",822,42872,2,302
"2020-11-13","MY","Malaysia","WPRO",919,43791,1,303
"2020-11-14","MY","Malaysia","WPRO",1304,45095,1,304
"2020-11-15","MY","Malaysia","WPRO",1114,46209,2,306
"2020-11-16","MY","Malaysia","WPRO",1208,47417,3,309
"2020-11-17","MY","Malaysia","WPRO",1103,48520,4,313
"2020-11-18","MY","Malaysia","WPRO",1210,49730,5,318
"2020-11-19","MY","Malaysia","WPRO",660,50390,4,322
"2020-11-20","MY","Malaysia","WPRO",1290,51680,4,326
"2020-11-21","MY","Malaysia","WPRO",958,52638,3,329
"2020-11-22","MY","Malaysia","WPRO",1041,53679,3,332
"2020-11-23","MY","Malaysia","WPRO",1096,54775,3,335
"2020-11-24","MY","Malaysia","WPRO",1884,56659,2,337
"2020-11-25","MY","Malaysia","WPRO",2188,58847,4,341
"2020-11-26","MY","Malaysia","WPRO",970,59817,4,345
"2020-11-27","MY","Malaysia","WPRO",935,60752,3,348
"2020-11-28","MY","Malaysia","WPRO",1109,61861,2,350
"2020-11-29","MY","Malaysia","WPRO",1315,63176,4,354
"2020-11-30","MY","Malaysia","WPRO",1309,64485,3,357
"2020-12-01","MY","Malaysia","WPRO",1212,65697,3,360
"2020-12-02","MY","Malaysia","WPRO",1472,67169,3,363
"2020-12-03","MY","Malaysia","WPRO",851,68020,2,365
"2020-12-04","MY","Malaysia","WPRO",1075,69095,11,376
"2020-12-05","MY","Malaysia","WPRO",1141,70236,0,376
"2020-12-06","MY","Malaysia","WPRO",1123,71359,4,380
"2020-12-07","MY","Malaysia","WPRO",1335,72694,2,382
"2020-12-08","MY","Malaysia","WPRO",1600,74294,2,384
"2020-12-09","MY","Malaysia","WPRO",1012,75306,4,388
"2020-12-10","MY","Malaysia","WPRO",959,76265,5,393
"2020-12-11","MY","Malaysia","WPRO",2234,78499,3,396
"2020-12-12","MY","Malaysia","WPRO",1810,80309,6,402
