"Fecha_de_reporte","Codigo_pais","Paises","Region","Casos_nuevos","Casos_acumulados","defunciones_nuevas","defunciones_acumuladas"
"2020-01-03","MA","Morocco","EMRO",0,0,0,0
"2020-01-04","MA","Morocco","EMRO",0,0,0,0
"2020-01-05","MA","Morocco","EMRO",0,0,0,0
"2020-01-06","MA","Morocco","EMRO",0,0,0,0
"2020-01-07","MA","Morocco","EMRO",0,0,0,0
"2020-01-08","MA","Morocco","EMRO",0,0,0,0
"2020-01-09","MA","Morocco","EMRO",0,0,0,0
"2020-01-10","MA","Morocco","EMRO",0,0,0,0
"2020-01-11","MA","Morocco","EMRO",0,0,0,0
"2020-01-12","MA","Morocco","EMRO",0,0,0,0
"2020-01-13","MA","Morocco","EMRO",0,0,0,0
"2020-01-14","MA","Morocco","EMRO",0,0,0,0
"2020-01-15","MA","Morocco","EMRO",0,0,0,0
"2020-01-16","MA","Morocco","EMRO",0,0,0,0
"2020-01-17","MA","Morocco","EMRO",0,0,0,0
"2020-01-18","MA","Morocco","EMRO",0,0,0,0
"2020-01-19","MA","Morocco","EMRO",0,0,0,0
"2020-01-20","MA","Morocco","EMRO",0,0,0,0
"2020-01-21","MA","Morocco","EMRO",0,0,0,0
"2020-01-22","MA","Morocco","EMRO",0,0,0,0
"2020-01-23","MA","Morocco","EMRO",0,0,0,0
"2020-01-24","MA","Morocco","EMRO",0,0,0,0
"2020-01-25","MA","Morocco","EMRO",0,0,0,0
"2020-01-26","MA","Morocco","EMRO",0,0,0,0
"2020-01-27","MA","Morocco","EMRO",0,0,0,0
"2020-01-28","MA","Morocco","EMRO",0,0,0,0
"2020-01-29","MA","Morocco","EMRO",0,0,0,0
"2020-01-30","MA","Morocco","EMRO",0,0,0,0
"2020-01-31","MA","Morocco","EMRO",0,0,0,0
"2020-02-01","MA","Morocco","EMRO",0,0,0,0
"2020-02-02","MA","Morocco","EMRO",0,0,0,0
"2020-02-03","MA","Morocco","EMRO",0,0,0,0
"2020-02-04","MA","Morocco","EMRO",0,0,0,0
"2020-02-05","MA","Morocco","EMRO",0,0,0,0
"2020-02-06","MA","Morocco","EMRO",0,0,0,0
"2020-02-07","MA","Morocco","EMRO",0,0,0,0
"2020-02-08","MA","Morocco","EMRO",0,0,0,0
"2020-02-09","MA","Morocco","EMRO",0,0,0,0
"2020-02-10","MA","Morocco","EMRO",0,0,0,0
"2020-02-11","MA","Morocco","EMRO",0,0,0,0
"2020-02-12","MA","Morocco","EMRO",0,0,0,0
"2020-02-13","MA","Morocco","EMRO",0,0,0,0
"2020-02-14","MA","Morocco","EMRO",0,0,0,0
"2020-02-15","MA","Morocco","EMRO",0,0,0,0
"2020-02-16","MA","Morocco","EMRO",0,0,0,0
"2020-02-17","MA","Morocco","EMRO",0,0,0,0
"2020-02-18","MA","Morocco","EMRO",0,0,0,0
"2020-02-19","MA","Morocco","EMRO",0,0,0,0
"2020-02-20","MA","Morocco","EMRO",0,0,0,0
"2020-02-21","MA","Morocco","EMRO",0,0,0,0
"2020-02-22","MA","Morocco","EMRO",0,0,0,0
"2020-02-23","MA","Morocco","EMRO",0,0,0,0
"2020-02-24","MA","Morocco","EMRO",0,0,0,0
"2020-02-25","MA","Morocco","EMRO",0,0,0,0
"2020-02-26","MA","Morocco","EMRO",0,0,0,0
"2020-02-27","MA","Morocco","EMRO",0,0,0,0
"2020-02-28","MA","Morocco","EMRO",0,0,0,0
"2020-02-29","MA","Morocco","EMRO",0,0,0,0
"2020-03-01","MA","Morocco","EMRO",0,0,0,0
"2020-03-02","MA","Morocco","EMRO",5,5,0,0
"2020-03-03","MA","Morocco","EMRO",0,5,0,0
"2020-03-04","MA","Morocco","EMRO",0,5,0,0
"2020-03-05","MA","Morocco","EMRO",1,6,0,0
"2020-03-06","MA","Morocco","EMRO",0,6,0,0
"2020-03-07","MA","Morocco","EMRO",0,6,0,0
"2020-03-08","MA","Morocco","EMRO",0,6,0,0
"2020-03-09","MA","Morocco","EMRO",0,6,0,0
"2020-03-10","MA","Morocco","EMRO",1,7,1,1
"2020-03-11","MA","Morocco","EMRO",2,9,0,1
"2020-03-12","MA","Morocco","EMRO",1,10,0,1
"2020-03-13","MA","Morocco","EMRO",0,10,0,1
"2020-03-14","MA","Morocco","EMRO",12,22,0,1
"2020-03-15","MA","Morocco","EMRO",10,32,0,1
"2020-03-16","MA","Morocco","EMRO",1,33,0,1
"2020-03-17","MA","Morocco","EMRO",9,42,1,2
"2020-03-18","MA","Morocco","EMRO",11,53,0,2
"2020-03-19","MA","Morocco","EMRO",12,65,0,2
"2020-03-20","MA","Morocco","EMRO",9,74,1,3
"2020-03-21","MA","Morocco","EMRO",12,86,0,3
"2020-03-22","MA","Morocco","EMRO",23,109,0,3
"2020-03-23","MA","Morocco","EMRO",25,134,1,4
"2020-03-24","MA","Morocco","EMRO",9,143,0,4
"2020-03-25","MA","Morocco","EMRO",27,170,1,5
"2020-03-26","MA","Morocco","EMRO",55,225,1,6
"2020-03-27","MA","Morocco","EMRO",50,275,4,10
"2020-03-28","MA","Morocco","EMRO",83,358,13,23
"2020-03-29","MA","Morocco","EMRO",92,450,3,26
"2020-03-30","MA","Morocco","EMRO",66,516,3,29
"2020-03-31","MA","Morocco","EMRO",58,574,4,33
"2020-04-01","MA","Morocco","EMRO",64,638,4,37
"2020-04-02","MA","Morocco","EMRO",38,676,3,40
"2020-04-03","MA","Morocco","EMRO",59,735,7,47
"2020-04-04","MA","Morocco","EMRO",123,858,3,50
"2020-04-05","MA","Morocco","EMRO",102,960,16,66
"2020-04-06","MA","Morocco","EMRO",153,1113,5,71
"2020-04-07","MA","Morocco","EMRO",28,1141,12,83
"2020-04-08","MA","Morocco","EMRO",101,1242,8,91
"2020-04-09","MA","Morocco","EMRO",104,1346,5,96
"2020-04-10","MA","Morocco","EMRO",85,1431,9,105
"2020-04-11","MA","Morocco","EMRO",96,1527,5,110
"2020-04-12","MA","Morocco","EMRO",90,1617,3,113
"2020-04-13","MA","Morocco","EMRO",129,1746,7,120
"2020-04-14","MA","Morocco","EMRO",92,1838,6,126
"2020-04-15","MA","Morocco","EMRO",150,1988,1,127
"2020-04-16","MA","Morocco","EMRO",263,2251,1,128
"2020-04-17","MA","Morocco","EMRO",277,2528,5,133
"2020-04-18","MA","Morocco","EMRO",142,2670,4,137
"2020-04-19","MA","Morocco","EMRO",150,2820,1,138
"2020-04-20","MA","Morocco","EMRO",170,2990,5,143
"2020-04-21","MA","Morocco","EMRO",196,3186,1,144
"2020-04-22","MA","Morocco","EMRO",191,3377,5,149
"2020-04-23","MA","Morocco","EMRO",160,3537,2,151
"2020-04-24","MA","Morocco","EMRO",155,3692,4,155
"2020-04-25","MA","Morocco","EMRO",197,3889,4,159
"2020-04-26","MA","Morocco","EMRO",158,4047,1,160
"2020-04-27","MA","Morocco","EMRO",68,4115,1,161
"2020-04-28","MA","Morocco","EMRO",131,4246,2,163
"2020-04-29","MA","Morocco","EMRO",43,4289,4,167
"2020-04-30","MA","Morocco","EMRO",70,4359,1,168
"2020-05-01","MA","Morocco","EMRO",170,4529,3,171
"2020-05-02","MA","Morocco","EMRO",158,4687,1,172
"2020-05-03","MA","Morocco","EMRO",193,4880,2,174
"2020-05-04","MA","Morocco","EMRO",120,5000,3,177
"2020-05-05","MA","Morocco","EMRO",153,5153,3,180
"2020-05-06","MA","Morocco","EMRO",229,5382,2,182
"2020-05-07","MA","Morocco","EMRO",123,5505,1,183
"2020-05-08","MA","Morocco","EMRO",156,5661,2,185
"2020-05-09","MA","Morocco","EMRO",212,5873,1,186
"2020-05-10","MA","Morocco","EMRO",165,6038,2,188
"2020-05-11","MA","Morocco","EMRO",188,6226,0,188
"2020-05-12","MA","Morocco","EMRO",154,6380,0,188
"2020-05-13","MA","Morocco","EMRO",86,6466,0,188
"2020-05-14","MA","Morocco","EMRO",127,6593,1,189
"2020-05-15","MA","Morocco","EMRO",30,6623,1,190
"2020-05-16","MA","Morocco","EMRO",58,6681,2,192
"2020-05-17","MA","Morocco","EMRO",117,6798,0,192
"2020-05-18","MA","Morocco","EMRO",132,6930,0,192
"2020-05-19","MA","Morocco","EMRO",42,6972,1,193
"2020-05-20","MA","Morocco","EMRO",76,7048,1,194
"2020-05-21","MA","Morocco","EMRO",137,7185,2,196
"2020-05-22","MA","Morocco","EMRO",26,7211,0,196
"2020-05-23","MA","Morocco","EMRO",121,7332,1,197
"2020-05-24","MA","Morocco","EMRO",74,7406,1,198
"2020-05-25","MA","Morocco","EMRO",27,7433,1,199
"2020-05-26","MA","Morocco","EMRO",99,7532,1,200
"2020-05-27","MA","Morocco","EMRO",45,7577,2,202
"2020-05-28","MA","Morocco","EMRO",24,7601,0,202
"2020-05-29","MA","Morocco","EMRO",42,7643,0,202
"2020-05-30","MA","Morocco","EMRO",71,7714,0,202
"2020-05-31","MA","Morocco","EMRO",66,7780,2,204
"2020-06-01","MA","Morocco","EMRO",27,7807,1,205
"2020-06-02","MA","Morocco","EMRO",26,7833,0,205
"2020-06-03","MA","Morocco","EMRO",33,7866,1,206
"2020-06-04","MA","Morocco","EMRO",56,7922,0,206
"2020-06-05","MA","Morocco","EMRO",81,8003,2,208
"2020-06-06","MA","Morocco","EMRO",68,8071,0,208
"2020-06-07","MA","Morocco","EMRO",80,8151,0,208
"2020-06-08","MA","Morocco","EMRO",73,8224,0,208
"2020-06-09","MA","Morocco","EMRO",78,8302,0,208
"2020-06-10","MA","Morocco","EMRO",135,8437,2,210
"2020-06-11","MA","Morocco","EMRO",71,8508,1,211
"2020-06-12","MA","Morocco","EMRO",29,8537,0,211
"2020-06-13","MA","Morocco","EMRO",73,8610,1,212
"2020-06-14","MA","Morocco","EMRO",82,8692,0,212
"2020-06-15","MA","Morocco","EMRO",101,8793,0,212
"2020-06-16","MA","Morocco","EMRO",92,8885,0,212
"2020-06-17","MA","Morocco","EMRO",46,8931,0,212
"2020-06-18","MA","Morocco","EMRO",66,8997,1,213
"2020-06-19","MA","Morocco","EMRO",77,9074,0,213
"2020-06-20","MA","Morocco","EMRO",539,9613,0,213
"2020-06-21","MA","Morocco","EMRO",226,9839,0,213
"2020-06-22","MA","Morocco","EMRO",138,9977,1,214
"2020-06-23","MA","Morocco","EMRO",195,10172,0,214
"2020-06-24","MA","Morocco","EMRO",172,10344,0,214
"2020-06-25","MA","Morocco","EMRO",563,10907,2,216
"2020-06-26","MA","Morocco","EMRO",431,11338,1,217
"2020-06-27","MA","Morocco","EMRO",295,11633,1,218
"2020-06-28","MA","Morocco","EMRO",244,11877,2,220
"2020-06-29","MA","Morocco","EMRO",175,12052,1,221
"2020-06-30","MA","Morocco","EMRO",238,12290,4,225
"2020-07-01","MA","Morocco","EMRO",243,12533,3,228
"2020-07-02","MA","Morocco","EMRO",103,12636,0,228
"2020-07-03","MA","Morocco","EMRO",333,12969,1,229
"2020-07-04","MA","Morocco","EMRO",319,13288,1,230
"2020-07-05","MA","Morocco","EMRO",534,13822,2,232
"2020-07-06","MA","Morocco","EMRO",393,14215,3,235
"2020-07-07","MA","Morocco","EMRO",164,14379,2,237
"2020-07-08","MA","Morocco","EMRO",228,14607,3,240
"2020-07-09","MA","Morocco","EMRO",164,14771,2,242
"2020-07-10","MA","Morocco","EMRO",308,15079,0,242
"2020-07-11","MA","Morocco","EMRO",249,15328,1,243
"2020-07-12","MA","Morocco","EMRO",214,15542,2,245
"2020-07-13","MA","Morocco","EMRO",203,15745,5,250
"2020-07-14","MA","Morocco","EMRO",191,15936,5,255
"2020-07-15","MA","Morocco","EMRO",161,16097,2,257
"2020-07-16","MA","Morocco","EMRO",165,16262,2,259
"2020-07-17","MA","Morocco","EMRO",283,16545,4,263
"2020-07-18","MA","Morocco","EMRO",181,16726,1,264
"2020-07-19","MA","Morocco","EMRO",289,17015,5,269
"2020-07-20","MA","Morocco","EMRO",221,17236,4,273
"2020-07-21","MA","Morocco","EMRO",326,17562,3,276
"2020-07-22","MA","Morocco","EMRO",180,17742,4,280
"2020-07-23","MA","Morocco","EMRO",220,17962,5,285
"2020-07-24","MA","Morocco","EMRO",302,18264,7,292
"2020-07-25","MA","Morocco","EMRO",570,18834,7,299
"2020-07-26","MA","Morocco","EMRO",811,19645,6,305
"2020-07-27","MA","Morocco","EMRO",633,20278,8,313
"2020-07-28","MA","Morocco","EMRO",609,20887,3,316
"2020-07-29","MA","Morocco","EMRO",500,21387,11,327
"2020-07-30","MA","Morocco","EMRO",826,22213,7,334
"2020-07-31","MA","Morocco","EMRO",1046,23259,12,346
"2020-08-01","MA","Morocco","EMRO",1063,24322,7,353
"2020-08-02","MA","Morocco","EMRO",729,25051,14,367
"2020-08-03","MA","Morocco","EMRO",486,25537,15,382
"2020-08-04","MA","Morocco","EMRO",659,26196,19,401
"2020-08-05","MA","Morocco","EMRO",1021,27217,16,417
"2020-08-06","MA","Morocco","EMRO",1283,28500,18,435
"2020-08-07","MA","Morocco","EMRO",1144,29644,14,449
"2020-08-08","MA","Morocco","EMRO",1018,30662,12,461
"2020-08-09","MA","Morocco","EMRO",1345,32007,19,480
"2020-08-10","MA","Morocco","EMRO",1230,33237,18,498
"2020-08-11","MA","Morocco","EMRO",826,34063,18,516
"2020-08-12","MA","Morocco","EMRO",1132,35195,17,533
"2020-08-13","MA","Morocco","EMRO",1499,36694,23,556
"2020-08-14","MA","Morocco","EMRO",1241,37935,28,584
"2020-08-15","MA","Morocco","EMRO",1306,39241,27,611
"2020-08-16","MA","Morocco","EMRO",1776,41017,21,632
"2020-08-17","MA","Morocco","EMRO",1472,42489,26,658
"2020-08-18","MA","Morocco","EMRO",1069,43558,23,681
"2020-08-19","MA","Morocco","EMRO",1245,44803,33,714
"2020-08-20","MA","Morocco","EMRO",1510,46313,29,743
"2020-08-21","MA","Morocco","EMRO",1325,47638,32,775
"2020-08-22","MA","Morocco","EMRO",1609,49247,42,817
"2020-08-23","MA","Morocco","EMRO",1565,50812,41,858
"2020-08-24","MA","Morocco","EMRO",1537,52349,30,888
"2020-08-25","MA","Morocco","EMRO",903,53252,32,920
"2020-08-26","MA","Morocco","EMRO",1276,54528,35,955
"2020-08-27","MA","Morocco","EMRO",1336,55864,29,984
"2020-08-28","MA","Morocco","EMRO",1221,57085,27,1011
"2020-08-29","MA","Morocco","EMRO",1404,58489,41,1052
"2020-08-30","MA","Morocco","EMRO",1567,60056,26,1078
"2020-08-31","MA","Morocco","EMRO",1343,61399,33,1111
"2020-09-01","MA","Morocco","EMRO",1191,62590,30,1141
"2020-09-02","MA","Morocco","EMRO",1191,63781,43,1184
"2020-09-03","MA","Morocco","EMRO",1672,65453,32,1216
"2020-09-04","MA","Morocco","EMRO",1402,66855,37,1253
"2020-09-05","MA","Morocco","EMRO",1750,68605,39,1292
"2020-09-06","MA","Morocco","EMRO",1555,70160,37,1329
"2020-09-07","MA","Morocco","EMRO",2234,72394,32,1361
"2020-09-08","MA","Morocco","EMRO",1386,73780,33,1394
"2020-09-09","MA","Morocco","EMRO",1941,75721,33,1427
"2020-09-10","MA","Morocco","EMRO",2157,77878,26,1453
"2020-09-11","MA","Morocco","EMRO",1889,79767,38,1491
"2020-09-12","MA","Morocco","EMRO",2430,82197,33,1524
"2020-09-13","MA","Morocco","EMRO",2238,84435,29,1553
"2020-09-14","MA","Morocco","EMRO",2251,86686,25,1578
"2020-09-15","MA","Morocco","EMRO",1517,88203,36,1614
"2020-09-16","MA","Morocco","EMRO",2121,90324,34,1648
"2020-09-17","MA","Morocco","EMRO",1692,92016,38,1686
"2020-09-18","MA","Morocco","EMRO",2488,94504,28,1714
"2020-09-19","MA","Morocco","EMRO",2760,97264,41,1755
"2020-09-20","MA","Morocco","EMRO",2552,99816,40,1795
"2020-09-21","MA","Morocco","EMRO",1927,101743,35,1830
"2020-09-22","MA","Morocco","EMRO",1376,103119,25,1855
"2020-09-23","MA","Morocco","EMRO",2227,105346,34,1889
"2020-09-24","MA","Morocco","EMRO",2397,107743,29,1918
"2020-09-25","MA","Morocco","EMRO",2356,110099,38,1956
"2020-09-26","MA","Morocco","EMRO",2423,112522,42,1998
"2020-09-27","MA","Morocco","EMRO",2719,115241,43,2041
"2020-09-28","MA","Morocco","EMRO",2444,117685,28,2069
"2020-09-29","MA","Morocco","EMRO",1422,119107,44,2113
"2020-09-30","MA","Morocco","EMRO",2076,121183,39,2152
"2020-10-01","MA","Morocco","EMRO",2470,123653,42,2194
"2020-10-02","MA","Morocco","EMRO",2391,126044,35,2229
"2020-10-03","MA","Morocco","EMRO",2521,128565,34,2263
"2020-10-04","MA","Morocco","EMRO",2663,131228,30,2293
"2020-10-05","MA","Morocco","EMRO",2044,133272,37,2330
"2020-10-06","MA","Morocco","EMRO",1423,134695,39,2369
"2020-10-07","MA","Morocco","EMRO",2553,137248,41,2410
"2020-10-08","MA","Morocco","EMRO",2776,140024,29,2439
"2020-10-09","MA","Morocco","EMRO",2929,142953,47,2486
"2020-10-10","MA","Morocco","EMRO",3445,146398,44,2530
"2020-10-11","MA","Morocco","EMRO",3443,149841,42,2572
"2020-10-12","MA","Morocco","EMRO",2563,152404,33,2605
"2020-10-13","MA","Morocco","EMRO",1357,153761,31,2636
"2020-10-14","MA","Morocco","EMRO",3185,156946,49,2685
"2020-10-15","MA","Morocco","EMRO",3387,160333,41,2726
"2020-10-16","MA","Morocco","EMRO",3317,163650,46,2772
"2020-10-17","MA","Morocco","EMRO",3498,167148,46,2818
"2020-10-18","MA","Morocco","EMRO",3763,170911,60,2878
"2020-10-19","MA","Morocco","EMRO",2721,173632,50,2928
"2020-10-20","MA","Morocco","EMRO",2117,175749,48,2976
"2020-10-21","MA","Morocco","EMRO",3254,179003,51,3027
"2020-10-22","MA","Morocco","EMRO",3577,182580,70,3097
"2020-10-23","MA","Morocco","EMRO",4151,186731,35,3132
"2020-10-24","MA","Morocco","EMRO",3685,190416,73,3205
"2020-10-25","MA","Morocco","EMRO",4045,194461,50,3255
"2020-10-26","MA","Morocco","EMRO",3020,197481,46,3301
"2020-10-27","MA","Morocco","EMRO",2264,199745,72,3373
"2020-10-28","MA","Morocco","EMRO",3988,203733,72,3445
"2020-10-29","MA","Morocco","EMRO",3985,207718,61,3506
"2020-10-30","MA","Morocco","EMRO",4320,212038,66,3572
"2020-10-31","MA","Morocco","EMRO",3256,215294,53,3625
"2020-11-01","MA","Morocco","EMRO",3790,219084,70,3695
"2020-11-02","MA","Morocco","EMRO",3460,222544,67,3762
"2020-11-03","MA","Morocco","EMRO",2526,225070,64,3826
"2020-11-04","MA","Morocco","EMRO",4495,229565,74,3900
"2020-11-05","MA","Morocco","EMRO",5745,235310,82,3982
"2020-11-06","MA","Morocco","EMRO",5641,240951,77,4059
"2020-11-07","MA","Morocco","EMRO",5398,246349,68,4127
"2020-11-08","MA","Morocco","EMRO",5836,252185,70,4197
"2020-11-09","MA","Morocco","EMRO",4596,256781,75,4272
"2020-11-10","MA","Morocco","EMRO",3170,259951,84,4356
"2020-11-11","MA","Morocco","EMRO",5214,265165,69,4425
"2020-11-12","MA","Morocco","EMRO",5461,270626,81,4506
"2020-11-13","MA","Morocco","EMRO",6195,276821,64,4570
"2020-11-14","MA","Morocco","EMRO",5515,282336,61,4631
"2020-11-15","MA","Morocco","EMRO",5875,288211,66,4697
"2020-11-16","MA","Morocco","EMRO",4966,293177,82,4779
"2020-11-17","MA","Morocco","EMRO",3012,296189,71,4850
"2020-11-18","MA","Morocco","EMRO",5415,301604,82,4932
"2020-11-19","MA","Morocco","EMRO",5391,306995,81,5013
"2020-11-20","MA","Morocco","EMRO",4559,311554,77,5090
"2020-11-21","MA","Morocco","EMRO",4706,316260,92,5182
"2020-11-22","MA","Morocco","EMRO",4702,320962,74,5256
"2020-11-23","MA","Morocco","EMRO",3979,324941,60,5316
"2020-11-24","MA","Morocco","EMRO",2587,327528,80,5396
"2020-11-25","MA","Morocco","EMRO",3999,331527,100,5496
"2020-11-26","MA","Morocco","EMRO",4979,336506,43,5539
"2020-11-27","MA","Morocco","EMRO",4178,340684,80,5619
"2020-11-28","MA","Morocco","EMRO",4592,345276,70,5689
"2020-11-29","MA","Morocco","EMRO",4412,349688,50,5739
"2020-11-30","MA","Morocco","EMRO",4115,353803,50,5789
"2020-12-01","MA","Morocco","EMRO",2532,356335,57,5846
"2020-12-02","MA","Morocco","EMRO",3509,359844,69,5915
"2020-12-03","MA","Morocco","EMRO",4346,364190,70,5985
"2020-12-04","MA","Morocco","EMRO",4434,368624,78,6063
"2020-12-05","MA","Morocco","EMRO",3996,372620,73,6136
"2020-12-06","MA","Morocco","EMRO",4118,376738,48,6184
"2020-12-07","MA","Morocco","EMRO",2919,379657,61,6245
"2020-12-08","MA","Morocco","EMRO",1531,381188,75,6320
"2020-12-09","MA","Morocco","EMRO",2900,384088,50,6370
"2020-12-10","MA","Morocco","EMRO",4096,388184,57,6427
"2020-12-11","MA","Morocco","EMRO",3345,391529,65,6492
"2020-12-12","MA","Morocco","EMRO",3035,394564,50,6542
