"Fecha_de_reporte","Codigo_pais","Paises","Region","Casos_nuevos","Casos_acumulados","defunciones_nuevas","defunciones_acumuladas"
"2020-01-03","NL","Netherlands","EURO",0,0,0,0
"2020-01-04","NL","Netherlands","EURO",0,0,0,0
"2020-01-05","NL","Netherlands","EURO",0,0,0,0
"2020-01-06","NL","Netherlands","EURO",0,0,0,0
"2020-01-07","NL","Netherlands","EURO",0,0,0,0
"2020-01-08","NL","Netherlands","EURO",0,0,0,0
"2020-01-09","NL","Netherlands","EURO",0,0,0,0
"2020-01-10","NL","Netherlands","EURO",0,0,0,0
"2020-01-11","NL","Netherlands","EURO",0,0,0,0
"2020-01-12","NL","Netherlands","EURO",0,0,0,0
"2020-01-13","NL","Netherlands","EURO",0,0,0,0
"2020-01-14","NL","Netherlands","EURO",0,0,0,0
"2020-01-15","NL","Netherlands","EURO",0,0,0,0
"2020-01-16","NL","Netherlands","EURO",0,0,0,0
"2020-01-17","NL","Netherlands","EURO",0,0,0,0
"2020-01-18","NL","Netherlands","EURO",0,0,0,0
"2020-01-19","NL","Netherlands","EURO",0,0,0,0
"2020-01-20","NL","Netherlands","EURO",0,0,0,0
"2020-01-21","NL","Netherlands","EURO",0,0,0,0
"2020-01-22","NL","Netherlands","EURO",0,0,0,0
"2020-01-23","NL","Netherlands","EURO",0,0,0,0
"2020-01-24","NL","Netherlands","EURO",0,0,0,0
"2020-01-25","NL","Netherlands","EURO",0,0,0,0
"2020-01-26","NL","Netherlands","EURO",0,0,0,0
"2020-01-27","NL","Netherlands","EURO",0,0,0,0
"2020-01-28","NL","Netherlands","EURO",0,0,0,0
"2020-01-29","NL","Netherlands","EURO",0,0,0,0
"2020-01-30","NL","Netherlands","EURO",0,0,0,0
"2020-01-31","NL","Netherlands","EURO",0,0,0,0
"2020-02-01","NL","Netherlands","EURO",0,0,0,0
"2020-02-02","NL","Netherlands","EURO",0,0,0,0
"2020-02-03","NL","Netherlands","EURO",0,0,0,0
"2020-02-04","NL","Netherlands","EURO",0,0,0,0
"2020-02-05","NL","Netherlands","EURO",0,0,0,0
"2020-02-06","NL","Netherlands","EURO",0,0,0,0
"2020-02-07","NL","Netherlands","EURO",0,0,0,0
"2020-02-08","NL","Netherlands","EURO",0,0,0,0
"2020-02-09","NL","Netherlands","EURO",0,0,0,0
"2020-02-10","NL","Netherlands","EURO",0,0,0,0
"2020-02-11","NL","Netherlands","EURO",0,0,0,0
"2020-02-12","NL","Netherlands","EURO",0,0,0,0
"2020-02-13","NL","Netherlands","EURO",0,0,0,0
"2020-02-14","NL","Netherlands","EURO",0,0,0,0
"2020-02-15","NL","Netherlands","EURO",0,0,0,0
"2020-02-16","NL","Netherlands","EURO",0,0,0,0
"2020-02-17","NL","Netherlands","EURO",0,0,0,0
"2020-02-18","NL","Netherlands","EURO",0,0,0,0
"2020-02-19","NL","Netherlands","EURO",0,0,0,0
"2020-02-20","NL","Netherlands","EURO",0,0,0,0
"2020-02-21","NL","Netherlands","EURO",0,0,0,0
"2020-02-22","NL","Netherlands","EURO",0,0,0,0
"2020-02-23","NL","Netherlands","EURO",0,0,0,0
"2020-02-24","NL","Netherlands","EURO",0,0,0,0
"2020-02-25","NL","Netherlands","EURO",0,0,0,0
"2020-02-26","NL","Netherlands","EURO",0,0,0,0
"2020-02-27","NL","Netherlands","EURO",0,0,0,0
"2020-02-28","NL","Netherlands","EURO",1,1,0,0
"2020-02-29","NL","Netherlands","EURO",1,2,0,0
"2020-03-01","NL","Netherlands","EURO",5,7,0,0
"2020-03-02","NL","Netherlands","EURO",6,13,0,0
"2020-03-03","NL","Netherlands","EURO",5,18,0,0
"2020-03-04","NL","Netherlands","EURO",10,28,0,0
"2020-03-05","NL","Netherlands","EURO",10,38,0,0
"2020-03-06","NL","Netherlands","EURO",44,82,0,0
"2020-03-07","NL","Netherlands","EURO",46,128,1,1
"2020-03-08","NL","Netherlands","EURO",60,188,0,1
"2020-03-09","NL","Netherlands","EURO",77,265,2,3
"2020-03-10","NL","Netherlands","EURO",56,321,0,3
"2020-03-11","NL","Netherlands","EURO",61,382,1,4
"2020-03-12","NL","Netherlands","EURO",121,503,1,5
"2020-03-13","NL","Netherlands","EURO",111,614,0,5
"2020-03-14","NL","Netherlands","EURO",190,804,0,5
"2020-03-15","NL","Netherlands","EURO",155,959,7,12
"2020-03-16","NL","Netherlands","EURO",176,1135,8,20
"2020-03-17","NL","Netherlands","EURO",278,1413,4,24
"2020-03-18","NL","Netherlands","EURO",292,1705,19,43
"2020-03-19","NL","Netherlands","EURO",346,2051,15,58
"2020-03-20","NL","Netherlands","EURO",409,2460,18,76
"2020-03-21","NL","Netherlands","EURO",534,2994,30,106
"2020-03-22","NL","Netherlands","EURO",637,3631,30,136
"2020-03-23","NL","Netherlands","EURO",573,4204,43,179
"2020-03-24","NL","Netherlands","EURO",545,4749,34,213
"2020-03-25","NL","Netherlands","EURO",811,5560,63,276
"2020-03-26","NL","Netherlands","EURO",852,6412,80,356
"2020-03-27","NL","Netherlands","EURO",1019,7431,78,434
"2020-03-28","NL","Netherlands","EURO",1172,8603,112,546
"2020-03-29","NL","Netherlands","EURO",1159,9762,93,639
"2020-03-30","NL","Netherlands","EURO",1104,10866,132,771
"2020-03-31","NL","Netherlands","EURO",884,11750,93,864
"2020-04-01","NL","Netherlands","EURO",845,12595,175,1039
"2020-04-02","NL","Netherlands","EURO",1019,13614,134,1173
"2020-04-03","NL","Netherlands","EURO",1083,14697,166,1339
"2020-04-04","NL","Netherlands","EURO",1026,15723,148,1487
"2020-04-05","NL","Netherlands","EURO",904,16627,164,1651
"2020-04-06","NL","Netherlands","EURO",1224,17851,115,1766
"2020-04-07","NL","Netherlands","EURO",952,18803,101,1867
"2020-04-08","NL","Netherlands","EURO",777,19580,234,2101
"2020-04-09","NL","Netherlands","EURO",969,20549,147,2248
"2020-04-10","NL","Netherlands","EURO",1213,21762,148,2396
"2020-04-11","NL","Netherlands","EURO",1335,23097,115,2511
"2020-04-12","NL","Netherlands","EURO",1316,24413,132,2643
"2020-04-13","NL","Netherlands","EURO",1174,25587,94,2737
"2020-04-14","NL","Netherlands","EURO",964,26551,86,2823
"2020-04-15","NL","Netherlands","EURO",868,27419,122,2945
"2020-04-16","NL","Netherlands","EURO",734,28153,189,3134
"2020-04-17","NL","Netherlands","EURO",1061,29214,181,3315
"2020-04-18","NL","Netherlands","EURO",1235,30449,144,3459
"2020-04-19","NL","Netherlands","EURO",1140,31589,142,3601
"2020-04-20","NL","Netherlands","EURO",1066,32655,83,3684
"2020-04-21","NL","Netherlands","EURO",750,33405,67,3751
"2020-04-22","NL","Netherlands","EURO",729,34134,165,3916
"2020-04-23","NL","Netherlands","EURO",708,34842,138,4054
"2020-04-24","NL","Netherlands","EURO",887,35729,123,4177
"2020-04-25","NL","Netherlands","EURO",806,36535,112,4289
"2020-04-26","NL","Netherlands","EURO",655,37190,120,4409
"2020-04-27","NL","Netherlands","EURO",655,37845,66,4475
"2020-04-28","NL","Netherlands","EURO",400,38245,43,4518
"2020-04-29","NL","Netherlands","EURO",171,38416,48,4566
"2020-04-30","NL","Netherlands","EURO",386,38802,145,4711
"2020-05-01","NL","Netherlands","EURO",514,39316,84,4795
"2020-05-02","NL","Netherlands","EURO",475,39791,98,4893
"2020-05-03","NL","Netherlands","EURO",445,40236,94,4987
"2020-05-04","NL","Netherlands","EURO",335,40571,69,5056
"2020-05-05","NL","Netherlands","EURO",199,40770,26,5082
"2020-05-06","NL","Netherlands","EURO",317,41087,86,5168
"2020-05-07","NL","Netherlands","EURO",232,41319,36,5204
"2020-05-08","NL","Netherlands","EURO",455,41774,84,5288
"2020-05-09","NL","Netherlands","EURO",319,42093,71,5359
"2020-05-10","NL","Netherlands","EURO",289,42382,63,5422
"2020-05-11","NL","Netherlands","EURO",245,42627,18,5440
"2020-05-12","NL","Netherlands","EURO",161,42788,16,5456
"2020-05-13","NL","Netherlands","EURO",196,42984,54,5510
"2020-05-14","NL","Netherlands","EURO",227,43211,52,5562
"2020-05-15","NL","Netherlands","EURO",270,43481,28,5590
"2020-05-16","NL","Netherlands","EURO",200,43681,53,5643
"2020-05-17","NL","Netherlands","EURO",189,43870,27,5670
"2020-05-18","NL","Netherlands","EURO",125,43995,10,5680
"2020-05-19","NL","Netherlands","EURO",146,44141,14,5694
"2020-05-20","NL","Netherlands","EURO",108,44249,21,5715
"2020-05-21","NL","Netherlands","EURO",198,44447,33,5748
"2020-05-22","NL","Netherlands","EURO",253,44700,27,5775
"2020-05-23","NL","Netherlands","EURO",188,44888,13,5788
"2020-05-24","NL","Netherlands","EURO",176,45064,23,5811
"2020-05-25","NL","Netherlands","EURO",172,45236,11,5822
"2020-05-26","NL","Netherlands","EURO",209,45445,8,5830
"2020-05-27","NL","Netherlands","EURO",133,45578,26,5856
"2020-05-28","NL","Netherlands","EURO",190,45768,15,5871
"2020-05-29","NL","Netherlands","EURO",182,45950,32,5903
"2020-05-30","NL","Netherlands","EURO",176,46126,28,5931
"2020-05-31","NL","Netherlands","EURO",131,46257,20,5951
"2020-06-01","NL","Netherlands","EURO",185,46442,5,5956
"2020-06-02","NL","Netherlands","EURO",103,46545,6,5962
"2020-06-03","NL","Netherlands","EURO",102,46647,5,5967
"2020-06-04","NL","Netherlands","EURO",86,46733,10,5977
"2020-06-05","NL","Netherlands","EURO",209,46942,13,5990
"2020-06-06","NL","Netherlands","EURO",210,47152,15,6005
"2020-06-07","NL","Netherlands","EURO",183,47335,6,6011
"2020-06-08","NL","Netherlands","EURO",239,47574,2,6013
"2020-06-09","NL","Netherlands","EURO",165,47739,3,6016
"2020-06-10","NL","Netherlands","EURO",164,47903,15,6031
"2020-06-11","NL","Netherlands","EURO",184,48087,11,6042
"2020-06-12","NL","Netherlands","EURO",164,48251,2,6044
"2020-06-13","NL","Netherlands","EURO",210,48461,9,6053
"2020-06-14","NL","Netherlands","EURO",179,48640,4,6057
"2020-06-15","NL","Netherlands","EURO",143,48783,2,6059
"2020-06-16","NL","Netherlands","EURO",165,48948,6,6065
"2020-06-17","NL","Netherlands","EURO",139,49087,5,6070
"2020-06-18","NL","Netherlands","EURO",117,49204,4,6074
"2020-06-19","NL","Netherlands","EURO",115,49319,4,6078
"2020-06-20","NL","Netherlands","EURO",107,49426,3,6081
"2020-06-21","NL","Netherlands","EURO",76,49502,8,6089
"2020-06-22","NL","Netherlands","EURO",91,49593,1,6090
"2020-06-23","NL","Netherlands","EURO",65,49658,0,6090
"2020-06-24","NL","Netherlands","EURO",64,49722,5,6095
"2020-06-25","NL","Netherlands","EURO",82,49804,2,6097
"2020-06-26","NL","Netherlands","EURO",110,49914,3,6100
"2020-06-27","NL","Netherlands","EURO",91,50005,3,6103
"2020-06-28","NL","Netherlands","EURO",69,50074,2,6105
"2020-06-29","NL","Netherlands","EURO",73,50147,0,6105
"2020-06-30","NL","Netherlands","EURO",76,50223,2,6107
"2020-07-01","NL","Netherlands","EURO",50,50273,6,6113
"2020-07-02","NL","Netherlands","EURO",62,50335,2,6115
"2020-07-03","NL","Netherlands","EURO",77,50412,3,6118
"2020-07-04","NL","Netherlands","EURO",75,50487,2,6120
"2020-07-05","NL","Netherlands","EURO",61,50548,6,6126
"2020-07-06","NL","Netherlands","EURO",73,50621,1,6127
"2020-07-07","NL","Netherlands","EURO",36,50657,1,6128
"2020-07-08","NL","Netherlands","EURO",37,50694,4,6132
"2020-07-09","NL","Netherlands","EURO",52,50746,3,6135
"2020-07-10","NL","Netherlands","EURO",52,50798,0,6135
"2020-07-11","NL","Netherlands","EURO",42,50840,0,6135
"2020-07-12","NL","Netherlands","EURO",81,50921,0,6135
"2020-07-13","NL","Netherlands","EURO",101,51022,0,6135
"2020-07-14","NL","Netherlands","EURO",71,51093,0,6135
"2020-07-15","NL","Netherlands","EURO",53,51146,0,6135
"2020-07-16","NL","Netherlands","EURO",106,51252,1,6136
"2020-07-17","NL","Netherlands","EURO",99,51351,0,6136
"2020-07-18","NL","Netherlands","EURO",103,51454,0,6136
"2020-07-19","NL","Netherlands","EURO",127,51581,0,6136
"2020-07-20","NL","Netherlands","EURO",144,51725,0,6136
"2020-07-21","NL","Netherlands","EURO",185,51910,0,6136
"2020-07-22","NL","Netherlands","EURO",163,52073,0,6136
"2020-07-23","NL","Netherlands","EURO",168,52241,3,6139
"2020-07-24","NL","Netherlands","EURO",163,52404,0,6139
"2020-07-25","NL","Netherlands","EURO",191,52595,0,6139
"2020-07-26","NL","Netherlands","EURO",137,52732,1,6140
"2020-07-27","NL","Netherlands","EURO",214,52946,0,6140
"2020-07-28","NL","Netherlands","EURO",205,53151,0,6140
"2020-07-29","NL","Netherlands","EURO",223,53374,0,6140
"2020-07-30","NL","Netherlands","EURO",247,53621,0,6140
"2020-07-31","NL","Netherlands","EURO",342,53963,0,6140
"2020-08-01","NL","Netherlands","EURO",338,54301,0,6140
"2020-08-02","NL","Netherlands","EURO",431,54732,0,6140
"2020-08-03","NL","Netherlands","EURO",311,55043,0,6140
"2020-08-04","NL","Netherlands","EURO",372,55415,0,6140
"2020-08-05","NL","Netherlands","EURO",540,55955,1,6141
"2020-08-06","NL","Netherlands","EURO",426,56381,4,6145
"2020-08-07","NL","Netherlands","EURO",601,56982,0,6145
"2020-08-08","NL","Netherlands","EURO",519,57501,0,6145
"2020-08-09","NL","Netherlands","EURO",486,57987,3,6148
"2020-08-10","NL","Netherlands","EURO",577,58564,0,6148
"2020-08-11","NL","Netherlands","EURO",575,59139,0,6148
"2020-08-12","NL","Netherlands","EURO",779,59918,2,6150
"2020-08-13","NL","Netherlands","EURO",654,60572,2,6152
"2020-08-14","NL","Netherlands","EURO",577,61149,4,6156
"2020-08-15","NL","Netherlands","EURO",636,61785,2,6158
"2020-08-16","NL","Netherlands","EURO",652,62437,2,6160
"2020-08-17","NL","Netherlands","EURO",506,62943,3,6163
"2020-08-18","NL","Netherlands","EURO",481,63424,0,6163
"2020-08-19","NL","Netherlands","EURO",487,63911,3,6166
"2020-08-20","NL","Netherlands","EURO",552,64463,6,6172
"2020-08-21","NL","Netherlands","EURO",529,64992,10,6182
"2020-08-22","NL","Netherlands","EURO",534,65526,4,6186
"2020-08-23","NL","Netherlands","EURO",508,66034,5,6191
"2020-08-24","NL","Netherlands","EURO",456,66490,0,6191
"2020-08-25","NL","Netherlands","EURO",572,67062,2,6193
"2020-08-26","NL","Netherlands","EURO",414,67476,5,6198
"2020-08-27","NL","Netherlands","EURO",570,68046,8,6206
"2020-08-28","NL","Netherlands","EURO",510,68556,3,6209
"2020-08-29","NL","Netherlands","EURO",507,69063,2,6211
"2020-08-30","NL","Netherlands","EURO",500,69563,4,6215
"2020-08-31","NL","Netherlands","EURO",508,70071,0,6215
"2020-09-01","NL","Netherlands","EURO",525,70596,0,6215
"2020-09-02","NL","Netherlands","EURO",461,71057,6,6221
"2020-09-03","NL","Netherlands","EURO",914,71971,5,6226
"2020-09-04","NL","Netherlands","EURO",421,72392,0,6226
"2020-09-05","NL","Netherlands","EURO",744,73136,2,6228
"2020-09-06","NL","Netherlands","EURO",654,73790,4,6232
"2020-09-07","NL","Netherlands","EURO",925,74715,2,6234
"2020-09-08","NL","Netherlands","EURO",797,75512,0,6234
"2020-09-09","NL","Netherlands","EURO",963,76475,1,6235
"2020-09-10","NL","Netherlands","EURO",1140,77615,2,6237
"2020-09-11","NL","Netherlands","EURO",823,78438,3,6240
"2020-09-12","NL","Netherlands","EURO",1268,79706,3,6243
"2020-09-13","NL","Netherlands","EURO",1231,80937,1,6244
"2020-09-14","NL","Netherlands","EURO",1086,82023,1,6245
"2020-09-15","NL","Netherlands","EURO",1298,83321,2,6247
"2020-09-16","NL","Netherlands","EURO",1376,84697,2,6249
"2020-09-17","NL","Netherlands","EURO",1540,86237,2,6251
"2020-09-18","NL","Netherlands","EURO",1750,87987,6,6257
"2020-09-19","NL","Netherlands","EURO",1972,89959,7,6264
"2020-09-20","NL","Netherlands","EURO",1882,91841,2,6266
"2020-09-21","NL","Netherlands","EURO",1843,93684,4,6270
"2020-09-22","NL","Netherlands","EURO",2215,95899,2,6272
"2020-09-23","NL","Netherlands","EURO",2243,98142,10,6282
"2020-09-24","NL","Netherlands","EURO",2351,100493,5,6287
"2020-09-25","NL","Netherlands","EURO",2541,103034,16,6303
"2020-09-26","NL","Netherlands","EURO",2776,105810,16,6319
"2020-09-27","NL","Netherlands","EURO",2711,108521,38,6357
"2020-09-28","NL","Netherlands","EURO",2989,111510,8,6365
"2020-09-29","NL","Netherlands","EURO",2909,114419,6,6371
"2020-09-30","NL","Netherlands","EURO",3001,117420,13,6384
"2020-10-01","NL","Netherlands","EURO",3293,120713,13,6397
"2020-10-02","NL","Netherlands","EURO",3253,123966,13,6410
"2020-10-03","NL","Netherlands","EURO",3820,127786,9,6419
"2020-10-04","NL","Netherlands","EURO",3963,131749,21,6440
"2020-10-05","NL","Netherlands","EURO",4000,135749,5,6445
"2020-10-06","NL","Netherlands","EURO",4572,140321,7,6452
"2020-10-07","NL","Netherlands","EURO",4517,144838,21,6473
"2020-10-08","NL","Netherlands","EURO",4979,149817,36,6509
"2020-10-09","NL","Netherlands","EURO",5813,155630,13,6522
"2020-10-10","NL","Netherlands","EURO",5959,161589,13,6535
"2020-10-11","NL","Netherlands","EURO",6493,168082,23,6558
"2020-10-12","NL","Netherlands","EURO",6368,174450,17,6575
"2020-10-13","NL","Netherlands","EURO",6844,181294,12,6587
"2020-10-14","NL","Netherlands","EURO",7368,188662,35,6622
"2020-10-15","NL","Netherlands","EURO",7271,195933,32,6654
"2020-10-16","NL","Netherlands","EURO",7779,203712,29,6683
"2020-10-17","NL","Netherlands","EURO",7978,211690,16,6699
"2020-10-18","NL","Netherlands","EURO",8105,219795,29,6728
"2020-10-19","NL","Netherlands","EURO",8439,228234,23,6751
"2020-10-20","NL","Netherlands","EURO",7720,235954,8,6759
"2020-10-21","NL","Netherlands","EURO",8149,244103,45,6804
"2020-10-22","NL","Netherlands","EURO",8738,252841,59,6863
"2020-10-23","NL","Netherlands","EURO",9268,262109,46,6909
"2020-10-24","NL","Netherlands","EURO",9983,272092,45,6954
"2020-10-25","NL","Netherlands","EURO",8639,280731,55,7009
"2020-10-26","NL","Netherlands","EURO",10194,290925,27,7036
"2020-10-27","NL","Netherlands","EURO",10324,301249,26,7062
"2020-10-28","NL","Netherlands","EURO",10283,311532,70,7132
"2020-10-29","NL","Netherlands","EURO",8092,319624,60,7192
"2020-10-30","NL","Netherlands","EURO",10248,329872,56,7248
"2020-10-31","NL","Netherlands","EURO",11102,340974,87,7335
"2020-11-01","NL","Netherlands","EURO",9790,350764,50,7385
"2020-11-02","NL","Netherlands","EURO",8673,359437,39,7424
"2020-11-03","NL","Netherlands","EURO",8278,367715,29,7453
"2020-11-04","NL","Netherlands","EURO",7729,375444,113,7566
"2020-11-05","NL","Netherlands","EURO",7622,383066,106,7672
"2020-11-06","NL","Netherlands","EURO",6957,390023,87,7759
"2020-11-07","NL","Netherlands","EURO",7232,397255,118,7877
"2020-11-08","NL","Netherlands","EURO",6659,403914,73,7950
"2020-11-09","NL","Netherlands","EURO",5659,409573,44,7994
"2020-11-10","NL","Netherlands","EURO",4674,414247,39,8033
"2020-11-11","NL","Netherlands","EURO",4664,418911,98,8131
"2020-11-12","NL","Netherlands","EURO",5400,424311,74,8205
"2020-11-13","NL","Netherlands","EURO",5627,429938,89,8294
"2020-11-14","NL","Netherlands","EURO",6086,436024,53,8347
"2020-11-15","NL","Netherlands","EURO",5903,441927,85,8432
"2020-11-16","NL","Netherlands","EURO",5408,447335,43,8475
"2020-11-17","NL","Netherlands","EURO",4822,452157,44,8519
"2020-11-18","NL","Netherlands","EURO",4296,456453,85,8604
"2020-11-19","NL","Netherlands","EURO",4606,461059,82,8686
"2020-11-20","NL","Netherlands","EURO",5638,466697,73,8759
"2020-11-21","NL","Netherlands","EURO",5919,472616,51,8810
"2020-11-22","NL","Netherlands","EURO",6062,478678,48,8858
"2020-11-23","NL","Netherlands","EURO",5382,484060,21,8879
"2020-11-24","NL","Netherlands","EURO",5163,489223,54,8933
"2020-11-25","NL","Netherlands","EURO",3919,493142,90,9023
"2020-11-26","NL","Netherlands","EURO",4901,498043,73,9096
"2020-11-27","NL","Netherlands","EURO",4467,502510,75,9171
"2020-11-28","NL","Netherlands","EURO",5733,508243,83,9254
"2020-11-29","NL","Netherlands","EURO",4452,512695,59,9313
"2020-11-30","NL","Netherlands","EURO",5578,518273,23,9336
"2020-12-01","NL","Netherlands","EURO",4562,522835,27,9363
"2020-12-02","NL","Netherlands","EURO",4042,526877,62,9425
"2020-12-03","NL","Netherlands","EURO",4917,531794,66,9491
"2020-12-04","NL","Netherlands","EURO",5603,537397,61,9552
"2020-12-05","NL","Netherlands","EURO",5867,543264,58,9610
"2020-12-06","NL","Netherlands","EURO",6520,549784,39,9649
"2020-12-07","NL","Netherlands","EURO",6769,556553,25,9674
"2020-12-08","NL","Netherlands","EURO",7055,563608,17,9691
"2020-12-09","NL","Netherlands","EURO",6139,569747,71,9762
"2020-12-10","NL","Netherlands","EURO",6524,576271,66,9828
"2020-12-11","NL","Netherlands","EURO",8793,585064,64,9892
"2020-12-12","NL","Netherlands","EURO",8894,593958,65,9957
