"Fecha_de_reporte","Codigo_pais","Paises","Region","Casos_nuevos","Casos_acumulados","defunciones_nuevas","defunciones_acumuladas"
"2020-01-03","NG","Nigeria","AFRO",0,0,0,0
"2020-01-04","NG","Nigeria","AFRO",0,0,0,0
"2020-01-05","NG","Nigeria","AFRO",0,0,0,0
"2020-01-06","NG","Nigeria","AFRO",0,0,0,0
"2020-01-07","NG","Nigeria","AFRO",0,0,0,0
"2020-01-08","NG","Nigeria","AFRO",0,0,0,0
"2020-01-09","NG","Nigeria","AFRO",0,0,0,0
"2020-01-10","NG","Nigeria","AFRO",0,0,0,0
"2020-01-11","NG","Nigeria","AFRO",0,0,0,0
"2020-01-12","NG","Nigeria","AFRO",0,0,0,0
"2020-01-13","NG","Nigeria","AFRO",0,0,0,0
"2020-01-14","NG","Nigeria","AFRO",0,0,0,0
"2020-01-15","NG","Nigeria","AFRO",0,0,0,0
"2020-01-16","NG","Nigeria","AFRO",0,0,0,0
"2020-01-17","NG","Nigeria","AFRO",0,0,0,0
"2020-01-18","NG","Nigeria","AFRO",0,0,0,0
"2020-01-19","NG","Nigeria","AFRO",0,0,0,0
"2020-01-20","NG","Nigeria","AFRO",0,0,0,0
"2020-01-21","NG","Nigeria","AFRO",0,0,0,0
"2020-01-22","NG","Nigeria","AFRO",0,0,0,0
"2020-01-23","NG","Nigeria","AFRO",0,0,0,0
"2020-01-24","NG","Nigeria","AFRO",0,0,0,0
"2020-01-25","NG","Nigeria","AFRO",0,0,0,0
"2020-01-26","NG","Nigeria","AFRO",0,0,0,0
"2020-01-27","NG","Nigeria","AFRO",0,0,0,0
"2020-01-28","NG","Nigeria","AFRO",0,0,0,0
"2020-01-29","NG","Nigeria","AFRO",0,0,0,0
"2020-01-30","NG","Nigeria","AFRO",0,0,0,0
"2020-01-31","NG","Nigeria","AFRO",0,0,0,0
"2020-02-01","NG","Nigeria","AFRO",0,0,0,0
"2020-02-02","NG","Nigeria","AFRO",0,0,0,0
"2020-02-03","NG","Nigeria","AFRO",0,0,0,0
"2020-02-04","NG","Nigeria","AFRO",0,0,0,0
"2020-02-05","NG","Nigeria","AFRO",0,0,0,0
"2020-02-06","NG","Nigeria","AFRO",0,0,0,0
"2020-02-07","NG","Nigeria","AFRO",0,0,0,0
"2020-02-08","NG","Nigeria","AFRO",0,0,0,0
"2020-02-09","NG","Nigeria","AFRO",0,0,0,0
"2020-02-10","NG","Nigeria","AFRO",0,0,0,0
"2020-02-11","NG","Nigeria","AFRO",0,0,0,0
"2020-02-12","NG","Nigeria","AFRO",0,0,0,0
"2020-02-13","NG","Nigeria","AFRO",0,0,0,0
"2020-02-14","NG","Nigeria","AFRO",0,0,0,0
"2020-02-15","NG","Nigeria","AFRO",0,0,0,0
"2020-02-16","NG","Nigeria","AFRO",0,0,0,0
"2020-02-17","NG","Nigeria","AFRO",0,0,0,0
"2020-02-18","NG","Nigeria","AFRO",0,0,0,0
"2020-02-19","NG","Nigeria","AFRO",0,0,0,0
"2020-02-20","NG","Nigeria","AFRO",0,0,0,0
"2020-02-21","NG","Nigeria","AFRO",0,0,0,0
"2020-02-22","NG","Nigeria","AFRO",0,0,0,0
"2020-02-23","NG","Nigeria","AFRO",0,0,0,0
"2020-02-24","NG","Nigeria","AFRO",0,0,0,0
"2020-02-25","NG","Nigeria","AFRO",0,0,0,0
"2020-02-26","NG","Nigeria","AFRO",0,0,0,0
"2020-02-27","NG","Nigeria","AFRO",0,0,0,0
"2020-02-28","NG","Nigeria","AFRO",5,5,0,0
"2020-02-29","NG","Nigeria","AFRO",0,5,0,0
"2020-03-01","NG","Nigeria","AFRO",0,5,0,0
"2020-03-02","NG","Nigeria","AFRO",0,5,0,0
"2020-03-03","NG","Nigeria","AFRO",0,5,0,0
"2020-03-04","NG","Nigeria","AFRO",0,5,0,0
"2020-03-05","NG","Nigeria","AFRO",0,5,0,0
"2020-03-06","NG","Nigeria","AFRO",0,5,0,0
"2020-03-07","NG","Nigeria","AFRO",0,5,0,0
"2020-03-08","NG","Nigeria","AFRO",0,5,0,0
"2020-03-09","NG","Nigeria","AFRO",1,6,0,0
"2020-03-10","NG","Nigeria","AFRO",0,6,0,0
"2020-03-11","NG","Nigeria","AFRO",0,6,0,0
"2020-03-12","NG","Nigeria","AFRO",0,6,0,0
"2020-03-13","NG","Nigeria","AFRO",0,6,0,0
"2020-03-14","NG","Nigeria","AFRO",0,6,0,0
"2020-03-15","NG","Nigeria","AFRO",0,6,0,0
"2020-03-16","NG","Nigeria","AFRO",0,6,0,0
"2020-03-17","NG","Nigeria","AFRO",0,6,0,0
"2020-03-18","NG","Nigeria","AFRO",6,12,0,0
"2020-03-19","NG","Nigeria","AFRO",4,16,0,0
"2020-03-20","NG","Nigeria","AFRO",0,16,0,0
"2020-03-21","NG","Nigeria","AFRO",6,22,0,0
"2020-03-22","NG","Nigeria","AFRO",0,22,0,0
"2020-03-23","NG","Nigeria","AFRO",0,22,0,0
"2020-03-24","NG","Nigeria","AFRO",0,22,0,0
"2020-03-25","NG","Nigeria","AFRO",20,42,0,0
"2020-03-26","NG","Nigeria","AFRO",4,46,1,1
"2020-03-27","NG","Nigeria","AFRO",19,65,0,1
"2020-03-28","NG","Nigeria","AFRO",0,65,0,1
"2020-03-29","NG","Nigeria","AFRO",0,65,0,1
"2020-03-30","NG","Nigeria","AFRO",0,65,0,1
"2020-03-31","NG","Nigeria","AFRO",46,111,0,1
"2020-04-01","NG","Nigeria","AFRO",28,139,1,2
"2020-04-02","NG","Nigeria","AFRO",35,174,0,2
"2020-04-03","NG","Nigeria","AFRO",16,190,0,2
"2020-04-04","NG","Nigeria","AFRO",18,208,2,4
"2020-04-05","NG","Nigeria","AFRO",0,208,0,4
"2020-04-06","NG","Nigeria","AFRO",24,232,1,5
"2020-04-07","NG","Nigeria","AFRO",0,232,0,5
"2020-04-08","NG","Nigeria","AFRO",22,254,1,6
"2020-04-09","NG","Nigeria","AFRO",22,276,0,6
"2020-04-10","NG","Nigeria","AFRO",12,288,1,7
"2020-04-11","NG","Nigeria","AFRO",17,305,0,7
"2020-04-12","NG","Nigeria","AFRO",13,318,3,10
"2020-04-13","NG","Nigeria","AFRO",5,323,0,10
"2020-04-14","NG","Nigeria","AFRO",20,343,0,10
"2020-04-15","NG","Nigeria","AFRO",0,343,0,10
"2020-04-16","NG","Nigeria","AFRO",30,373,1,11
"2020-04-17","NG","Nigeria","AFRO",0,373,0,11
"2020-04-18","NG","Nigeria","AFRO",0,373,0,11
"2020-04-19","NG","Nigeria","AFRO",0,373,0,11
"2020-04-20","NG","Nigeria","AFRO",168,541,8,19
"2020-04-21","NG","Nigeria","AFRO",0,541,0,19
"2020-04-22","NG","Nigeria","AFRO",0,541,0,19
"2020-04-23","NG","Nigeria","AFRO",0,541,0,19
"2020-04-24","NG","Nigeria","AFRO",440,981,12,31
"2020-04-25","NG","Nigeria","AFRO",114,1095,1,32
"2020-04-26","NG","Nigeria","AFRO",87,1182,3,35
"2020-04-27","NG","Nigeria","AFRO",91,1273,5,40
"2020-04-28","NG","Nigeria","AFRO",64,1337,0,40
"2020-04-29","NG","Nigeria","AFRO",0,1337,0,40
"2020-04-30","NG","Nigeria","AFRO",195,1532,4,44
"2020-05-01","NG","Nigeria","AFRO",400,1932,14,58
"2020-05-02","NG","Nigeria","AFRO",238,2170,10,68
"2020-05-03","NG","Nigeria","AFRO",218,2388,17,85
"2020-05-04","NG","Nigeria","AFRO",0,2388,0,85
"2020-05-05","NG","Nigeria","AFRO",414,2802,8,93
"2020-05-06","NG","Nigeria","AFRO",148,2950,5,98
"2020-05-07","NG","Nigeria","AFRO",195,3145,5,103
"2020-05-08","NG","Nigeria","AFRO",381,3526,4,107
"2020-05-09","NG","Nigeria","AFRO",386,3912,10,117
"2020-05-10","NG","Nigeria","AFRO",239,4151,11,128
"2020-05-11","NG","Nigeria","AFRO",248,4399,15,143
"2020-05-12","NG","Nigeria","AFRO",242,4641,7,150
"2020-05-13","NG","Nigeria","AFRO",146,4787,8,158
"2020-05-14","NG","Nigeria","AFRO",184,4971,6,164
"2020-05-15","NG","Nigeria","AFRO",191,5162,3,167
"2020-05-16","NG","Nigeria","AFRO",288,5450,4,171
"2020-05-17","NG","Nigeria","AFRO",171,5621,5,176
"2020-05-18","NG","Nigeria","AFRO",338,5959,6,182
"2020-05-19","NG","Nigeria","AFRO",216,6175,9,191
"2020-05-20","NG","Nigeria","AFRO",226,6401,1,192
"2020-05-21","NG","Nigeria","AFRO",276,6677,8,200
"2020-05-22","NG","Nigeria","AFRO",339,7016,11,211
"2020-05-23","NG","Nigeria","AFRO",245,7261,10,221
"2020-05-24","NG","Nigeria","AFRO",265,7526,0,221
"2020-05-25","NG","Nigeria","AFRO",313,7839,5,226
"2020-05-26","NG","Nigeria","AFRO",229,8068,7,233
"2020-05-27","NG","Nigeria","AFRO",276,8344,16,249
"2020-05-28","NG","Nigeria","AFRO",389,8733,5,254
"2020-05-29","NG","Nigeria","AFRO",182,8915,5,259
"2020-05-30","NG","Nigeria","AFRO",387,9302,2,261
"2020-05-31","NG","Nigeria","AFRO",553,9855,12,273
"2020-06-01","NG","Nigeria","AFRO",307,10162,14,287
"2020-06-02","NG","Nigeria","AFRO",416,10578,12,299
"2020-06-03","NG","Nigeria","AFRO",241,10819,15,314
"2020-06-04","NG","Nigeria","AFRO",347,11166,1,315
"2020-06-05","NG","Nigeria","AFRO",350,11516,8,323
"2020-06-06","NG","Nigeria","AFRO",328,11844,10,333
"2020-06-07","NG","Nigeria","AFRO",389,12233,9,342
"2020-06-08","NG","Nigeria","AFRO",253,12486,12,354
"2020-06-09","NG","Nigeria","AFRO",315,12801,7,361
"2020-06-10","NG","Nigeria","AFRO",663,13464,4,365
"2020-06-11","NG","Nigeria","AFRO",409,13873,17,382
"2020-06-12","NG","Nigeria","AFRO",681,14554,5,387
"2020-06-13","NG","Nigeria","AFRO",0,14554,0,387
"2020-06-14","NG","Nigeria","AFRO",627,15181,12,399
"2020-06-15","NG","Nigeria","AFRO",904,16085,21,420
"2020-06-16","NG","Nigeria","AFRO",573,16658,4,424
"2020-06-17","NG","Nigeria","AFRO",490,17148,0,424
"2020-06-18","NG","Nigeria","AFRO",587,17735,45,469
"2020-06-19","NG","Nigeria","AFRO",745,18480,6,475
"2020-06-20","NG","Nigeria","AFRO",667,19147,12,487
"2020-06-21","NG","Nigeria","AFRO",661,19808,19,506
"2020-06-22","NG","Nigeria","AFRO",436,20244,12,518
"2020-06-23","NG","Nigeria","AFRO",675,20919,7,525
"2020-06-24","NG","Nigeria","AFRO",452,21371,8,533
"2020-06-25","NG","Nigeria","AFRO",649,22020,9,542
"2020-06-26","NG","Nigeria","AFRO",594,22614,7,549
"2020-06-27","NG","Nigeria","AFRO",684,23298,5,554
"2020-06-28","NG","Nigeria","AFRO",779,24077,4,558
"2020-06-29","NG","Nigeria","AFRO",490,24567,7,565
"2020-06-30","NG","Nigeria","AFRO",566,25133,8,573
"2020-07-01","NG","Nigeria","AFRO",561,25694,17,590
"2020-07-02","NG","Nigeria","AFRO",790,26484,13,603
"2020-07-03","NG","Nigeria","AFRO",626,27110,13,616
"2020-07-04","NG","Nigeria","AFRO",454,27564,12,628
"2020-07-05","NG","Nigeria","AFRO",603,28167,6,634
"2020-07-06","NG","Nigeria","AFRO",544,28711,11,645
"2020-07-07","NG","Nigeria","AFRO",575,29286,9,654
"2020-07-08","NG","Nigeria","AFRO",503,29789,15,669
"2020-07-09","NG","Nigeria","AFRO",460,30249,15,684
"2020-07-10","NG","Nigeria","AFRO",499,30748,5,689
"2020-07-11","NG","Nigeria","AFRO",575,31323,20,709
"2020-07-12","NG","Nigeria","AFRO",664,31987,15,724
"2020-07-13","NG","Nigeria","AFRO",571,32558,16,740
"2020-07-14","NG","Nigeria","AFRO",595,33153,4,744
"2020-07-15","NG","Nigeria","AFRO",463,33616,10,754
"2020-07-16","NG","Nigeria","AFRO",643,34259,6,760
"2020-07-17","NG","Nigeria","AFRO",595,34854,9,769
"2020-07-18","NG","Nigeria","AFRO",600,35454,3,772
"2020-07-19","NG","Nigeria","AFRO",653,36107,6,778
"2020-07-20","NG","Nigeria","AFRO",556,36663,11,789
"2020-07-21","NG","Nigeria","AFRO",562,37225,12,801
"2020-07-22","NG","Nigeria","AFRO",576,37801,4,805
"2020-07-23","NG","Nigeria","AFRO",543,38344,8,813
"2020-07-24","NG","Nigeria","AFRO",604,38948,20,833
"2020-07-25","NG","Nigeria","AFRO",591,39539,12,845
"2020-07-26","NG","Nigeria","AFRO",438,39977,11,856
"2020-07-27","NG","Nigeria","AFRO",555,40532,2,858
"2020-07-28","NG","Nigeria","AFRO",648,41180,2,860
"2020-07-29","NG","Nigeria","AFRO",624,41804,8,868
"2020-07-30","NG","Nigeria","AFRO",404,42208,5,873
"2020-07-31","NG","Nigeria","AFRO",481,42689,5,878
"2020-08-01","NG","Nigeria","AFRO",462,43151,1,879
"2020-08-02","NG","Nigeria","AFRO",386,43537,4,883
"2020-08-03","NG","Nigeria","AFRO",304,43841,5,888
"2020-08-04","NG","Nigeria","AFRO",288,44129,8,896
"2020-08-05","NG","Nigeria","AFRO",304,44433,14,910
"2020-08-06","NG","Nigeria","AFRO",457,44890,17,927
"2020-08-07","NG","Nigeria","AFRO",354,45244,3,930
"2020-08-08","NG","Nigeria","AFRO",443,45687,6,936
"2020-08-09","NG","Nigeria","AFRO",453,46140,6,942
"2020-08-10","NG","Nigeria","AFRO",437,46577,3,945
"2020-08-11","NG","Nigeria","AFRO",290,46867,5,950
"2020-08-12","NG","Nigeria","AFRO",423,47290,6,956
"2020-08-13","NG","Nigeria","AFRO",453,47743,0,956
"2020-08-14","NG","Nigeria","AFRO",373,48116,10,966
"2020-08-15","NG","Nigeria","AFRO",329,48445,7,973
"2020-08-16","NG","Nigeria","AFRO",325,48770,1,974
"2020-08-17","NG","Nigeria","AFRO",298,49068,1,975
"2020-08-18","NG","Nigeria","AFRO",417,49485,2,977
"2020-08-19","NG","Nigeria","AFRO",410,49895,4,981
"2020-08-20","NG","Nigeria","AFRO",593,50488,4,985
"2020-08-21","NG","Nigeria","AFRO",476,50964,7,992
"2020-08-22","NG","Nigeria","AFRO",340,51304,4,996
"2020-08-23","NG","Nigeria","AFRO",601,51905,1,997
"2020-08-24","NG","Nigeria","AFRO",322,52227,5,1002
"2020-08-25","NG","Nigeria","AFRO",321,52548,2,1004
"2020-08-26","NG","Nigeria","AFRO",252,52800,3,1007
"2020-08-27","NG","Nigeria","AFRO",221,53021,3,1010
"2020-08-28","NG","Nigeria","AFRO",296,53317,1,1011
"2020-08-29","NG","Nigeria","AFRO",160,53477,0,1011
"2020-08-30","NG","Nigeria","AFRO",250,53727,0,1011
"2020-08-31","NG","Nigeria","AFRO",138,53865,2,1013
"2020-09-01","NG","Nigeria","AFRO",143,54008,0,1013
"2020-09-02","NG","Nigeria","AFRO",239,54247,10,1023
"2020-09-03","NG","Nigeria","AFRO",216,54463,4,1027
"2020-09-04","NG","Nigeria","AFRO",125,54588,21,1048
"2020-09-05","NG","Nigeria","AFRO",155,54743,3,1051
"2020-09-06","NG","Nigeria","AFRO",162,54905,3,1054
"2020-09-07","NG","Nigeria","AFRO",100,55005,3,1057
"2020-09-08","NG","Nigeria","AFRO",155,55160,4,1061
"2020-09-09","NG","Nigeria","AFRO",296,55456,6,1067
"2020-09-10","NG","Nigeria","AFRO",176,55632,3,1070
"2020-09-11","NG","Nigeria","AFRO",197,55829,5,1075
"2020-09-12","NG","Nigeria","AFRO",188,56017,1,1076
"2020-09-13","NG","Nigeria","AFRO",160,56177,2,1078
"2020-09-14","NG","Nigeria","AFRO",79,56256,4,1082
"2020-09-15","NG","Nigeria","AFRO",132,56388,1,1083
"2020-09-16","NG","Nigeria","AFRO",90,56478,5,1088
"2020-09-17","NG","Nigeria","AFRO",126,56604,3,1091
"2020-09-18","NG","Nigeria","AFRO",131,56735,2,1093
"2020-09-19","NG","Nigeria","AFRO",221,56956,1,1094
"2020-09-20","NG","Nigeria","AFRO",189,57145,1,1095
"2020-09-21","NG","Nigeria","AFRO",97,57242,3,1098
"2020-09-22","NG","Nigeria","AFRO",195,57437,2,1100
"2020-09-23","NG","Nigeria","AFRO",176,57613,0,1100
"2020-09-24","NG","Nigeria","AFRO",111,57724,2,1102
"2020-09-25","NG","Nigeria","AFRO",125,57849,0,1102
"2020-09-26","NG","Nigeria","AFRO",213,58062,1,1103
"2020-09-27","NG","Nigeria","AFRO",136,58198,3,1106
"2020-09-28","NG","Nigeria","AFRO",126,58324,2,1108
"2020-09-29","NG","Nigeria","AFRO",136,58460,3,1111
"2020-09-30","NG","Nigeria","AFRO",187,58647,0,1111
"2020-10-01","NG","Nigeria","AFRO",201,58848,1,1112
"2020-10-02","NG","Nigeria","AFRO",153,59001,0,1112
"2020-10-03","NG","Nigeria","AFRO",126,59127,0,1112
"2020-10-04","NG","Nigeria","AFRO",160,59287,1,1113
"2020-10-05","NG","Nigeria","AFRO",58,59345,0,1113
"2020-10-06","NG","Nigeria","AFRO",120,59465,0,1113
"2020-10-07","NG","Nigeria","AFRO",118,59583,0,1113
"2020-10-08","NG","Nigeria","AFRO",155,59738,0,1113
"2020-10-09","NG","Nigeria","AFRO",103,59841,0,1113
"2020-10-10","NG","Nigeria","AFRO",151,59992,0,1113
"2020-10-11","NG","Nigeria","AFRO",111,60103,2,1115
"2020-10-12","NG","Nigeria","AFRO",163,60266,0,1115
"2020-10-13","NG","Nigeria","AFRO",164,60430,0,1115
"2020-10-14","NG","Nigeria","AFRO",225,60655,1,1116
"2020-10-15","NG","Nigeria","AFRO",179,60834,0,1116
"2020-10-16","NG","Nigeria","AFRO",148,60982,0,1116
"2020-10-17","NG","Nigeria","AFRO",212,61194,3,1119
"2020-10-18","NG","Nigeria","AFRO",113,61307,4,1123
"2020-10-19","NG","Nigeria","AFRO",133,61440,2,1125
"2020-10-20","NG","Nigeria","AFRO",118,61558,0,1125
"2020-10-21","NG","Nigeria","AFRO",72,61630,0,1125
"2020-10-22","NG","Nigeria","AFRO",37,61667,0,1125
"2020-10-23","NG","Nigeria","AFRO",138,61805,2,1127
"2020-10-24","NG","Nigeria","AFRO",77,61882,2,1129
"2020-10-25","NG","Nigeria","AFRO",48,61930,0,1129
"2020-10-26","NG","Nigeria","AFRO",62,61992,1,1130
"2020-10-27","NG","Nigeria","AFRO",119,62111,2,1132
"2020-10-28","NG","Nigeria","AFRO",113,62224,3,1135
"2020-10-29","NG","Nigeria","AFRO",147,62371,4,1139
"2020-10-30","NG","Nigeria","AFRO",150,62521,2,1141
"2020-10-31","NG","Nigeria","AFRO",170,62691,3,1144
"2020-11-01","NG","Nigeria","AFRO",162,62853,0,1144
"2020-11-02","NG","Nigeria","AFRO",111,62964,2,1146
"2020-11-03","NG","Nigeria","AFRO",72,63036,1,1147
"2020-11-04","NG","Nigeria","AFRO",137,63173,4,1151
"2020-11-05","NG","Nigeria","AFRO",155,63328,4,1155
"2020-11-06","NG","Nigeria","AFRO",180,63508,0,1155
"2020-11-07","NG","Nigeria","AFRO",223,63731,1,1156
"2020-11-08","NG","Nigeria","AFRO",59,63790,0,1156
"2020-11-09","NG","Nigeria","AFRO",300,64090,0,1156
"2020-11-10","NG","Nigeria","AFRO",94,64184,2,1158
"2020-11-11","NG","Nigeria","AFRO",152,64336,2,1160
"2020-11-12","NG","Nigeria","AFRO",180,64516,2,1162
"2020-11-13","NG","Nigeria","AFRO",212,64728,0,1162
"2020-11-14","NG","Nigeria","AFRO",156,64884,1,1163
"2020-11-15","NG","Nigeria","AFRO",112,64996,0,1163
"2020-11-16","NG","Nigeria","AFRO",152,65148,0,1163
"2020-11-17","NG","Nigeria","AFRO",157,65305,0,1163
"2020-11-18","NG","Nigeria","AFRO",152,65457,0,1163
"2020-11-19","NG","Nigeria","AFRO",236,65693,0,1163
"2020-11-20","NG","Nigeria","AFRO",146,65839,2,1165
"2020-11-21","NG","Nigeria","AFRO",143,65982,0,1165
"2020-11-22","NG","Nigeria","AFRO",246,66228,1,1166
"2020-11-23","NG","Nigeria","AFRO",155,66383,1,1167
"2020-11-24","NG","Nigeria","AFRO",56,66439,1,1168
"2020-11-25","NG","Nigeria","AFRO",168,66607,1,1169
"2020-11-26","NG","Nigeria","AFRO",198,66805,0,1169
"2020-11-27","NG","Nigeria","AFRO",169,66974,0,1169
"2020-11-28","NG","Nigeria","AFRO",246,67220,2,1171
"2020-11-29","NG","Nigeria","AFRO",110,67330,0,1171
"2020-11-30","NG","Nigeria","AFRO",82,67412,2,1173
"2020-12-01","NG","Nigeria","AFRO",145,67557,0,1173
"2020-12-02","NG","Nigeria","AFRO",281,67838,3,1176
"2020-12-03","NG","Nigeria","AFRO",122,67960,1,1177
"2020-12-04","NG","Nigeria","AFRO",343,68303,2,1179
"2020-12-05","NG","Nigeria","AFRO",324,68627,0,1179
"2020-12-06","NG","Nigeria","AFRO",310,68937,1,1180
"2020-12-07","NG","Nigeria","AFRO",318,69255,0,1180
"2020-12-08","NG","Nigeria","AFRO",390,69645,1,1181
"2020-12-09","NG","Nigeria","AFRO",550,70195,1,1182
"2020-12-10","NG","Nigeria","AFRO",474,70669,2,1184
"2020-12-11","NG","Nigeria","AFRO",675,71344,6,1190
"2020-12-12","NG","Nigeria","AFRO",796,72140,0,1190
