"Fecha_de_reporte","Codigo_pais","Paises","Region","Casos_nuevos","Casos_acumulados","defunciones_nuevas","defunciones_acumuladas"
"2020-01-03","MK","North Macedonia","EURO",0,0,0,0
"2020-01-04","MK","North Macedonia","EURO",0,0,0,0
"2020-01-05","MK","North Macedonia","EURO",0,0,0,0
"2020-01-06","MK","North Macedonia","EURO",0,0,0,0
"2020-01-07","MK","North Macedonia","EURO",0,0,0,0
"2020-01-08","MK","North Macedonia","EURO",0,0,0,0
"2020-01-09","MK","North Macedonia","EURO",0,0,0,0
"2020-01-10","MK","North Macedonia","EURO",0,0,0,0
"2020-01-11","MK","North Macedonia","EURO",0,0,0,0
"2020-01-12","MK","North Macedonia","EURO",0,0,0,0
"2020-01-13","MK","North Macedonia","EURO",0,0,0,0
"2020-01-14","MK","North Macedonia","EURO",0,0,0,0
"2020-01-15","MK","North Macedonia","EURO",0,0,0,0
"2020-01-16","MK","North Macedonia","EURO",0,0,0,0
"2020-01-17","MK","North Macedonia","EURO",0,0,0,0
"2020-01-18","MK","North Macedonia","EURO",0,0,0,0
"2020-01-19","MK","North Macedonia","EURO",0,0,0,0
"2020-01-20","MK","North Macedonia","EURO",0,0,0,0
"2020-01-21","MK","North Macedonia","EURO",0,0,0,0
"2020-01-22","MK","North Macedonia","EURO",0,0,0,0
"2020-01-23","MK","North Macedonia","EURO",0,0,0,0
"2020-01-24","MK","North Macedonia","EURO",0,0,0,0
"2020-01-25","MK","North Macedonia","EURO",0,0,0,0
"2020-01-26","MK","North Macedonia","EURO",0,0,0,0
"2020-01-27","MK","North Macedonia","EURO",0,0,0,0
"2020-01-28","MK","North Macedonia","EURO",0,0,0,0
"2020-01-29","MK","North Macedonia","EURO",0,0,0,0
"2020-01-30","MK","North Macedonia","EURO",0,0,0,0
"2020-01-31","MK","North Macedonia","EURO",0,0,0,0
"2020-02-01","MK","North Macedonia","EURO",0,0,0,0
"2020-02-02","MK","North Macedonia","EURO",0,0,0,0
"2020-02-03","MK","North Macedonia","EURO",0,0,0,0
"2020-02-04","MK","North Macedonia","EURO",0,0,0,0
"2020-02-05","MK","North Macedonia","EURO",0,0,0,0
"2020-02-06","MK","North Macedonia","EURO",0,0,0,0
"2020-02-07","MK","North Macedonia","EURO",0,0,0,0
"2020-02-08","MK","North Macedonia","EURO",0,0,0,0
"2020-02-09","MK","North Macedonia","EURO",0,0,0,0
"2020-02-10","MK","North Macedonia","EURO",0,0,0,0
"2020-02-11","MK","North Macedonia","EURO",0,0,0,0
"2020-02-12","MK","North Macedonia","EURO",0,0,0,0
"2020-02-13","MK","North Macedonia","EURO",0,0,0,0
"2020-02-14","MK","North Macedonia","EURO",0,0,0,0
"2020-02-15","MK","North Macedonia","EURO",0,0,0,0
"2020-02-16","MK","North Macedonia","EURO",0,0,0,0
"2020-02-17","MK","North Macedonia","EURO",0,0,0,0
"2020-02-18","MK","North Macedonia","EURO",0,0,0,0
"2020-02-19","MK","North Macedonia","EURO",0,0,0,0
"2020-02-20","MK","North Macedonia","EURO",0,0,0,0
"2020-02-21","MK","North Macedonia","EURO",0,0,0,0
"2020-02-22","MK","North Macedonia","EURO",0,0,0,0
"2020-02-23","MK","North Macedonia","EURO",0,0,0,0
"2020-02-24","MK","North Macedonia","EURO",0,0,0,0
"2020-02-25","MK","North Macedonia","EURO",0,0,0,0
"2020-02-26","MK","North Macedonia","EURO",1,1,0,0
"2020-02-27","MK","North Macedonia","EURO",0,1,0,0
"2020-02-28","MK","North Macedonia","EURO",0,1,0,0
"2020-02-29","MK","North Macedonia","EURO",0,1,0,0
"2020-03-01","MK","North Macedonia","EURO",0,1,0,0
"2020-03-02","MK","North Macedonia","EURO",0,1,0,0
"2020-03-03","MK","North Macedonia","EURO",0,1,0,0
"2020-03-04","MK","North Macedonia","EURO",0,1,0,0
"2020-03-05","MK","North Macedonia","EURO",0,1,0,0
"2020-03-06","MK","North Macedonia","EURO",0,1,0,0
"2020-03-07","MK","North Macedonia","EURO",2,3,0,0
"2020-03-08","MK","North Macedonia","EURO",0,3,0,0
"2020-03-09","MK","North Macedonia","EURO",0,3,0,0
"2020-03-10","MK","North Macedonia","EURO",1,4,0,0
"2020-03-11","MK","North Macedonia","EURO",3,7,0,0
"2020-03-12","MK","North Macedonia","EURO",0,7,0,0
"2020-03-13","MK","North Macedonia","EURO",0,7,0,0
"2020-03-14","MK","North Macedonia","EURO",2,9,0,0
"2020-03-15","MK","North Macedonia","EURO",4,13,0,0
"2020-03-16","MK","North Macedonia","EURO",0,13,0,0
"2020-03-17","MK","North Macedonia","EURO",6,19,0,0
"2020-03-18","MK","North Macedonia","EURO",12,31,0,0
"2020-03-19","MK","North Macedonia","EURO",4,35,0,0
"2020-03-20","MK","North Macedonia","EURO",13,48,0,0
"2020-03-21","MK","North Macedonia","EURO",37,85,0,0
"2020-03-22","MK","North Macedonia","EURO",29,114,0,0
"2020-03-23","MK","North Macedonia","EURO",22,136,2,2
"2020-03-24","MK","North Macedonia","EURO",12,148,0,2
"2020-03-25","MK","North Macedonia","EURO",29,177,0,2
"2020-03-26","MK","North Macedonia","EURO",24,201,1,3
"2020-03-27","MK","North Macedonia","EURO",18,219,0,3
"2020-03-28","MK","North Macedonia","EURO",22,241,1,4
"2020-03-29","MK","North Macedonia","EURO",0,241,0,4
"2020-03-30","MK","North Macedonia","EURO",44,285,3,7
"2020-03-31","MK","North Macedonia","EURO",44,329,2,9
"2020-04-01","MK","North Macedonia","EURO",25,354,2,11
"2020-04-02","MK","North Macedonia","EURO",0,354,0,11
"2020-04-03","MK","North Macedonia","EURO",30,384,0,11
"2020-04-04","MK","North Macedonia","EURO",46,430,1,12
"2020-04-05","MK","North Macedonia","EURO",53,483,5,17
"2020-04-06","MK","North Macedonia","EURO",72,555,1,18
"2020-04-07","MK","North Macedonia","EURO",15,570,3,21
"2020-04-08","MK","North Macedonia","EURO",29,599,6,27
"2020-04-09","MK","North Macedonia","EURO",18,617,3,30
"2020-04-10","MK","North Macedonia","EURO",46,663,0,30
"2020-04-11","MK","North Macedonia","EURO",48,711,2,32
"2020-04-12","MK","North Macedonia","EURO",117,828,2,34
"2020-04-13","MK","North Macedonia","EURO",0,828,0,34
"2020-04-14","MK","North Macedonia","EURO",26,854,4,38
"2020-04-15","MK","North Macedonia","EURO",54,908,6,44
"2020-04-16","MK","North Macedonia","EURO",66,974,1,45
"2020-04-17","MK","North Macedonia","EURO",107,1081,1,46
"2020-04-18","MK","North Macedonia","EURO",36,1117,3,49
"2020-04-19","MK","North Macedonia","EURO",53,1170,0,49
"2020-04-20","MK","North Macedonia","EURO",37,1207,2,51
"2020-04-21","MK","North Macedonia","EURO",18,1225,3,54
"2020-04-22","MK","North Macedonia","EURO",6,1231,1,55
"2020-04-23","MK","North Macedonia","EURO",28,1259,1,56
"2020-04-24","MK","North Macedonia","EURO",41,1300,0,56
"2020-04-25","MK","North Macedonia","EURO",26,1326,1,57
"2020-04-26","MK","North Macedonia","EURO",41,1367,2,59
"2020-04-27","MK","North Macedonia","EURO",19,1386,2,61
"2020-04-28","MK","North Macedonia","EURO",13,1399,4,65
"2020-04-29","MK","North Macedonia","EURO",22,1421,6,71
"2020-04-30","MK","North Macedonia","EURO",21,1442,2,73
"2020-05-01","MK","North Macedonia","EURO",23,1465,4,77
"2020-05-02","MK","North Macedonia","EURO",29,1494,4,81
"2020-05-03","MK","North Macedonia","EURO",12,1506,1,82
"2020-05-04","MK","North Macedonia","EURO",5,1511,2,84
"2020-05-05","MK","North Macedonia","EURO",7,1518,1,85
"2020-05-06","MK","North Macedonia","EURO",8,1526,1,86
"2020-05-07","MK","North Macedonia","EURO",13,1539,2,88
"2020-05-08","MK","North Macedonia","EURO",33,1572,1,89
"2020-05-09","MK","North Macedonia","EURO",14,1586,1,90
"2020-05-10","MK","North Macedonia","EURO",36,1622,1,91
"2020-05-11","MK","North Macedonia","EURO",20,1642,0,91
"2020-05-12","MK","North Macedonia","EURO",22,1664,0,91
"2020-05-13","MK","North Macedonia","EURO",10,1674,1,92
"2020-05-14","MK","North Macedonia","EURO",20,1694,3,95
"2020-05-15","MK","North Macedonia","EURO",29,1723,0,95
"2020-05-16","MK","North Macedonia","EURO",17,1740,2,97
"2020-05-17","MK","North Macedonia","EURO",22,1762,1,98
"2020-05-18","MK","North Macedonia","EURO",30,1792,3,101
"2020-05-19","MK","North Macedonia","EURO",25,1817,3,104
"2020-05-20","MK","North Macedonia","EURO",22,1839,2,106
"2020-05-21","MK","North Macedonia","EURO",19,1858,4,110
"2020-05-22","MK","North Macedonia","EURO",40,1898,1,111
"2020-05-23","MK","North Macedonia","EURO",23,1921,1,112
"2020-05-24","MK","North Macedonia","EURO",20,1941,1,113
"2020-05-25","MK","North Macedonia","EURO",37,1978,0,113
"2020-05-26","MK","North Macedonia","EURO",21,1999,0,113
"2020-05-27","MK","North Macedonia","EURO",16,2015,3,116
"2020-05-28","MK","North Macedonia","EURO",25,2040,3,119
"2020-05-29","MK","North Macedonia","EURO",38,2078,3,122
"2020-05-30","MK","North Macedonia","EURO",52,2130,4,126
"2020-05-31","MK","North Macedonia","EURO",34,2164,5,131
"2020-06-01","MK","North Macedonia","EURO",62,2226,2,133
"2020-06-02","MK","North Macedonia","EURO",89,2315,7,140
"2020-06-03","MK","North Macedonia","EURO",76,2391,1,141
"2020-06-04","MK","North Macedonia","EURO",101,2492,4,145
"2020-06-05","MK","North Macedonia","EURO",120,2612,2,147
"2020-06-06","MK","North Macedonia","EURO",180,2792,2,149
"2020-06-07","MK","North Macedonia","EURO",123,2915,2,151
"2020-06-08","MK","North Macedonia","EURO",113,3028,2,153
"2020-06-09","MK","North Macedonia","EURO",127,3155,3,156
"2020-06-10","MK","North Macedonia","EURO",87,3242,1,157
"2020-06-11","MK","North Macedonia","EURO",125,3367,7,164
"2020-06-12","MK","North Macedonia","EURO",175,3542,5,169
"2020-06-13","MK","North Macedonia","EURO",164,3706,2,171
"2020-06-14","MK","North Macedonia","EURO",196,3902,8,179
"2020-06-15","MK","North Macedonia","EURO",155,4057,9,188
"2020-06-16","MK","North Macedonia","EURO",100,4157,5,193
"2020-06-17","MK","North Macedonia","EURO",132,4289,8,201
"2020-06-18","MK","North Macedonia","EURO",193,4482,9,210
"2020-06-19","MK","North Macedonia","EURO",182,4664,6,216
"2020-06-20","MK","North Macedonia","EURO",156,4820,6,222
"2020-06-21","MK","North Macedonia","EURO",185,5005,11,233
"2020-06-22","MK","North Macedonia","EURO",101,5106,5,238
"2020-06-23","MK","North Macedonia","EURO",90,5196,9,247
"2020-06-24","MK","North Macedonia","EURO",118,5314,4,251
"2020-06-25","MK","North Macedonia","EURO",136,5450,8,259
"2020-06-26","MK","North Macedonia","EURO",153,5603,6,265
"2020-06-27","MK","North Macedonia","EURO",155,5758,3,268
"2020-06-28","MK","North Macedonia","EURO",148,5906,9,277
"2020-06-29","MK","North Macedonia","EURO",186,6092,9,286
"2020-06-30","MK","North Macedonia","EURO",132,6224,12,298
"2020-07-01","MK","North Macedonia","EURO",126,6350,4,302
"2020-07-02","MK","North Macedonia","EURO",120,6470,4,306
"2020-07-03","MK","North Macedonia","EURO",173,6643,15,321
"2020-07-04","MK","North Macedonia","EURO",144,6787,7,328
"2020-07-05","MK","North Macedonia","EURO",145,6932,6,334
"2020-07-06","MK","North Macedonia","EURO",114,7046,7,341
"2020-07-07","MK","North Macedonia","EURO",78,7124,5,346
"2020-07-08","MK","North Macedonia","EURO",119,7243,5,351
"2020-07-09","MK","North Macedonia","EURO",162,7405,8,359
"2020-07-10","MK","North Macedonia","EURO",167,7572,3,362
"2020-07-11","MK","North Macedonia","EURO",198,7770,5,367
"2020-07-12","MK","North Macedonia","EURO",197,7967,8,375
"2020-07-13","MK","North Macedonia","EURO",144,8111,7,382
"2020-07-14","MK","North Macedonia","EURO",86,8197,3,385
"2020-07-15","MK","North Macedonia","EURO",134,8331,4,389
"2020-07-16","MK","North Macedonia","EURO",191,8522,4,393
"2020-07-17","MK","North Macedonia","EURO",90,8612,8,401
"2020-07-18","MK","North Macedonia","EURO",174,8786,5,406
"2020-07-19","MK","North Macedonia","EURO",240,9026,8,414
"2020-07-20","MK","North Macedonia","EURO",127,9153,8,422
"2020-07-21","MK","North Macedonia","EURO",96,9249,10,432
"2020-07-22","MK","North Macedonia","EURO",163,9412,0,432
"2020-07-23","MK","North Macedonia","EURO",135,9547,10,442
"2020-07-24","MK","North Macedonia","EURO",121,9668,3,445
"2020-07-25","MK","North Macedonia","EURO",129,9797,6,451
"2020-07-26","MK","North Macedonia","EURO",137,9934,9,460
"2020-07-27","MK","North Macedonia","EURO",152,10086,0,460
"2020-07-28","MK","North Macedonia","EURO",127,10213,6,466
"2020-07-29","MK","North Macedonia","EURO",102,10315,5,471
"2020-07-30","MK","North Macedonia","EURO",185,10500,5,476
"2020-07-31","MK","North Macedonia","EURO",117,10617,4,480
"2020-08-01","MK","North Macedonia","EURO",145,10762,6,486
"2020-08-02","MK","North Macedonia","EURO",138,10900,7,493
"2020-08-03","MK","North Macedonia","EURO",166,11066,4,497
"2020-08-04","MK","North Macedonia","EURO",74,11140,3,500
"2020-08-05","MK","North Macedonia","EURO",61,11201,5,505
"2020-08-06","MK","North Macedonia","EURO",88,11289,6,511
"2020-08-07","MK","North Macedonia","EURO",110,11399,6,517
"2020-08-08","MK","North Macedonia","EURO",172,11571,2,519
"2020-08-09","MK","North Macedonia","EURO",200,11771,4,523
"2020-08-10","MK","North Macedonia","EURO",85,11856,4,527
"2020-08-11","MK","North Macedonia","EURO",109,11965,1,528
"2020-08-12","MK","North Macedonia","EURO",141,12106,1,529
"2020-08-13","MK","North Macedonia","EURO",139,12245,1,530
"2020-08-14","MK","North Macedonia","EURO",141,12386,2,532
"2020-08-15","MK","North Macedonia","EURO",0,12386,0,532
"2020-08-16","MK","North Macedonia","EURO",160,12546,3,535
"2020-08-17","MK","North Macedonia","EURO",193,12739,9,544
"2020-08-18","MK","North Macedonia","EURO",101,12840,3,547
"2020-08-19","MK","North Macedonia","EURO",130,12970,2,549
"2020-08-20","MK","North Macedonia","EURO",106,13076,2,551
"2020-08-21","MK","North Macedonia","EURO",118,13194,3,554
"2020-08-22","MK","North Macedonia","EURO",114,13308,3,557
"2020-08-23","MK","North Macedonia","EURO",0,13308,0,557
"2020-08-24","MK","North Macedonia","EURO",287,13595,7,564
"2020-08-25","MK","North Macedonia","EURO",78,13673,4,568
"2020-08-26","MK","North Macedonia","EURO",126,13799,5,573
"2020-08-27","MK","North Macedonia","EURO",115,13914,5,578
"2020-08-28","MK","North Macedonia","EURO",90,14004,7,585
"2020-08-29","MK","North Macedonia","EURO",159,14163,5,590
"2020-08-30","MK","North Macedonia","EURO",130,14293,6,596
"2020-08-31","MK","North Macedonia","EURO",37,14330,4,600
"2020-09-01","MK","North Macedonia","EURO",11,14341,3,603
"2020-09-02","MK","North Macedonia","EURO",114,14455,1,604
"2020-09-03","MK","North Macedonia","EURO",145,14600,2,606
"2020-09-04","MK","North Macedonia","EURO",162,14762,0,606
"2020-09-05","MK","North Macedonia","EURO",109,14871,3,609
"2020-09-06","MK","North Macedonia","EURO",127,14998,5,614
"2020-09-07","MK","North Macedonia","EURO",92,15090,3,617
"2020-09-08","MK","North Macedonia","EURO",37,15127,6,623
"2020-09-09","MK","North Macedonia","EURO",99,15226,8,631
"2020-09-10","MK","North Macedonia","EURO",67,15293,3,634
"2020-09-11","MK","North Macedonia","EURO",121,15414,3,637
"2020-09-12","MK","North Macedonia","EURO",141,15555,5,642
"2020-09-13","MK","North Macedonia","EURO",139,15694,4,646
"2020-09-14","MK","North Macedonia","EURO",97,15791,2,648
"2020-09-15","MK","North Macedonia","EURO",36,15827,4,652
"2020-09-16","MK","North Macedonia","EURO",98,15925,9,661
"2020-09-17","MK","North Macedonia","EURO",163,16088,7,668
"2020-09-18","MK","North Macedonia","EURO",186,16274,7,675
"2020-09-19","MK","North Macedonia","EURO",143,16417,8,683
"2020-09-20","MK","North Macedonia","EURO",140,16557,6,689
"2020-09-21","MK","North Macedonia","EURO",178,16735,4,693
"2020-09-22","MK","North Macedonia","EURO",45,16780,7,700
"2020-09-23","MK","North Macedonia","EURO",87,16867,5,705
"2020-09-24","MK","North Macedonia","EURO",182,17049,5,710
"2020-09-25","MK","North Macedonia","EURO",151,17200,2,712
"2020-09-26","MK","North Macedonia","EURO",143,17343,9,721
"2020-09-27","MK","North Macedonia","EURO",0,17343,0,721
"2020-09-28","MK","North Macedonia","EURO",286,17629,4,725
"2020-09-29","MK","North Macedonia","EURO",45,17674,4,729
"2020-09-30","MK","North Macedonia","EURO",112,17786,8,737
"2020-10-01","MK","North Macedonia","EURO",191,17977,2,739
"2020-10-02","MK","North Macedonia","EURO",161,18138,4,743
"2020-10-03","MK","North Macedonia","EURO",225,18363,6,749
"2020-10-04","MK","North Macedonia","EURO",239,18602,4,753
"2020-10-05","MK","North Macedonia","EURO",188,18790,3,756
"2020-10-06","MK","North Macedonia","EURO",83,18873,4,760
"2020-10-07","MK","North Macedonia","EURO",223,19096,8,768
"2020-10-08","MK","North Macedonia","EURO",317,19413,4,772
"2020-10-09","MK","North Macedonia","EURO",364,19777,3,775
"2020-10-10","MK","North Macedonia","EURO",386,20163,6,781
"2020-10-11","MK","North Macedonia","EURO",392,20555,4,785
"2020-10-12","MK","North Macedonia","EURO",382,20937,7,792
"2020-10-13","MK","North Macedonia","EURO",176,21113,5,797
"2020-10-14","MK","North Macedonia","EURO",80,21193,3,800
"2020-10-15","MK","North Macedonia","EURO",443,21636,9,809
"2020-10-16","MK","North Macedonia","EURO",534,22170,6,815
"2020-10-17","MK","North Macedonia","EURO",437,22607,6,821
"2020-10-18","MK","North Macedonia","EURO",594,23201,3,824
"2020-10-19","MK","North Macedonia","EURO",427,23628,10,834
"2020-10-20","MK","North Macedonia","EURO",160,23788,12,846
"2020-10-21","MK","North Macedonia","EURO",408,24196,4,850
"2020-10-22","MK","North Macedonia","EURO",640,24836,12,862
"2020-10-23","MK","North Macedonia","EURO",637,25473,12,874
"2020-10-24","MK","North Macedonia","EURO",518,25991,9,883
"2020-10-25","MK","North Macedonia","EURO",403,26394,14,897
"2020-10-26","MK","North Macedonia","EURO",560,26954,22,919
"2020-10-27","MK","North Macedonia","EURO",245,27199,15,934
"2020-10-28","MK","North Macedonia","EURO",628,27827,15,949
"2020-10-29","MK","North Macedonia","EURO",870,28697,14,963
"2020-10-30","MK","North Macedonia","EURO",861,29558,14,977
"2020-10-31","MK","North Macedonia","EURO",930,30488,5,982
"2020-11-01","MK","North Macedonia","EURO",1089,31577,12,994
"2020-11-02","MK","North Macedonia","EURO",859,32436,10,1004
"2020-11-03","MK","North Macedonia","EURO",561,32997,21,1025
"2020-11-04","MK","North Macedonia","EURO",911,33908,24,1049
"2020-11-05","MK","North Macedonia","EURO",1189,35097,22,1071
"2020-11-06","MK","North Macedonia","EURO",1275,36372,13,1084
"2020-11-07","MK","North Macedonia","EURO",1127,37499,12,1096
"2020-11-08","MK","North Macedonia","EURO",1283,38782,14,1110
"2020-11-09","MK","North Macedonia","EURO",978,39760,26,1136
"2020-11-10","MK","North Macedonia","EURO",515,40275,20,1156
"2020-11-11","MK","North Macedonia","EURO",947,41222,30,1186
"2020-11-12","MK","North Macedonia","EURO",1318,42540,26,1212
"2020-11-13","MK","North Macedonia","EURO",1295,43835,26,1238
"2020-11-14","MK","North Macedonia","EURO",1063,44898,25,1263
"2020-11-15","MK","North Macedonia","EURO",1164,46062,18,1281
"2020-11-16","MK","North Macedonia","EURO",988,47050,24,1305
"2020-11-17","MK","North Macedonia","EURO",586,47636,40,1345
"2020-11-18","MK","North Macedonia","EURO",977,48613,31,1376
"2020-11-19","MK","North Macedonia","EURO",1402,50015,21,1397
"2020-11-20","MK","North Macedonia","EURO",1198,51213,26,1423
"2020-11-21","MK","North Macedonia","EURO",1236,52449,39,1462
"2020-11-22","MK","North Macedonia","EURO",1182,53631,25,1487
"2020-11-23","MK","North Macedonia","EURO",1112,54743,24,1511
"2020-11-24","MK","North Macedonia","EURO",384,55127,35,1546
"2020-11-25","MK","North Macedonia","EURO",1037,56164,15,1561
"2020-11-26","MK","North Macedonia","EURO",1287,57451,39,1600
"2020-11-27","MK","North Macedonia","EURO",1157,58608,30,1630
"2020-11-28","MK","North Macedonia","EURO",1093,59701,28,1658
"2020-11-29","MK","North Macedonia","EURO",1022,60723,41,1699
"2020-11-30","MK","North Macedonia","EURO",820,61543,32,1731
"2020-12-01","MK","North Macedonia","EURO",335,61878,32,1763
"2020-12-02","MK","North Macedonia","EURO",1067,62945,29,1792
"2020-12-03","MK","North Macedonia","EURO",945,63890,33,1825
"2020-12-04","MK","North Macedonia","EURO",1341,65231,22,1847
"2020-12-05","MK","North Macedonia","EURO",1099,66330,30,1877
"2020-12-06","MK","North Macedonia","EURO",981,67311,24,1901
"2020-12-07","MK","North Macedonia","EURO",657,67968,23,1924
"2020-12-08","MK","North Macedonia","EURO",364,68332,25,1949
"2020-12-09","MK","North Macedonia","EURO",1120,69452,28,1977
"2020-12-10","MK","North Macedonia","EURO",502,69954,46,2023
"2020-12-11","MK","North Macedonia","EURO",929,70883,28,2051
"2020-12-12","MK","North Macedonia","EURO",1161,72044,26,2077
