"Fecha_de_reporte","Codigo_pais","Paises","Region","Casos_nuevos","Casos_acumulados","defunciones_nuevas","defunciones_acumuladas"
"2020-01-03","NO","Norway","EURO",0,0,0,0
"2020-01-04","NO","Norway","EURO",0,0,0,0
"2020-01-05","NO","Norway","EURO",0,0,0,0
"2020-01-06","NO","Norway","EURO",0,0,0,0
"2020-01-07","NO","Norway","EURO",0,0,0,0
"2020-01-08","NO","Norway","EURO",0,0,0,0
"2020-01-09","NO","Norway","EURO",0,0,0,0
"2020-01-10","NO","Norway","EURO",0,0,0,0
"2020-01-11","NO","Norway","EURO",0,0,0,0
"2020-01-12","NO","Norway","EURO",0,0,0,0
"2020-01-13","NO","Norway","EURO",0,0,0,0
"2020-01-14","NO","Norway","EURO",0,0,0,0
"2020-01-15","NO","Norway","EURO",0,0,0,0
"2020-01-16","NO","Norway","EURO",0,0,0,0
"2020-01-17","NO","Norway","EURO",0,0,0,0
"2020-01-18","NO","Norway","EURO",0,0,0,0
"2020-01-19","NO","Norway","EURO",0,0,0,0
"2020-01-20","NO","Norway","EURO",0,0,0,0
"2020-01-21","NO","Norway","EURO",0,0,0,0
"2020-01-22","NO","Norway","EURO",0,0,0,0
"2020-01-23","NO","Norway","EURO",0,0,0,0
"2020-01-24","NO","Norway","EURO",0,0,0,0
"2020-01-25","NO","Norway","EURO",0,0,0,0
"2020-01-26","NO","Norway","EURO",0,0,0,0
"2020-01-27","NO","Norway","EURO",0,0,0,0
"2020-01-28","NO","Norway","EURO",0,0,0,0
"2020-01-29","NO","Norway","EURO",0,0,0,0
"2020-01-30","NO","Norway","EURO",0,0,0,0
"2020-01-31","NO","Norway","EURO",0,0,0,0
"2020-02-01","NO","Norway","EURO",0,0,0,0
"2020-02-02","NO","Norway","EURO",0,0,0,0
"2020-02-03","NO","Norway","EURO",0,0,0,0
"2020-02-04","NO","Norway","EURO",0,0,0,0
"2020-02-05","NO","Norway","EURO",0,0,0,0
"2020-02-06","NO","Norway","EURO",0,0,0,0
"2020-02-07","NO","Norway","EURO",0,0,0,0
"2020-02-08","NO","Norway","EURO",0,0,0,0
"2020-02-09","NO","Norway","EURO",0,0,0,0
"2020-02-10","NO","Norway","EURO",0,0,0,0
"2020-02-11","NO","Norway","EURO",0,0,0,0
"2020-02-12","NO","Norway","EURO",0,0,0,0
"2020-02-13","NO","Norway","EURO",0,0,0,0
"2020-02-14","NO","Norway","EURO",0,0,0,0
"2020-02-15","NO","Norway","EURO",0,0,0,0
"2020-02-16","NO","Norway","EURO",0,0,0,0
"2020-02-17","NO","Norway","EURO",0,0,0,0
"2020-02-18","NO","Norway","EURO",0,0,0,0
"2020-02-19","NO","Norway","EURO",0,0,0,0
"2020-02-20","NO","Norway","EURO",0,0,0,0
"2020-02-21","NO","Norway","EURO",0,0,0,0
"2020-02-22","NO","Norway","EURO",0,0,0,0
"2020-02-23","NO","Norway","EURO",0,0,0,0
"2020-02-24","NO","Norway","EURO",0,0,0,0
"2020-02-25","NO","Norway","EURO",0,0,0,0
"2020-02-26","NO","Norway","EURO",1,1,0,0
"2020-02-27","NO","Norway","EURO",0,1,0,0
"2020-02-28","NO","Norway","EURO",3,4,0,0
"2020-02-29","NO","Norway","EURO",2,6,0,0
"2020-03-01","NO","Norway","EURO",9,15,0,0
"2020-03-02","NO","Norway","EURO",4,19,0,0
"2020-03-03","NO","Norway","EURO",6,25,0,0
"2020-03-04","NO","Norway","EURO",8,33,0,0
"2020-03-05","NO","Norway","EURO",23,56,0,0
"2020-03-06","NO","Norway","EURO",30,86,0,0
"2020-03-07","NO","Norway","EURO",27,113,0,0
"2020-03-08","NO","Norway","EURO",34,147,0,0
"2020-03-09","NO","Norway","EURO",22,169,0,0
"2020-03-10","NO","Norway","EURO",23,192,0,0
"2020-03-11","NO","Norway","EURO",85,277,0,0
"2020-03-12","NO","Norway","EURO",212,489,0,0
"2020-03-13","NO","Norway","EURO",132,621,1,1
"2020-03-14","NO","Norway","EURO",0,621,0,1
"2020-03-15","NO","Norway","EURO",286,907,0,1
"2020-03-16","NO","Norway","EURO",170,1077,0,1
"2020-03-17","NO","Norway","EURO",92,1169,2,3
"2020-03-18","NO","Norway","EURO",139,1308,0,3
"2020-03-19","NO","Norway","EURO",115,1423,0,3
"2020-03-20","NO","Norway","EURO",129,1552,3,6
"2020-03-21","NO","Norway","EURO",190,1742,1,7
"2020-03-22","NO","Norway","EURO",184,1926,0,7
"2020-03-23","NO","Norway","EURO",206,2132,0,7
"2020-03-24","NO","Norway","EURO",239,2371,1,8
"2020-03-25","NO","Norway","EURO",195,2566,2,10
"2020-03-26","NO","Norway","EURO",350,2916,2,12
"2020-03-27","NO","Norway","EURO",240,3156,2,14
"2020-03-28","NO","Norway","EURO",425,3581,2,16
"2020-03-29","NO","Norway","EURO",264,3845,4,20
"2020-03-30","NO","Norway","EURO",257,4102,2,22
"2020-03-31","NO","Norway","EURO",124,4226,4,26
"2020-04-01","NO","Norway","EURO",221,4447,2,28
"2020-04-02","NO","Norway","EURO",218,4665,4,32
"2020-04-03","NO","Norway","EURO",270,4935,10,42
"2020-04-04","NO","Norway","EURO",273,5208,2,44
"2020-04-05","NO","Norway","EURO",302,5510,6,50
"2020-04-06","NO","Norway","EURO",130,5640,8,58
"2020-04-07","NO","Norway","EURO",115,5755,1,59
"2020-04-08","NO","Norway","EURO",108,5863,10,69
"2020-04-09","NO","Norway","EURO",147,6010,11,80
"2020-04-10","NO","Norway","EURO",150,6160,8,88
"2020-04-11","NO","Norway","EURO",84,6244,4,92
"2020-04-12","NO","Norway","EURO",76,6320,6,98
"2020-04-13","NO","Norway","EURO",95,6415,5,103
"2020-04-14","NO","Norway","EURO",73,6488,11,114
"2020-04-15","NO","Norway","EURO",78,6566,13,127
"2020-04-16","NO","Norway","EURO",111,6677,3,130
"2020-04-17","NO","Norway","EURO",114,6791,6,136
"2020-04-18","NO","Norway","EURO",0,6791,0,136
"2020-04-19","NO","Norway","EURO",193,6984,12,148
"2020-04-20","NO","Norway","EURO",84,7068,6,154
"2020-04-21","NO","Norway","EURO",45,7113,0,154
"2020-04-22","NO","Norway","EURO",53,7166,9,163
"2020-04-23","NO","Norway","EURO",84,7250,6,169
"2020-04-24","NO","Norway","EURO",95,7345,11,180
"2020-04-25","NO","Norway","EURO",63,7408,11,191
"2020-04-26","NO","Norway","EURO",59,7467,2,193
"2020-04-27","NO","Norway","EURO",38,7505,0,193
"2020-04-28","NO","Norway","EURO",28,7533,0,193
"2020-04-29","NO","Norway","EURO",72,7605,2,195
"2020-04-30","NO","Norway","EURO",62,7667,7,202
"2020-05-01","NO","Norway","EURO",43,7710,2,204
"2020-05-02","NO","Norway","EURO",49,7759,0,204
"2020-05-03","NO","Norway","EURO",0,7759,0,204
"2020-05-04","NO","Norway","EURO",50,7809,4,208
"2020-05-05","NO","Norway","EURO",38,7847,0,208
"2020-05-06","NO","Norway","EURO",56,7903,1,209
"2020-05-07","NO","Norway","EURO",50,7953,0,209
"2020-05-08","NO","Norway","EURO",42,7995,0,209
"2020-05-09","NO","Norway","EURO",39,8034,4,213
"2020-05-10","NO","Norway","EURO",35,8069,0,213
"2020-05-11","NO","Norway","EURO",30,8099,4,217
"2020-05-12","NO","Norway","EURO",7,8106,7,224
"2020-05-13","NO","Norway","EURO",29,8135,4,228
"2020-05-14","NO","Norway","EURO",23,8158,1,229
"2020-05-15","NO","Norway","EURO",17,8175,3,232
"2020-05-16","NO","Norway","EURO",22,8197,0,232
"2020-05-17","NO","Norway","EURO",0,8197,0,232
"2020-05-18","NO","Norway","EURO",0,8197,0,232
"2020-05-19","NO","Norway","EURO",52,8249,1,233
"2020-05-20","NO","Norway","EURO",8,8257,0,233
"2020-05-21","NO","Norway","EURO",11,8268,1,234
"2020-05-22","NO","Norway","EURO",0,8268,0,234
"2020-05-23","NO","Norway","EURO",41,8309,1,235
"2020-05-24","NO","Norway","EURO",0,8309,0,235
"2020-05-25","NO","Norway","EURO",0,8309,0,235
"2020-05-26","NO","Norway","EURO",43,8352,0,235
"2020-05-27","NO","Norway","EURO",12,8364,0,235
"2020-05-28","NO","Norway","EURO",19,8383,0,235
"2020-05-29","NO","Norway","EURO",18,8401,1,236
"2020-05-30","NO","Norway","EURO",10,8411,0,236
"2020-05-31","NO","Norway","EURO",0,8411,0,236
"2020-06-01","NO","Norway","EURO",0,8411,0,236
"2020-06-02","NO","Norway","EURO",0,8411,0,236
"2020-06-03","NO","Norway","EURO",35,8446,1,237
"2020-06-04","NO","Norway","EURO",0,8446,0,237
"2020-06-05","NO","Norway","EURO",31,8477,1,238
"2020-06-06","NO","Norway","EURO",27,8504,0,238
"2020-06-07","NO","Norway","EURO",0,8504,0,238
"2020-06-08","NO","Norway","EURO",0,8504,0,238
"2020-06-09","NO","Norway","EURO",43,8547,1,239
"2020-06-10","NO","Norway","EURO",16,8563,0,239
"2020-06-11","NO","Norway","EURO",13,8576,0,239
"2020-06-12","NO","Norway","EURO",18,8594,3,242
"2020-06-13","NO","Norway","EURO",12,8606,0,242
"2020-06-14","NO","Norway","EURO",0,8606,0,242
"2020-06-15","NO","Norway","EURO",0,8606,0,242
"2020-06-16","NO","Norway","EURO",25,8631,0,242
"2020-06-17","NO","Norway","EURO",0,8631,0,242
"2020-06-18","NO","Norway","EURO",29,8660,1,243
"2020-06-19","NO","Norway","EURO",32,8692,1,244
"2020-06-20","NO","Norway","EURO",0,8692,0,244
"2020-06-21","NO","Norway","EURO",16,8708,0,244
"2020-06-22","NO","Norway","EURO",0,8708,0,244
"2020-06-23","NO","Norway","EURO",37,8745,4,248
"2020-06-24","NO","Norway","EURO",6,8751,0,248
"2020-06-25","NO","Norway","EURO",26,8777,1,249
"2020-06-26","NO","Norway","EURO",16,8793,0,249
"2020-06-27","NO","Norway","EURO",22,8815,0,249
"2020-06-28","NO","Norway","EURO",0,8815,0,249
"2020-06-29","NO","Norway","EURO",0,8815,0,249
"2020-06-30","NO","Norway","EURO",40,8855,0,249
"2020-07-01","NO","Norway","EURO",10,8865,1,250
"2020-07-02","NO","Norway","EURO",22,8887,1,251
"2020-07-03","NO","Norway","EURO",8,8895,0,251
"2020-07-04","NO","Norway","EURO",0,8895,0,251
"2020-07-05","NO","Norway","EURO",0,8895,0,251
"2020-07-06","NO","Norway","EURO",0,8895,0,251
"2020-07-07","NO","Norway","EURO",35,8930,0,251
"2020-07-08","NO","Norway","EURO",6,8936,0,251
"2020-07-09","NO","Norway","EURO",11,8947,0,251
"2020-07-10","NO","Norway","EURO",7,8954,1,252
"2020-07-11","NO","Norway","EURO",11,8965,0,252
"2020-07-12","NO","Norway","EURO",0,8965,0,252
"2020-07-13","NO","Norway","EURO",0,8965,0,252
"2020-07-14","NO","Norway","EURO",16,8981,1,253
"2020-07-15","NO","Norway","EURO",3,8984,0,253
"2020-07-16","NO","Norway","EURO",17,9001,0,253
"2020-07-17","NO","Norway","EURO",10,9011,1,254
"2020-07-18","NO","Norway","EURO",4,9015,1,255
"2020-07-19","NO","Norway","EURO",0,9015,0,255
"2020-07-20","NO","Norway","EURO",0,9015,0,255
"2020-07-21","NO","Norway","EURO",13,9028,0,255
"2020-07-22","NO","Norway","EURO",10,9038,0,255
"2020-07-23","NO","Norway","EURO",15,9053,0,255
"2020-07-24","NO","Norway","EURO",9,9062,0,255
"2020-07-25","NO","Norway","EURO",23,9085,0,255
"2020-07-26","NO","Norway","EURO",0,9085,0,255
"2020-07-27","NO","Norway","EURO",0,9085,0,255
"2020-07-28","NO","Norway","EURO",32,9117,0,255
"2020-07-29","NO","Norway","EURO",15,9132,0,255
"2020-07-30","NO","Norway","EURO",18,9150,0,255
"2020-07-31","NO","Norway","EURO",22,9172,0,255
"2020-08-01","NO","Norway","EURO",36,9208,0,255
"2020-08-02","NO","Norway","EURO",0,9208,0,255
"2020-08-03","NO","Norway","EURO",0,9208,0,255
"2020-08-04","NO","Norway","EURO",60,9268,1,256
"2020-08-05","NO","Norway","EURO",65,9333,0,256
"2020-08-06","NO","Norway","EURO",29,9362,0,256
"2020-08-07","NO","Norway","EURO",47,9409,0,256
"2020-08-08","NO","Norway","EURO",59,9468,0,256
"2020-08-09","NO","Norway","EURO",0,9468,0,256
"2020-08-10","NO","Norway","EURO",0,9468,0,256
"2020-08-11","NO","Norway","EURO",170,9638,0,256
"2020-08-12","NO","Norway","EURO",46,9684,0,256
"2020-08-13","NO","Norway","EURO",66,9750,0,256
"2020-08-14","NO","Norway","EURO",33,9783,1,257
"2020-08-15","NO","Norway","EURO",67,9850,4,261
"2020-08-16","NO","Norway","EURO",0,9850,0,261
"2020-08-17","NO","Norway","EURO",0,9850,0,261
"2020-08-18","NO","Norway","EURO",154,10004,0,261
"2020-08-19","NO","Norway","EURO",56,10060,1,262
"2020-08-20","NO","Norway","EURO",51,10111,0,262
"2020-08-21","NO","Norway","EURO",51,10162,2,264
"2020-08-22","NO","Norway","EURO",35,10197,0,264
"2020-08-23","NO","Norway","EURO",0,10197,0,264
"2020-08-24","NO","Norway","EURO",0,10197,0,264
"2020-08-25","NO","Norway","EURO",126,10323,0,264
"2020-08-26","NO","Norway","EURO",72,10395,0,264
"2020-08-27","NO","Norway","EURO",59,10454,0,264
"2020-08-28","NO","Norway","EURO",51,10505,0,264
"2020-08-29","NO","Norway","EURO",38,10543,0,264
"2020-08-30","NO","Norway","EURO",0,10543,0,264
"2020-08-31","NO","Norway","EURO",0,10543,0,264
"2020-09-01","NO","Norway","EURO",101,10644,0,264
"2020-09-02","NO","Norway","EURO",139,10783,0,264
"2020-09-03","NO","Norway","EURO",88,10871,0,264
"2020-09-04","NO","Norway","EURO",164,11035,0,264
"2020-09-05","NO","Norway","EURO",85,11120,0,264
"2020-09-06","NO","Norway","EURO",0,11120,0,264
"2020-09-07","NO","Norway","EURO",0,11120,0,264
"2020-09-08","NO","Norway","EURO",267,11387,0,264
"2020-09-09","NO","Norway","EURO",132,11519,0,264
"2020-09-10","NO","Norway","EURO",105,11624,0,264
"2020-09-11","NO","Norway","EURO",122,11746,1,265
"2020-09-12","NO","Norway","EURO",120,11866,0,265
"2020-09-13","NO","Norway","EURO",0,11866,0,265
"2020-09-14","NO","Norway","EURO",0,11866,0,265
"2020-09-15","NO","Norway","EURO",289,12155,0,265
"2020-09-16","NO","Norway","EURO",122,12277,0,265
"2020-09-17","NO","Norway","EURO",116,12393,0,265
"2020-09-18","NO","Norway","EURO",106,12499,1,266
"2020-09-19","NO","Norway","EURO",146,12645,1,267
"2020-09-20","NO","Norway","EURO",0,12645,0,267
"2020-09-21","NO","Norway","EURO",0,12645,0,267
"2020-09-22","NO","Norway","EURO",251,12896,0,267
"2020-09-23","NO","Norway","EURO",104,13000,0,267
"2020-09-24","NO","Norway","EURO",152,13152,0,267
"2020-09-25","NO","Norway","EURO",123,13275,3,270
"2020-09-26","NO","Norway","EURO",131,13406,0,270
"2020-09-27","NO","Norway","EURO",0,13406,0,270
"2020-09-28","NO","Norway","EURO",0,13406,0,270
"2020-09-29","NO","Norway","EURO",292,13698,4,274
"2020-09-30","NO","Norway","EURO",90,13788,0,274
"2020-10-01","NO","Norway","EURO",126,13914,0,274
"2020-10-02","NO","Norway","EURO",113,14027,0,274
"2020-10-03","NO","Norway","EURO",122,14149,1,275
"2020-10-04","NO","Norway","EURO",0,14149,0,275
"2020-10-05","NO","Norway","EURO",0,14149,0,275
"2020-10-06","NO","Norway","EURO",308,14457,0,275
"2020-10-07","NO","Norway","EURO",147,14604,0,275
"2020-10-08","NO","Norway","EURO",180,14784,0,275
"2020-10-09","NO","Norway","EURO",228,15012,0,275
"2020-10-10","NO","Norway","EURO",209,15221,0,275
"2020-10-11","NO","Norway","EURO",0,15221,0,275
"2020-10-12","NO","Norway","EURO",0,15221,0,275
"2020-10-13","NO","Norway","EURO",303,15524,1,276
"2020-10-14","NO","Norway","EURO",115,15639,1,277
"2020-10-15","NO","Norway","EURO",152,15791,0,277
"2020-10-16","NO","Norway","EURO",162,15953,1,278
"2020-10-17","NO","Norway","EURO",183,16136,0,278
"2020-10-18","NO","Norway","EURO",0,16136,0,278
"2020-10-19","NO","Norway","EURO",0,16136,0,278
"2020-10-20","NO","Norway","EURO",320,16456,0,278
"2020-10-21","NO","Norway","EURO",147,16603,0,278
"2020-10-22","NO","Norway","EURO",168,16771,1,279
"2020-10-23","NO","Norway","EURO",193,16964,0,279
"2020-10-24","NO","Norway","EURO",268,17232,0,279
"2020-10-25","NO","Norway","EURO",0,17232,0,279
"2020-10-26","NO","Norway","EURO",0,17232,0,279
"2020-10-27","NO","Norway","EURO",676,17908,0,279
"2020-10-28","NO","Norway","EURO",433,18341,1,280
"2020-10-29","NO","Norway","EURO",322,18663,0,280
"2020-10-30","NO","Norway","EURO",403,19066,1,281
"2020-10-31","NO","Norway","EURO",497,19563,1,282
"2020-11-01","NO","Norway","EURO",0,19563,0,282
"2020-11-02","NO","Norway","EURO",0,19563,0,282
"2020-11-03","NO","Norway","EURO",1071,20634,0,282
"2020-11-04","NO","Norway","EURO",700,21334,0,282
"2020-11-05","NO","Norway","EURO",620,21954,0,282
"2020-11-06","NO","Norway","EURO",621,22575,2,284
"2020-11-07","NO","Norway","EURO",650,23225,1,285
"2020-11-08","NO","Norway","EURO",0,23225,0,285
"2020-11-09","NO","Norway","EURO",0,23225,0,285
"2020-11-10","NO","Norway","EURO",1502,24727,0,285
"2020-11-11","NO","Norway","EURO",594,25321,0,285
"2020-11-12","NO","Norway","EURO",564,25885,0,285
"2020-11-13","NO","Norway","EURO",618,26503,6,291
"2020-11-14","NO","Norway","EURO",723,27226,3,294
"2020-11-15","NO","Norway","EURO",0,27226,0,294
"2020-11-16","NO","Norway","EURO",0,27226,0,294
"2020-11-17","NO","Norway","EURO",1737,28963,0,294
"2020-11-18","NO","Norway","EURO",547,29510,4,298
"2020-11-19","NO","Norway","EURO",603,30113,1,299
"2020-11-20","NO","Norway","EURO",655,30768,6,305
"2020-11-21","NO","Norway","EURO",670,31438,1,306
"2020-11-22","NO","Norway","EURO",0,31438,0,306
"2020-11-23","NO","Norway","EURO",0,31438,0,306
"2020-11-24","NO","Norway","EURO",1329,32767,5,311
"2020-11-25","NO","Norway","EURO",416,33183,3,314
"2020-11-26","NO","Norway","EURO",531,33714,2,316
"2020-11-27","NO","Norway","EURO",553,34267,0,316
"2020-11-28","NO","Norway","EURO",480,34747,12,328
"2020-11-29","NO","Norway","EURO",0,34747,0,328
"2020-11-30","NO","Norway","EURO",0,34747,0,328
"2020-12-01","NO","Norway","EURO",1079,35826,4,332
"2020-12-02","NO","Norway","EURO",324,36150,2,334
"2020-12-03","NO","Norway","EURO",441,36591,17,351
"2020-12-04","NO","Norway","EURO",377,36968,2,353
"2020-12-05","NO","Norway","EURO",403,37371,1,354
"2020-12-06","NO","Norway","EURO",0,37371,0,354
"2020-12-07","NO","Norway","EURO",0,37371,0,354
"2020-12-08","NO","Norway","EURO",951,38322,5,359
"2020-12-09","NO","Norway","EURO",381,38703,2,361
"2020-12-10","NO","Norway","EURO",459,39162,0,361
"2020-12-11","NO","Norway","EURO",362,39524,21,382
"2020-12-12","NO","Norway","EURO",498,40022,5,387
