"Fecha_de_reporte","Codigo_pais","Paises","Region","Casos_nuevos","Casos_acumulados","defunciones_nuevas","defunciones_acumuladas"
"2020-01-03","OM","Oman","EMRO",0,0,0,0
"2020-01-04","OM","Oman","EMRO",0,0,0,0
"2020-01-05","OM","Oman","EMRO",0,0,0,0
"2020-01-06","OM","Oman","EMRO",0,0,0,0
"2020-01-07","OM","Oman","EMRO",0,0,0,0
"2020-01-08","OM","Oman","EMRO",0,0,0,0
"2020-01-09","OM","Oman","EMRO",0,0,0,0
"2020-01-10","OM","Oman","EMRO",0,0,0,0
"2020-01-11","OM","Oman","EMRO",0,0,0,0
"2020-01-12","OM","Oman","EMRO",0,0,0,0
"2020-01-13","OM","Oman","EMRO",0,0,0,0
"2020-01-14","OM","Oman","EMRO",0,0,0,0
"2020-01-15","OM","Oman","EMRO",0,0,0,0
"2020-01-16","OM","Oman","EMRO",0,0,0,0
"2020-01-17","OM","Oman","EMRO",0,0,0,0
"2020-01-18","OM","Oman","EMRO",0,0,0,0
"2020-01-19","OM","Oman","EMRO",0,0,0,0
"2020-01-20","OM","Oman","EMRO",0,0,0,0
"2020-01-21","OM","Oman","EMRO",0,0,0,0
"2020-01-22","OM","Oman","EMRO",0,0,0,0
"2020-01-23","OM","Oman","EMRO",0,0,0,0
"2020-01-24","OM","Oman","EMRO",0,0,0,0
"2020-01-25","OM","Oman","EMRO",0,0,0,0
"2020-01-26","OM","Oman","EMRO",0,0,0,0
"2020-01-27","OM","Oman","EMRO",0,0,0,0
"2020-01-28","OM","Oman","EMRO",0,0,0,0
"2020-01-29","OM","Oman","EMRO",0,0,0,0
"2020-01-30","OM","Oman","EMRO",0,0,0,0
"2020-01-31","OM","Oman","EMRO",0,0,0,0
"2020-02-01","OM","Oman","EMRO",0,0,0,0
"2020-02-02","OM","Oman","EMRO",0,0,0,0
"2020-02-03","OM","Oman","EMRO",0,0,0,0
"2020-02-04","OM","Oman","EMRO",0,0,0,0
"2020-02-05","OM","Oman","EMRO",0,0,0,0
"2020-02-06","OM","Oman","EMRO",0,0,0,0
"2020-02-07","OM","Oman","EMRO",0,0,0,0
"2020-02-08","OM","Oman","EMRO",0,0,0,0
"2020-02-09","OM","Oman","EMRO",0,0,0,0
"2020-02-10","OM","Oman","EMRO",0,0,0,0
"2020-02-11","OM","Oman","EMRO",0,0,0,0
"2020-02-12","OM","Oman","EMRO",0,0,0,0
"2020-02-13","OM","Oman","EMRO",0,0,0,0
"2020-02-14","OM","Oman","EMRO",0,0,0,0
"2020-02-15","OM","Oman","EMRO",0,0,0,0
"2020-02-16","OM","Oman","EMRO",0,0,0,0
"2020-02-17","OM","Oman","EMRO",0,0,0,0
"2020-02-18","OM","Oman","EMRO",0,0,0,0
"2020-02-19","OM","Oman","EMRO",0,0,0,0
"2020-02-20","OM","Oman","EMRO",0,0,0,0
"2020-02-21","OM","Oman","EMRO",0,0,0,0
"2020-02-22","OM","Oman","EMRO",0,0,0,0
"2020-02-23","OM","Oman","EMRO",0,0,0,0
"2020-02-24","OM","Oman","EMRO",6,6,0,0
"2020-02-25","OM","Oman","EMRO",2,8,0,0
"2020-02-26","OM","Oman","EMRO",0,8,0,0
"2020-02-27","OM","Oman","EMRO",2,10,0,0
"2020-02-28","OM","Oman","EMRO",0,10,0,0
"2020-02-29","OM","Oman","EMRO",0,10,0,0
"2020-03-01","OM","Oman","EMRO",0,10,0,0
"2020-03-02","OM","Oman","EMRO",0,10,0,0
"2020-03-03","OM","Oman","EMRO",6,16,0,0
"2020-03-04","OM","Oman","EMRO",3,19,0,0
"2020-03-05","OM","Oman","EMRO",1,20,0,0
"2020-03-06","OM","Oman","EMRO",0,20,0,0
"2020-03-07","OM","Oman","EMRO",0,20,0,0
"2020-03-08","OM","Oman","EMRO",0,20,0,0
"2020-03-09","OM","Oman","EMRO",0,20,0,0
"2020-03-10","OM","Oman","EMRO",2,22,0,0
"2020-03-11","OM","Oman","EMRO",0,22,0,0
"2020-03-12","OM","Oman","EMRO",0,22,0,0
"2020-03-13","OM","Oman","EMRO",0,22,0,0
"2020-03-14","OM","Oman","EMRO",2,24,0,0
"2020-03-15","OM","Oman","EMRO",2,26,0,0
"2020-03-16","OM","Oman","EMRO",0,26,0,0
"2020-03-17","OM","Oman","EMRO",2,28,0,0
"2020-03-18","OM","Oman","EMRO",9,37,0,0
"2020-03-19","OM","Oman","EMRO",6,43,0,0
"2020-03-20","OM","Oman","EMRO",5,48,0,0
"2020-03-21","OM","Oman","EMRO",4,52,0,0
"2020-03-22","OM","Oman","EMRO",3,55,0,0
"2020-03-23","OM","Oman","EMRO",11,66,0,0
"2020-03-24","OM","Oman","EMRO",18,84,0,0
"2020-03-25","OM","Oman","EMRO",15,99,0,0
"2020-03-26","OM","Oman","EMRO",10,109,0,0
"2020-03-27","OM","Oman","EMRO",22,131,0,0
"2020-03-28","OM","Oman","EMRO",21,152,0,0
"2020-03-29","OM","Oman","EMRO",15,167,0,0
"2020-03-30","OM","Oman","EMRO",12,179,0,0
"2020-03-31","OM","Oman","EMRO",13,192,0,0
"2020-04-01","OM","Oman","EMRO",18,210,1,1
"2020-04-02","OM","Oman","EMRO",21,231,0,1
"2020-04-03","OM","Oman","EMRO",21,252,0,1
"2020-04-04","OM","Oman","EMRO",25,277,0,1
"2020-04-05","OM","Oman","EMRO",21,298,1,2
"2020-04-06","OM","Oman","EMRO",33,331,0,2
"2020-04-07","OM","Oman","EMRO",40,371,0,2
"2020-04-08","OM","Oman","EMRO",48,419,0,2
"2020-04-09","OM","Oman","EMRO",38,457,0,2
"2020-04-10","OM","Oman","EMRO",27,484,1,3
"2020-04-11","OM","Oman","EMRO",62,546,0,3
"2020-04-12","OM","Oman","EMRO",53,599,1,4
"2020-04-13","OM","Oman","EMRO",128,727,0,4
"2020-04-14","OM","Oman","EMRO",86,813,0,4
"2020-04-15","OM","Oman","EMRO",97,910,0,4
"2020-04-16","OM","Oman","EMRO",109,1019,0,4
"2020-04-17","OM","Oman","EMRO",50,1069,1,5
"2020-04-18","OM","Oman","EMRO",111,1180,1,6
"2020-04-19","OM","Oman","EMRO",86,1266,0,6
"2020-04-20","OM","Oman","EMRO",144,1410,1,7
"2020-04-21","OM","Oman","EMRO",98,1508,1,8
"2020-04-22","OM","Oman","EMRO",106,1614,0,8
"2020-04-23","OM","Oman","EMRO",102,1716,0,8
"2020-04-24","OM","Oman","EMRO",74,1790,1,9
"2020-04-25","OM","Oman","EMRO",115,1905,1,10
"2020-04-26","OM","Oman","EMRO",93,1998,0,10
"2020-04-27","OM","Oman","EMRO",51,2049,0,10
"2020-04-28","OM","Oman","EMRO",82,2131,0,10
"2020-04-29","OM","Oman","EMRO",143,2274,0,10
"2020-04-30","OM","Oman","EMRO",74,2348,1,11
"2020-05-01","OM","Oman","EMRO",99,2447,0,11
"2020-05-02","OM","Oman","EMRO",36,2483,1,12
"2020-05-03","OM","Oman","EMRO",85,2568,0,12
"2020-05-04","OM","Oman","EMRO",69,2637,0,12
"2020-05-05","OM","Oman","EMRO",98,2735,0,12
"2020-05-06","OM","Oman","EMRO",168,2903,1,13
"2020-05-07","OM","Oman","EMRO",55,2958,1,14
"2020-05-08","OM","Oman","EMRO",154,3112,1,15
"2020-05-09","OM","Oman","EMRO",112,3224,2,17
"2020-05-10","OM","Oman","EMRO",176,3400,0,17
"2020-05-11","OM","Oman","EMRO",174,3574,0,17
"2020-05-12","OM","Oman","EMRO",147,3721,0,17
"2020-05-13","OM","Oman","EMRO",298,4019,0,17
"2020-05-14","OM","Oman","EMRO",322,4341,0,17
"2020-05-15","OM","Oman","EMRO",284,4625,3,20
"2020-05-16","OM","Oman","EMRO",404,5029,1,21
"2020-05-17","OM","Oman","EMRO",157,5186,1,22
"2020-05-18","OM","Oman","EMRO",193,5379,1,23
"2020-05-19","OM","Oman","EMRO",292,5671,4,27
"2020-05-20","OM","Oman","EMRO",372,6043,2,29
"2020-05-21","OM","Oman","EMRO",327,6370,1,30
"2020-05-22","OM","Oman","EMRO",0,6370,2,32
"2020-05-23","OM","Oman","EMRO",424,6794,2,34
"2020-05-24","OM","Oman","EMRO",463,7257,2,36
"2020-05-25","OM","Oman","EMRO",513,7770,1,37
"2020-05-26","OM","Oman","EMRO",0,7770,0,37
"2020-05-27","OM","Oman","EMRO",348,8118,0,37
"2020-05-28","OM","Oman","EMRO",255,8373,2,39
"2020-05-29","OM","Oman","EMRO",636,9009,1,40
"2020-05-30","OM","Oman","EMRO",811,9820,1,41
"2020-05-31","OM","Oman","EMRO",603,10423,1,42
"2020-06-01","OM","Oman","EMRO",1014,11437,7,49
"2020-06-02","OM","Oman","EMRO",786,12223,1,50
"2020-06-03","OM","Oman","EMRO",576,12799,9,59
"2020-06-04","OM","Oman","EMRO",738,13537,8,67
"2020-06-05","OM","Oman","EMRO",779,14316,0,67
"2020-06-06","OM","Oman","EMRO",770,15086,5,72
"2020-06-07","OM","Oman","EMRO",930,16016,0,72
"2020-06-08","OM","Oman","EMRO",866,16882,3,75
"2020-06-09","OM","Oman","EMRO",604,17486,6,81
"2020-06-10","OM","Oman","EMRO",712,18198,2,83
"2020-06-11","OM","Oman","EMRO",689,18887,1,84
"2020-06-12","OM","Oman","EMRO",1067,19954,5,89
"2020-06-13","OM","Oman","EMRO",1117,21071,7,96
"2020-06-14","OM","Oman","EMRO",1006,22077,3,99
"2020-06-15","OM","Oman","EMRO",1404,23481,5,104
"2020-06-16","OM","Oman","EMRO",1043,24524,4,108
"2020-06-17","OM","Oman","EMRO",745,25269,6,114
"2020-06-18","OM","Oman","EMRO",810,26079,2,116
"2020-06-19","OM","Oman","EMRO",739,26818,3,119
"2020-06-20","OM","Oman","EMRO",852,27670,6,125
"2020-06-21","OM","Oman","EMRO",896,28566,3,128
"2020-06-22","OM","Oman","EMRO",905,29471,3,131
"2020-06-23","OM","Oman","EMRO",1605,31076,6,137
"2020-06-24","OM","Oman","EMRO",1318,32394,3,140
"2020-06-25","OM","Oman","EMRO",1142,33536,2,142
"2020-06-26","OM","Oman","EMRO",1366,34902,2,144
"2020-06-27","OM","Oman","EMRO",1132,36034,9,153
"2020-06-28","OM","Oman","EMRO",919,36953,6,159
"2020-06-29","OM","Oman","EMRO",1197,38150,4,163
"2020-06-30","OM","Oman","EMRO",910,39060,6,169
"2020-07-01","OM","Oman","EMRO",1010,40070,7,176
"2020-07-02","OM","Oman","EMRO",1124,41194,9,185
"2020-07-03","OM","Oman","EMRO",1361,42555,3,188
"2020-07-04","OM","Oman","EMRO",1374,43929,5,193
"2020-07-05","OM","Oman","EMRO",1177,45106,10,203
"2020-07-06","OM","Oman","EMRO",1072,46178,10,213
"2020-07-07","OM","Oman","EMRO",1557,47735,5,218
"2020-07-08","OM","Oman","EMRO",1262,48997,6,224
"2020-07-09","OM","Oman","EMRO",1210,50207,9,233
"2020-07-10","OM","Oman","EMRO",1518,51725,3,236
"2020-07-11","OM","Oman","EMRO",1889,53614,8,244
"2020-07-12","OM","Oman","EMRO",1083,54697,4,248
"2020-07-13","OM","Oman","EMRO",1318,56015,9,257
"2020-07-14","OM","Oman","EMRO",2164,58179,2,259
"2020-07-15","OM","Oman","EMRO",1389,59568,14,273
"2020-07-16","OM","Oman","EMRO",1679,61247,8,281
"2020-07-17","OM","Oman","EMRO",1327,62574,9,290
"2020-07-18","OM","Oman","EMRO",1619,64193,8,298
"2020-07-19","OM","Oman","EMRO",1311,65504,10,308
"2020-07-20","OM","Oman","EMRO",1157,66661,10,318
"2020-07-21","OM","Oman","EMRO",1739,68400,8,326
"2020-07-22","OM","Oman","EMRO",1487,69887,11,337
"2020-07-23","OM","Oman","EMRO",1660,71547,12,349
"2020-07-24","OM","Oman","EMRO",1099,72646,6,355
"2020-07-25","OM","Oman","EMRO",1145,73791,4,359
"2020-07-26","OM","Oman","EMRO",1067,74858,12,371
"2020-07-27","OM","Oman","EMRO",1147,76005,13,384
"2020-07-28","OM","Oman","EMRO",1053,77058,9,393
"2020-07-29","OM","Oman","EMRO",846,77904,9,402
"2020-07-30","OM","Oman","EMRO",665,78569,10,412
"2020-07-31","OM","Oman","EMRO",590,79159,9,421
"2020-08-01","OM","Oman","EMRO",0,79159,0,421
"2020-08-02","OM","Oman","EMRO",0,79159,0,421
"2020-08-03","OM","Oman","EMRO",0,79159,0,421
"2020-08-04","OM","Oman","EMRO",542,79701,62,483
"2020-08-05","OM","Oman","EMRO",0,79701,0,483
"2020-08-06","OM","Oman","EMRO",585,80286,5,488
"2020-08-07","OM","Oman","EMRO",427,80713,4,492
"2020-08-08","OM","Oman","EMRO",354,81067,10,502
"2020-08-09","OM","Oman","EMRO",290,81357,7,509
"2020-08-10","OM","Oman","EMRO",223,81580,4,513
"2020-08-11","OM","Oman","EMRO",207,81787,8,521
"2020-08-12","OM","Oman","EMRO",263,82050,12,533
"2020-08-13","OM","Oman","EMRO",249,82299,6,539
"2020-08-14","OM","Oman","EMRO",232,82531,12,551
"2020-08-15","OM","Oman","EMRO",212,82743,6,557
"2020-08-16","OM","Oman","EMRO",181,82924,5,562
"2020-08-17","OM","Oman","EMRO",162,83086,10,572
"2020-08-18","OM","Oman","EMRO",140,83226,16,588
"2020-08-19","OM","Oman","EMRO",192,83418,9,597
"2020-08-20","OM","Oman","EMRO",188,83606,6,603
"2020-08-21","OM","Oman","EMRO",163,83769,6,609
"2020-08-22","OM","Oman","EMRO",0,83769,0,609
"2020-08-23","OM","Oman","EMRO",0,83769,0,609
"2020-08-24","OM","Oman","EMRO",0,83769,0,609
"2020-08-25","OM","Oman","EMRO",740,84509,28,637
"2020-08-26","OM","Oman","EMRO",143,84652,5,642
"2020-08-27","OM","Oman","EMRO",166,84818,4,646
"2020-08-28","OM","Oman","EMRO",187,85005,4,650
"2020-08-29","OM","Oman","EMRO",0,85005,0,650
"2020-08-30","OM","Oman","EMRO",0,85005,0,650
"2020-08-31","OM","Oman","EMRO",539,85544,27,677
"2020-09-01","OM","Oman","EMRO",178,85722,8,685
"2020-09-02","OM","Oman","EMRO",206,85928,4,689
"2020-09-03","OM","Oman","EMRO",0,85928,0,689
"2020-09-04","OM","Oman","EMRO",452,86380,16,705
"2020-09-05","OM","Oman","EMRO",0,86380,0,705
"2020-09-06","OM","Oman","EMRO",0,86380,0,705
"2020-09-07","OM","Oman","EMRO",692,87072,23,728
"2020-09-08","OM","Oman","EMRO",256,87328,6,734
"2020-09-09","OM","Oman","EMRO",262,87590,8,742
"2020-09-10","OM","Oman","EMRO",349,87939,9,751
"2020-09-11","OM","Oman","EMRO",398,88337,11,762
"2020-09-12","OM","Oman","EMRO",0,88337,0,762
"2020-09-13","OM","Oman","EMRO",0,88337,0,762
"2020-09-14","OM","Oman","EMRO",1409,89746,18,780
"2020-09-15","OM","Oman","EMRO",476,90222,10,790
"2020-09-16","OM","Oman","EMRO",438,90660,7,797
"2020-09-17","OM","Oman","EMRO",536,91196,8,805
"2020-09-18","OM","Oman","EMRO",557,91753,13,818
"2020-09-19","OM","Oman","EMRO",0,91753,0,818
"2020-09-20","OM","Oman","EMRO",0,91753,0,818
"2020-09-21","OM","Oman","EMRO",1722,93475,28,846
"2020-09-22","OM","Oman","EMRO",576,94051,7,853
"2020-09-23","OM","Oman","EMRO",660,94711,12,865
"2020-09-24","OM","Oman","EMRO",628,95339,10,875
"2020-09-25","OM","Oman","EMRO",568,95907,10,885
"2020-09-26","OM","Oman","EMRO",0,95907,0,885
"2020-09-27","OM","Oman","EMRO",0,95907,0,885
"2020-09-28","OM","Oman","EMRO",1543,97450,24,909
"2020-09-29","OM","Oman","EMRO",607,98057,15,924
"2020-09-30","OM","Oman","EMRO",528,98585,11,935
"2020-10-01","OM","Oman","EMRO",0,98585,0,935
"2020-10-02","OM","Oman","EMRO",0,98585,0,935
"2020-10-03","OM","Oman","EMRO",0,98585,0,935
"2020-10-04","OM","Oman","EMRO",0,98585,0,935
"2020-10-05","OM","Oman","EMRO",2685,101270,42,977
"2020-10-06","OM","Oman","EMRO",544,101814,8,985
"2020-10-07","OM","Oman","EMRO",834,102648,5,990
"2020-10-08","OM","Oman","EMRO",817,103465,10,1000
"2020-10-09","OM","Oman","EMRO",664,104129,9,1009
"2020-10-10","OM","Oman","EMRO",0,104129,0,1009
"2020-10-11","OM","Oman","EMRO",0,104129,0,1009
"2020-10-12","OM","Oman","EMRO",1761,105890,29,1038
"2020-10-13","OM","Oman","EMRO",685,106575,8,1046
"2020-10-14","OM","Oman","EMRO",638,107213,7,1053
"2020-10-15","OM","Oman","EMRO",563,107776,8,1061
"2020-10-16","OM","Oman","EMRO",520,108296,10,1071
"2020-10-17","OM","Oman","EMRO",0,108296,0,1071
"2020-10-18","OM","Oman","EMRO",0,108296,0,1071
"2020-10-19","OM","Oman","EMRO",1657,109953,30,1101
"2020-10-20","OM","Oman","EMRO",641,110594,13,1114
"2020-10-21","OM","Oman","EMRO",439,111033,8,1122
"2020-10-22","OM","Oman","EMRO",451,111484,15,1137
"2020-10-23","OM","Oman","EMRO",353,111837,10,1147
"2020-10-24","OM","Oman","EMRO",0,111837,0,1147
"2020-10-25","OM","Oman","EMRO",0,111837,0,1147
"2020-10-26","OM","Oman","EMRO",1095,112932,27,1174
"2020-10-27","OM","Oman","EMRO",422,113354,16,1190
"2020-10-28","OM","Oman","EMRO",466,113820,13,1203
"2020-10-29","OM","Oman","EMRO",614,114434,5,1208
"2020-10-30","OM","Oman","EMRO",0,114434,0,1208
"2020-10-31","OM","Oman","EMRO",0,114434,0,1208
"2020-11-01","OM","Oman","EMRO",0,114434,0,1208
"2020-11-02","OM","Oman","EMRO",1300,115734,38,1246
"2020-11-03","OM","Oman","EMRO",418,116152,10,1256
"2020-11-04","OM","Oman","EMRO",376,116528,8,1264
"2020-11-05","OM","Oman","EMRO",319,116847,11,1275
"2020-11-06","OM","Oman","EMRO",320,117167,11,1286
"2020-11-07","OM","Oman","EMRO",0,117167,0,1286
"2020-11-08","OM","Oman","EMRO",0,117167,0,1286
"2020-11-09","OM","Oman","EMRO",973,118140,15,1301
"2020-11-10","OM","Oman","EMRO",363,118503,9,1310
"2020-11-11","OM","Oman","EMRO",381,118884,6,1316
"2020-11-12","OM","Oman","EMRO",302,119186,5,1321
"2020-11-13","OM","Oman","EMRO",256,119442,5,1326
"2020-11-14","OM","Oman","EMRO",0,119442,0,1326
"2020-11-15","OM","Oman","EMRO",0,119442,0,1326
"2020-11-16","OM","Oman","EMRO",947,120389,12,1338
"2020-11-17","OM","Oman","EMRO",329,120718,12,1350
"2020-11-18","OM","Oman","EMRO",0,120718,0,1350
"2020-11-19","OM","Oman","EMRO",411,121129,10,1360
"2020-11-20","OM","Oman","EMRO",231,121360,5,1365
"2020-11-21","OM","Oman","EMRO",0,121360,0,1365
"2020-11-22","OM","Oman","EMRO",0,121360,0,1365
"2020-11-23","OM","Oman","EMRO",721,122081,15,1380
"2020-11-24","OM","Oman","EMRO",275,122356,6,1386
"2020-11-25","OM","Oman","EMRO",223,122579,5,1391
"2020-11-26","OM","Oman","EMRO",0,122579,0,1391
"2020-11-27","OM","Oman","EMRO",0,122579,0,1391
"2020-11-28","OM","Oman","EMRO",0,122579,0,1391
"2020-11-29","OM","Oman","EMRO",0,122579,0,1391
"2020-11-30","OM","Oman","EMRO",905,123484,27,1418
"2020-12-01","OM","Oman","EMRO",215,123699,5,1423
"2020-12-02","OM","Oman","EMRO",209,123908,7,1430
"2020-12-03","OM","Oman","EMRO",237,124145,0,1430
"2020-12-04","OM","Oman","EMRO",184,124329,5,1435
"2020-12-05","OM","Oman","EMRO",0,124329,0,1435
"2020-12-06","OM","Oman","EMRO",0,124329,0,1435
"2020-12-07","OM","Oman","EMRO",557,124886,9,1444
"2020-12-08","OM","Oman","EMRO",229,125115,8,1452
"2020-12-09","OM","Oman","EMRO",211,125326,2,1454
"2020-12-10","OM","Oman","EMRO",164,125490,7,1461
"2020-12-11","OM","Oman","EMRO",179,125669,2,1463
"2020-12-12","OM","Oman","EMRO",0,125669,0,1463
