"Fecha_de_reporte","Codigo_pais","Paises","Region","Casos_nuevos","Casos_acumulados","defunciones_nuevas","defunciones_acumuladas"
"2020-01-03","PA","Panama","AMRO",0,0,0,0
"2020-01-04","PA","Panama","AMRO",0,0,0,0
"2020-01-05","PA","Panama","AMRO",0,0,0,0
"2020-01-06","PA","Panama","AMRO",0,0,0,0
"2020-01-07","PA","Panama","AMRO",0,0,0,0
"2020-01-08","PA","Panama","AMRO",0,0,0,0
"2020-01-09","PA","Panama","AMRO",0,0,0,0
"2020-01-10","PA","Panama","AMRO",0,0,0,0
"2020-01-11","PA","Panama","AMRO",0,0,0,0
"2020-01-12","PA","Panama","AMRO",0,0,0,0
"2020-01-13","PA","Panama","AMRO",0,0,0,0
"2020-01-14","PA","Panama","AMRO",0,0,0,0
"2020-01-15","PA","Panama","AMRO",0,0,0,0
"2020-01-16","PA","Panama","AMRO",0,0,0,0
"2020-01-17","PA","Panama","AMRO",0,0,0,0
"2020-01-18","PA","Panama","AMRO",0,0,0,0
"2020-01-19","PA","Panama","AMRO",0,0,0,0
"2020-01-20","PA","Panama","AMRO",0,0,0,0
"2020-01-21","PA","Panama","AMRO",0,0,0,0
"2020-01-22","PA","Panama","AMRO",0,0,0,0
"2020-01-23","PA","Panama","AMRO",0,0,0,0
"2020-01-24","PA","Panama","AMRO",0,0,0,0
"2020-01-25","PA","Panama","AMRO",0,0,0,0
"2020-01-26","PA","Panama","AMRO",0,0,0,0
"2020-01-27","PA","Panama","AMRO",0,0,0,0
"2020-01-28","PA","Panama","AMRO",0,0,0,0
"2020-01-29","PA","Panama","AMRO",0,0,0,0
"2020-01-30","PA","Panama","AMRO",0,0,0,0
"2020-01-31","PA","Panama","AMRO",0,0,0,0
"2020-02-01","PA","Panama","AMRO",0,0,0,0
"2020-02-02","PA","Panama","AMRO",0,0,0,0
"2020-02-03","PA","Panama","AMRO",0,0,0,0
"2020-02-04","PA","Panama","AMRO",0,0,0,0
"2020-02-05","PA","Panama","AMRO",0,0,0,0
"2020-02-06","PA","Panama","AMRO",0,0,0,0
"2020-02-07","PA","Panama","AMRO",0,0,0,0
"2020-02-08","PA","Panama","AMRO",0,0,0,0
"2020-02-09","PA","Panama","AMRO",0,0,0,0
"2020-02-10","PA","Panama","AMRO",0,0,0,0
"2020-02-11","PA","Panama","AMRO",0,0,0,0
"2020-02-12","PA","Panama","AMRO",0,0,0,0
"2020-02-13","PA","Panama","AMRO",0,0,0,0
"2020-02-14","PA","Panama","AMRO",0,0,0,0
"2020-02-15","PA","Panama","AMRO",0,0,0,0
"2020-02-16","PA","Panama","AMRO",0,0,0,0
"2020-02-17","PA","Panama","AMRO",0,0,0,0
"2020-02-18","PA","Panama","AMRO",0,0,0,0
"2020-02-19","PA","Panama","AMRO",0,0,0,0
"2020-02-20","PA","Panama","AMRO",0,0,0,0
"2020-02-21","PA","Panama","AMRO",0,0,0,0
"2020-02-22","PA","Panama","AMRO",0,0,0,0
"2020-02-23","PA","Panama","AMRO",0,0,0,0
"2020-02-24","PA","Panama","AMRO",0,0,0,0
"2020-02-25","PA","Panama","AMRO",0,0,0,0
"2020-02-26","PA","Panama","AMRO",0,0,0,0
"2020-02-27","PA","Panama","AMRO",0,0,0,0
"2020-02-28","PA","Panama","AMRO",0,0,0,0
"2020-02-29","PA","Panama","AMRO",0,0,0,0
"2020-03-01","PA","Panama","AMRO",0,0,0,0
"2020-03-02","PA","Panama","AMRO",0,0,0,0
"2020-03-03","PA","Panama","AMRO",0,0,0,0
"2020-03-04","PA","Panama","AMRO",0,0,0,0
"2020-03-05","PA","Panama","AMRO",0,0,0,0
"2020-03-06","PA","Panama","AMRO",0,0,0,0
"2020-03-07","PA","Panama","AMRO",0,0,0,0
"2020-03-08","PA","Panama","AMRO",0,0,0,0
"2020-03-09","PA","Panama","AMRO",0,0,0,0
"2020-03-10","PA","Panama","AMRO",5,5,0,0
"2020-03-11","PA","Panama","AMRO",7,12,1,1
"2020-03-12","PA","Panama","AMRO",2,14,0,1
"2020-03-13","PA","Panama","AMRO",4,18,0,1
"2020-03-14","PA","Panama","AMRO",13,31,0,1
"2020-03-15","PA","Panama","AMRO",0,31,0,1
"2020-03-16","PA","Panama","AMRO",16,47,0,1
"2020-03-17","PA","Panama","AMRO",26,73,0,1
"2020-03-18","PA","Panama","AMRO",17,90,0,1
"2020-03-19","PA","Panama","AMRO",19,109,0,1
"2020-03-20","PA","Panama","AMRO",28,137,0,1
"2020-03-21","PA","Panama","AMRO",0,137,0,1
"2020-03-22","PA","Panama","AMRO",0,137,0,1
"2020-03-23","PA","Panama","AMRO",108,245,2,3
"2020-03-24","PA","Panama","AMRO",100,345,3,6
"2020-03-25","PA","Panama","AMRO",0,345,0,6
"2020-03-26","PA","Panama","AMRO",213,558,2,8
"2020-03-27","PA","Panama","AMRO",0,558,0,8
"2020-03-28","PA","Panama","AMRO",116,674,1,9
"2020-03-29","PA","Panama","AMRO",112,786,5,14
"2020-03-30","PA","Panama","AMRO",115,901,3,17
"2020-03-31","PA","Panama","AMRO",88,989,7,24
"2020-04-01","PA","Panama","AMRO",0,989,0,24
"2020-04-02","PA","Panama","AMRO",192,1181,6,30
"2020-04-03","PA","Panama","AMRO",136,1317,2,32
"2020-04-04","PA","Panama","AMRO",158,1475,5,37
"2020-04-05","PA","Panama","AMRO",198,1673,4,41
"2020-04-06","PA","Panama","AMRO",128,1801,5,46
"2020-04-07","PA","Panama","AMRO",187,1988,8,54
"2020-04-08","PA","Panama","AMRO",112,2100,1,55
"2020-04-09","PA","Panama","AMRO",149,2249,4,59
"2020-04-10","PA","Panama","AMRO",279,2528,4,63
"2020-04-11","PA","Panama","AMRO",224,2752,3,66
"2020-04-12","PA","Panama","AMRO",222,2974,8,74
"2020-04-13","PA","Panama","AMRO",260,3234,5,79
"2020-04-14","PA","Panama","AMRO",166,3400,8,87
"2020-04-15","PA","Panama","AMRO",72,3472,7,94
"2020-04-16","PA","Panama","AMRO",102,3574,1,95
"2020-04-17","PA","Panama","AMRO",177,3751,8,103
"2020-04-18","PA","Panama","AMRO",265,4016,6,109
"2020-04-19","PA","Panama","AMRO",194,4210,6,115
"2020-04-20","PA","Panama","AMRO",63,4273,5,120
"2020-04-21","PA","Panama","AMRO",194,4467,6,126
"2020-04-22","PA","Panama","AMRO",191,4658,10,136
"2020-04-23","PA","Panama","AMRO",163,4821,5,141
"2020-04-24","PA","Panama","AMRO",171,4992,3,144
"2020-04-25","PA","Panama","AMRO",174,5166,2,146
"2020-04-26","PA","Panama","AMRO",172,5338,8,154
"2020-04-27","PA","Panama","AMRO",200,5538,5,159
"2020-04-28","PA","Panama","AMRO",241,5779,6,165
"2020-04-29","PA","Panama","AMRO",242,6021,2,167
"2020-04-30","PA","Panama","AMRO",179,6200,9,176
"2020-05-01","PA","Panama","AMRO",178,6378,2,178
"2020-05-02","PA","Panama","AMRO",154,6532,10,188
"2020-05-03","PA","Panama","AMRO",188,6720,4,192
"2020-05-04","PA","Panama","AMRO",370,7090,5,197
"2020-05-05","PA","Panama","AMRO",107,7197,3,200
"2020-05-06","PA","Panama","AMRO",190,7387,3,203
"2020-05-07","PA","Panama","AMRO",136,7523,7,210
"2020-05-08","PA","Panama","AMRO",208,7731,8,218
"2020-05-09","PA","Panama","AMRO",137,7868,7,225
"2020-05-10","PA","Panama","AMRO",202,8070,6,231
"2020-05-11","PA","Panama","AMRO",212,8282,6,237
"2020-05-12","PA","Panama","AMRO",166,8448,7,244
"2020-05-13","PA","Panama","AMRO",168,8616,5,249
"2020-05-14","PA","Panama","AMRO",0,8616,0,249
"2020-05-15","PA","Panama","AMRO",328,8944,7,256
"2020-05-16","PA","Panama","AMRO",174,9118,4,260
"2020-05-17","PA","Panama","AMRO",150,9268,6,266
"2020-05-18","PA","Panama","AMRO",181,9449,3,269
"2020-05-19","PA","Panama","AMRO",157,9606,6,275
"2020-05-20","PA","Panama","AMRO",120,9726,4,279
"2020-05-21","PA","Panama","AMRO",141,9867,2,281
"2020-05-22","PA","Panama","AMRO",110,9977,6,287
"2020-05-23","PA","Panama","AMRO",139,10116,4,291
"2020-05-24","PA","Panama","AMRO",151,10267,4,295
"2020-05-25","PA","Panama","AMRO",310,10577,4,299
"2020-05-26","PA","Panama","AMRO",349,10926,7,306
"2020-05-27","PA","Panama","AMRO",257,11183,4,310
"2020-05-28","PA","Panama","AMRO",264,11447,3,313
"2020-05-29","PA","Panama","AMRO",281,11728,2,315
"2020-05-30","PA","Panama","AMRO",403,12131,5,320
"2020-05-31","PA","Panama","AMRO",400,12531,6,326
"2020-06-01","PA","Panama","AMRO",487,13018,4,330
"2020-06-02","PA","Panama","AMRO",445,13463,6,336
"2020-06-03","PA","Panama","AMRO",374,13837,8,344
"2020-06-04","PA","Panama","AMRO",258,14095,8,352
"2020-06-05","PA","Panama","AMRO",514,14609,5,357
"2020-06-06","PA","Panama","AMRO",435,15044,6,363
"2020-06-07","PA","Panama","AMRO",419,15463,7,370
"2020-06-08","PA","Panama","AMRO",541,16004,16,386
"2020-06-09","PA","Panama","AMRO",421,16425,7,393
"2020-06-10","PA","Panama","AMRO",429,16854,5,398
"2020-06-11","PA","Panama","AMRO",379,17233,5,403
"2020-06-12","PA","Panama","AMRO",656,17889,10,413
"2020-06-13","PA","Panama","AMRO",697,18586,5,418
"2020-06-14","PA","Panama","AMRO",625,19211,3,421
"2020-06-15","PA","Panama","AMRO",848,20059,8,429
"2020-06-16","PA","Panama","AMRO",627,20686,8,437
"2020-06-17","PA","Panama","AMRO",736,21422,11,448
"2020-06-18","PA","Panama","AMRO",540,21962,9,457
"2020-06-19","PA","Panama","AMRO",635,22597,13,470
"2020-06-20","PA","Panama","AMRO",754,23351,5,475
"2020-06-21","PA","Panama","AMRO",923,24274,10,485
"2020-06-22","PA","Panama","AMRO",948,25222,8,493
"2020-06-23","PA","Panama","AMRO",808,26030,8,501
"2020-06-24","PA","Panama","AMRO",722,26752,20,521
"2020-06-25","PA","Panama","AMRO",562,27314,15,536
"2020-06-26","PA","Panama","AMRO",716,28030,11,547
"2020-06-27","PA","Panama","AMRO",1007,29037,17,564
"2020-06-28","PA","Panama","AMRO",868,29905,11,575
"2020-06-29","PA","Panama","AMRO",753,30658,17,592
"2020-06-30","PA","Panama","AMRO",1028,31686,12,604
"2020-07-01","PA","Panama","AMRO",1099,32785,16,620
"2020-07-02","PA","Panama","AMRO",765,33550,11,631
"2020-07-03","PA","Panama","AMRO",913,34463,14,645
"2020-07-04","PA","Panama","AMRO",774,35237,22,667
"2020-07-05","PA","Panama","AMRO",758,35995,31,698
"2020-07-06","PA","Panama","AMRO",988,36983,22,720
"2020-07-07","PA","Panama","AMRO",1166,38149,27,747
"2020-07-08","PA","Panama","AMRO",1185,39334,23,770
"2020-07-09","PA","Panama","AMRO",957,40291,29,799
"2020-07-10","PA","Panama","AMRO",960,41251,20,819
"2020-07-11","PA","Panama","AMRO",965,42216,20,839
"2020-07-12","PA","Panama","AMRO",1041,43257,24,863
"2020-07-13","PA","Panama","AMRO",1075,44332,30,893
"2020-07-14","PA","Panama","AMRO",1301,45633,16,909
"2020-07-15","PA","Panama","AMRO",1540,47173,23,932
"2020-07-16","PA","Panama","AMRO",923,48096,28,960
"2020-07-17","PA","Panama","AMRO",1147,49243,22,982
"2020-07-18","PA","Panama","AMRO",1130,50373,18,1000
"2020-07-19","PA","Panama","AMRO",1035,51408,38,1038
"2020-07-20","PA","Panama","AMRO",853,52261,33,1071
"2020-07-21","PA","Panama","AMRO",1207,53468,25,1096
"2020-07-22","PA","Panama","AMRO",958,54426,31,1127
"2020-07-23","PA","Panama","AMRO",727,55153,32,1159
"2020-07-24","PA","Panama","AMRO",753,55906,21,1180
"2020-07-25","PA","Panama","AMRO",911,56817,29,1209
"2020-07-26","PA","Panama","AMRO",1176,57993,41,1250
"2020-07-27","PA","Panama","AMRO",871,58864,25,1275
"2020-07-28","PA","Panama","AMRO",1432,60296,19,1294
"2020-07-29","PA","Panama","AMRO",1146,61442,28,1322
"2020-07-30","PA","Panama","AMRO",781,62223,27,1349
"2020-07-31","PA","Panama","AMRO",1046,63269,25,1374
"2020-08-01","PA","Panama","AMRO",922,64191,23,1397
"2020-08-02","PA","Panama","AMRO",1065,65256,24,1421
"2020-08-03","PA","Panama","AMRO",1127,66383,28,1449
"2020-08-04","PA","Panama","AMRO",1070,67453,22,1471
"2020-08-05","PA","Panama","AMRO",1003,68456,26,1497
"2020-08-06","PA","Panama","AMRO",968,69424,25,1522
"2020-08-07","PA","Panama","AMRO",807,70231,31,1553
"2020-08-08","PA","Panama","AMRO",1187,71418,21,1574
"2020-08-09","PA","Panama","AMRO",1142,72560,17,1591
"2020-08-10","PA","Panama","AMRO",1091,73651,18,1609
"2020-08-11","PA","Panama","AMRO",841,74492,30,1639
"2020-08-12","PA","Panama","AMRO",902,75394,25,1664
"2020-08-13","PA","Panama","AMRO",1070,76464,16,1680
"2020-08-14","PA","Panama","AMRO",913,77377,23,1703
"2020-08-15","PA","Panama","AMRO",1069,78446,19,1722
"2020-08-16","PA","Panama","AMRO",956,79402,12,1734
"2020-08-17","PA","Panama","AMRO",1263,80665,12,1746
"2020-08-18","PA","Panama","AMRO",1275,81940,21,1767
"2020-08-19","PA","Panama","AMRO",603,82543,21,1788
"2020-08-20","PA","Panama","AMRO",247,82790,21,1809
"2020-08-21","PA","Panama","AMRO",964,83754,18,1827
"2020-08-22","PA","Panama","AMRO",101,83855,17,1844
"2020-08-23","PA","Panama","AMRO",537,84392,15,1859
"2020-08-24","PA","Panama","AMRO",1088,85480,19,1878
"2020-08-25","PA","Panama","AMRO",1420,86900,14,1892
"2020-08-26","PA","Panama","AMRO",585,87485,14,1906
"2020-08-27","PA","Panama","AMRO",896,88381,13,1919
"2020-08-28","PA","Panama","AMRO",701,89082,13,1932
"2020-08-29","PA","Panama","AMRO",900,89982,16,1948
"2020-08-30","PA","Panama","AMRO",642,90624,18,1966
"2020-08-31","PA","Panama","AMRO",713,91337,17,1983
"2020-09-01","PA","Panama","AMRO",728,92065,12,1995
"2020-09-02","PA","Panama","AMRO",917,92982,7,2002
"2020-09-03","PA","Panama","AMRO",570,93552,16,2018
"2020-09-04","PA","Panama","AMRO",532,94084,12,2030
"2020-09-05","PA","Panama","AMRO",830,94914,16,2046
"2020-09-06","PA","Panama","AMRO",682,95596,17,2063
"2020-09-07","PA","Panama","AMRO",709,96305,12,2075
"2020-09-08","PA","Panama","AMRO",738,97043,11,2086
"2020-09-09","PA","Panama","AMRO",535,97578,13,2099
"2020-09-10","PA","Panama","AMRO",829,98407,8,2107
"2020-09-11","PA","Panama","AMRO",635,99042,9,2116
"2020-09-12","PA","Panama","AMRO",673,99715,11,2127
"2020-09-13","PA","Panama","AMRO",615,100330,13,2140
"2020-09-14","PA","Panama","AMRO",711,101041,15,2155
"2020-09-15","PA","Panama","AMRO",704,101745,11,2166
"2020-09-16","PA","Panama","AMRO",459,102204,7,2173
"2020-09-17","PA","Panama","AMRO",628,102832,14,2187
"2020-09-18","PA","Panama","AMRO",634,103466,11,2198
"2020-09-19","PA","Panama","AMRO",672,104138,15,2213
"2020-09-20","PA","Panama","AMRO",741,104879,16,2229
"2020-09-21","PA","Panama","AMRO",722,105601,18,2247
"2020-09-22","PA","Panama","AMRO",602,106203,10,2257
"2020-09-23","PA","Panama","AMRO",607,106810,15,2272
"2020-09-24","PA","Panama","AMRO",474,107284,13,2285
"2020-09-25","PA","Panama","AMRO",706,107990,6,2291
"2020-09-26","PA","Panama","AMRO",736,108726,6,2297
"2020-09-27","PA","Panama","AMRO",705,109431,14,2311
"2020-09-28","PA","Panama","AMRO",677,110108,12,2323
"2020-09-29","PA","Panama","AMRO",447,110555,17,2340
"2020-09-30","PA","Panama","AMRO",722,111277,8,2348
"2020-10-01","PA","Panama","AMRO",576,111853,16,2364
"2020-10-02","PA","Panama","AMRO",742,112595,8,2372
"2020-10-03","PA","Panama","AMRO",747,113342,15,2387
"2020-10-04","PA","Panama","AMRO",620,113962,19,2406
"2020-10-05","PA","Panama","AMRO",691,114653,8,2414
"2020-10-06","PA","Panama","AMRO",633,115286,9,2423
"2020-10-07","PA","Panama","AMRO",633,115919,7,2430
"2020-10-08","PA","Panama","AMRO",683,116602,10,2440
"2020-10-09","PA","Panama","AMRO",698,117300,8,2448
"2020-10-10","PA","Panama","AMRO",754,118054,15,2463
"2020-10-11","PA","Panama","AMRO",787,118841,11,2474
"2020-10-12","PA","Panama","AMRO",825,119666,8,2482
"2020-10-13","PA","Panama","AMRO",647,120313,9,2491
"2020-10-14","PA","Panama","AMRO",489,120802,11,2502
"2020-10-15","PA","Panama","AMRO",494,121296,9,2511
"2020-10-16","PA","Panama","AMRO",832,122128,8,2519
"2020-10-17","PA","Panama","AMRO",755,122883,10,2529
"2020-10-18","PA","Panama","AMRO",615,123498,17,2546
"2020-10-19","PA","Panama","AMRO",609,124107,11,2557
"2020-10-20","PA","Panama","AMRO",638,124745,7,2564
"2020-10-21","PA","Panama","AMRO",436,125181,10,2574
"2020-10-22","PA","Panama","AMRO",558,125739,11,2585
"2020-10-23","PA","Panama","AMRO",696,126435,12,2597
"2020-10-24","PA","Panama","AMRO",792,127227,15,2612
"2020-10-25","PA","Panama","AMRO",639,127866,10,2622
"2020-10-26","PA","Panama","AMRO",649,128515,6,2628
"2020-10-27","PA","Panama","AMRO",685,129200,5,2633
"2020-10-28","PA","Panama","AMRO",551,129751,5,2638
"2020-10-29","PA","Panama","AMRO",671,130422,12,2650
"2020-10-30","PA","Panama","AMRO",825,131247,13,2663
"2020-10-31","PA","Panama","AMRO",798,132045,15,2678
"2020-11-01","PA","Panama","AMRO",822,132867,10,2688
"2020-11-02","PA","Panama","AMRO",731,133598,12,2700
"2020-11-03","PA","Panama","AMRO",738,134336,6,2706
"2020-11-04","PA","Panama","AMRO",579,134915,14,2720
"2020-11-05","PA","Panama","AMRO",677,135592,11,2731
"2020-11-06","PA","Panama","AMRO",432,136024,13,2744
"2020-11-07","PA","Panama","AMRO",543,136567,12,2756
"2020-11-08","PA","Panama","AMRO",1193,137760,14,2770
"2020-11-09","PA","Panama","AMRO",746,138506,11,2781
"2020-11-10","PA","Panama","AMRO",1021,139527,17,2798
"2020-11-11","PA","Panama","AMRO",804,140331,10,2808
"2020-11-12","PA","Panama","AMRO",971,141302,9,2817
"2020-11-13","PA","Panama","AMRO",1163,142465,6,2823
"2020-11-14","PA","Panama","AMRO",887,143352,7,2830
"2020-11-15","PA","Panama","AMRO",1125,144477,26,2856
"2020-11-16","PA","Panama","AMRO",832,145309,11,2867
"2020-11-17","PA","Panama","AMRO",1344,146653,6,2873
"2020-11-18","PA","Panama","AMRO",1014,147667,8,2881
"2020-11-19","PA","Panama","AMRO",1054,148721,12,2893
"2020-11-20","PA","Panama","AMRO",1112,149833,14,2907
"2020-11-21","PA","Panama","AMRO",1256,151089,15,2922
"2020-11-22","PA","Panama","AMRO",1200,152289,10,2932
"2020-11-23","PA","Panama","AMRO",1288,153577,14,2946
"2020-11-24","PA","Panama","AMRO",1206,154783,11,2957
"2020-11-25","PA","Panama","AMRO",875,155658,16,2973
"2020-11-26","PA","Panama","AMRO",1272,156930,13,2986
"2020-11-27","PA","Panama","AMRO",1602,158532,16,3002
"2020-11-28","PA","Panama","AMRO",1755,160287,16,3018
"2020-11-29","PA","Panama","AMRO",1457,161744,12,3030
"2020-11-30","PA","Panama","AMRO",1709,163453,9,3039
"2020-12-01","PA","Panama","AMRO",1276,164729,21,3060
"2020-12-02","PA","Panama","AMRO",1077,165806,19,3079
"2020-12-03","PA","Panama","AMRO",1505,167311,19,3098
"2020-12-04","PA","Panama","AMRO",2028,169339,16,3114
"2020-12-05","PA","Panama","AMRO",1880,171219,27,3141
"2020-12-06","PA","Panama","AMRO",2388,173607,13,3154
"2020-12-07","PA","Panama","AMRO",2300,175907,19,3173
"2020-12-08","PA","Panama","AMRO",1812,177719,20,3193
"2020-12-09","PA","Panama","AMRO",1511,179230,19,3212
"2020-12-10","PA","Panama","AMRO",1936,181166,29,3241
"2020-12-11","PA","Panama","AMRO",1811,182977,23,3264
"2020-12-12","PA","Panama","AMRO",2447,185424,23,3287
