"Fecha_de_reporte","Codigo_pais","Paises","Region","Casos_nuevos","Casos_acumulados","defunciones_nuevas","defunciones_acumuladas"
"2020-01-03","PY","Paraguay","AMRO",0,0,0,0
"2020-01-04","PY","Paraguay","AMRO",0,0,0,0
"2020-01-05","PY","Paraguay","AMRO",0,0,0,0
"2020-01-06","PY","Paraguay","AMRO",0,0,0,0
"2020-01-07","PY","Paraguay","AMRO",0,0,0,0
"2020-01-08","PY","Paraguay","AMRO",0,0,0,0
"2020-01-09","PY","Paraguay","AMRO",0,0,0,0
"2020-01-10","PY","Paraguay","AMRO",0,0,0,0
"2020-01-11","PY","Paraguay","AMRO",0,0,0,0
"2020-01-12","PY","Paraguay","AMRO",0,0,0,0
"2020-01-13","PY","Paraguay","AMRO",0,0,0,0
"2020-01-14","PY","Paraguay","AMRO",0,0,0,0
"2020-01-15","PY","Paraguay","AMRO",0,0,0,0
"2020-01-16","PY","Paraguay","AMRO",0,0,0,0
"2020-01-17","PY","Paraguay","AMRO",0,0,0,0
"2020-01-18","PY","Paraguay","AMRO",0,0,0,0
"2020-01-19","PY","Paraguay","AMRO",0,0,0,0
"2020-01-20","PY","Paraguay","AMRO",0,0,0,0
"2020-01-21","PY","Paraguay","AMRO",0,0,0,0
"2020-01-22","PY","Paraguay","AMRO",0,0,0,0
"2020-01-23","PY","Paraguay","AMRO",0,0,0,0
"2020-01-24","PY","Paraguay","AMRO",0,0,0,0
"2020-01-25","PY","Paraguay","AMRO",0,0,0,0
"2020-01-26","PY","Paraguay","AMRO",0,0,0,0
"2020-01-27","PY","Paraguay","AMRO",0,0,0,0
"2020-01-28","PY","Paraguay","AMRO",0,0,0,0
"2020-01-29","PY","Paraguay","AMRO",0,0,0,0
"2020-01-30","PY","Paraguay","AMRO",0,0,0,0
"2020-01-31","PY","Paraguay","AMRO",0,0,0,0
"2020-02-01","PY","Paraguay","AMRO",0,0,0,0
"2020-02-02","PY","Paraguay","AMRO",0,0,0,0
"2020-02-03","PY","Paraguay","AMRO",0,0,0,0
"2020-02-04","PY","Paraguay","AMRO",0,0,0,0
"2020-02-05","PY","Paraguay","AMRO",0,0,0,0
"2020-02-06","PY","Paraguay","AMRO",0,0,0,0
"2020-02-07","PY","Paraguay","AMRO",0,0,0,0
"2020-02-08","PY","Paraguay","AMRO",0,0,0,0
"2020-02-09","PY","Paraguay","AMRO",0,0,0,0
"2020-02-10","PY","Paraguay","AMRO",0,0,0,0
"2020-02-11","PY","Paraguay","AMRO",0,0,0,0
"2020-02-12","PY","Paraguay","AMRO",0,0,0,0
"2020-02-13","PY","Paraguay","AMRO",0,0,0,0
"2020-02-14","PY","Paraguay","AMRO",0,0,0,0
"2020-02-15","PY","Paraguay","AMRO",0,0,0,0
"2020-02-16","PY","Paraguay","AMRO",0,0,0,0
"2020-02-17","PY","Paraguay","AMRO",0,0,0,0
"2020-02-18","PY","Paraguay","AMRO",0,0,0,0
"2020-02-19","PY","Paraguay","AMRO",0,0,0,0
"2020-02-20","PY","Paraguay","AMRO",0,0,0,0
"2020-02-21","PY","Paraguay","AMRO",0,0,0,0
"2020-02-22","PY","Paraguay","AMRO",0,0,0,0
"2020-02-23","PY","Paraguay","AMRO",0,0,0,0
"2020-02-24","PY","Paraguay","AMRO",0,0,0,0
"2020-02-25","PY","Paraguay","AMRO",0,0,0,0
"2020-02-26","PY","Paraguay","AMRO",0,0,0,0
"2020-02-27","PY","Paraguay","AMRO",0,0,0,0
"2020-02-28","PY","Paraguay","AMRO",0,0,0,0
"2020-02-29","PY","Paraguay","AMRO",0,0,0,0
"2020-03-01","PY","Paraguay","AMRO",0,0,0,0
"2020-03-02","PY","Paraguay","AMRO",0,0,0,0
"2020-03-03","PY","Paraguay","AMRO",0,0,0,0
"2020-03-04","PY","Paraguay","AMRO",0,0,0,0
"2020-03-05","PY","Paraguay","AMRO",0,0,0,0
"2020-03-06","PY","Paraguay","AMRO",0,0,0,0
"2020-03-07","PY","Paraguay","AMRO",0,0,0,0
"2020-03-08","PY","Paraguay","AMRO",5,5,0,0
"2020-03-09","PY","Paraguay","AMRO",0,5,0,0
"2020-03-10","PY","Paraguay","AMRO",0,5,0,0
"2020-03-11","PY","Paraguay","AMRO",4,9,0,0
"2020-03-12","PY","Paraguay","AMRO",0,9,0,0
"2020-03-13","PY","Paraguay","AMRO",0,9,0,0
"2020-03-14","PY","Paraguay","AMRO",1,10,0,0
"2020-03-15","PY","Paraguay","AMRO",0,10,0,0
"2020-03-16","PY","Paraguay","AMRO",2,12,0,0
"2020-03-17","PY","Paraguay","AMRO",1,13,0,0
"2020-03-18","PY","Paraguay","AMRO",2,15,0,0
"2020-03-19","PY","Paraguay","AMRO",0,15,0,0
"2020-03-20","PY","Paraguay","AMRO",-2,13,0,0
"2020-03-21","PY","Paraguay","AMRO",5,18,1,1
"2020-03-22","PY","Paraguay","AMRO",0,18,0,1
"2020-03-23","PY","Paraguay","AMRO",4,22,0,1
"2020-03-24","PY","Paraguay","AMRO",5,27,1,2
"2020-03-25","PY","Paraguay","AMRO",0,27,0,2
"2020-03-26","PY","Paraguay","AMRO",14,41,1,3
"2020-03-27","PY","Paraguay","AMRO",0,41,0,3
"2020-03-28","PY","Paraguay","AMRO",11,52,0,3
"2020-03-29","PY","Paraguay","AMRO",4,56,0,3
"2020-03-30","PY","Paraguay","AMRO",3,59,0,3
"2020-03-31","PY","Paraguay","AMRO",5,64,0,3
"2020-04-01","PY","Paraguay","AMRO",1,65,0,3
"2020-04-02","PY","Paraguay","AMRO",4,69,0,3
"2020-04-03","PY","Paraguay","AMRO",8,77,0,3
"2020-04-04","PY","Paraguay","AMRO",15,92,0,3
"2020-04-05","PY","Paraguay","AMRO",4,96,0,3
"2020-04-06","PY","Paraguay","AMRO",8,104,0,3
"2020-04-07","PY","Paraguay","AMRO",9,113,2,5
"2020-04-08","PY","Paraguay","AMRO",2,115,0,5
"2020-04-09","PY","Paraguay","AMRO",4,119,0,5
"2020-04-10","PY","Paraguay","AMRO",5,124,0,5
"2020-04-11","PY","Paraguay","AMRO",5,129,1,6
"2020-04-12","PY","Paraguay","AMRO",4,133,0,6
"2020-04-13","PY","Paraguay","AMRO",1,134,0,6
"2020-04-14","PY","Paraguay","AMRO",13,147,0,6
"2020-04-15","PY","Paraguay","AMRO",12,159,1,7
"2020-04-16","PY","Paraguay","AMRO",2,161,1,8
"2020-04-17","PY","Paraguay","AMRO",13,174,0,8
"2020-04-18","PY","Paraguay","AMRO",25,199,0,8
"2020-04-19","PY","Paraguay","AMRO",3,202,0,8
"2020-04-20","PY","Paraguay","AMRO",4,206,0,8
"2020-04-21","PY","Paraguay","AMRO",2,208,0,8
"2020-04-22","PY","Paraguay","AMRO",0,208,0,8
"2020-04-23","PY","Paraguay","AMRO",5,213,1,9
"2020-04-24","PY","Paraguay","AMRO",0,213,0,9
"2020-04-25","PY","Paraguay","AMRO",7,220,0,9
"2020-04-26","PY","Paraguay","AMRO",3,223,0,9
"2020-04-27","PY","Paraguay","AMRO",5,228,0,9
"2020-04-28","PY","Paraguay","AMRO",0,228,0,9
"2020-04-29","PY","Paraguay","AMRO",2,230,0,9
"2020-04-30","PY","Paraguay","AMRO",9,239,0,9
"2020-05-01","PY","Paraguay","AMRO",10,249,0,9
"2020-05-02","PY","Paraguay","AMRO",17,266,1,10
"2020-05-03","PY","Paraguay","AMRO",67,333,0,10
"2020-05-04","PY","Paraguay","AMRO",37,370,0,10
"2020-05-05","PY","Paraguay","AMRO",26,396,0,10
"2020-05-06","PY","Paraguay","AMRO",35,431,0,10
"2020-05-07","PY","Paraguay","AMRO",9,440,0,10
"2020-05-08","PY","Paraguay","AMRO",22,462,0,10
"2020-05-09","PY","Paraguay","AMRO",101,563,0,10
"2020-05-10","PY","Paraguay","AMRO",126,689,0,10
"2020-05-11","PY","Paraguay","AMRO",24,713,0,10
"2020-05-12","PY","Paraguay","AMRO",11,724,0,10
"2020-05-13","PY","Paraguay","AMRO",13,737,0,10
"2020-05-14","PY","Paraguay","AMRO",3,740,1,11
"2020-05-15","PY","Paraguay","AMRO",14,754,0,11
"2020-05-16","PY","Paraguay","AMRO",5,759,0,11
"2020-05-17","PY","Paraguay","AMRO",19,778,0,11
"2020-05-18","PY","Paraguay","AMRO",8,786,0,11
"2020-05-19","PY","Paraguay","AMRO",2,788,0,11
"2020-05-20","PY","Paraguay","AMRO",41,829,0,11
"2020-05-21","PY","Paraguay","AMRO",4,833,0,11
"2020-05-22","PY","Paraguay","AMRO",3,836,0,11
"2020-05-23","PY","Paraguay","AMRO",2,838,0,11
"2020-05-24","PY","Paraguay","AMRO",12,850,0,11
"2020-05-25","PY","Paraguay","AMRO",12,862,0,11
"2020-05-26","PY","Paraguay","AMRO",3,865,0,11
"2020-05-27","PY","Paraguay","AMRO",12,877,0,11
"2020-05-28","PY","Paraguay","AMRO",7,884,0,11
"2020-05-29","PY","Paraguay","AMRO",16,900,0,11
"2020-05-30","PY","Paraguay","AMRO",17,917,0,11
"2020-05-31","PY","Paraguay","AMRO",47,964,0,11
"2020-06-01","PY","Paraguay","AMRO",22,986,0,11
"2020-06-02","PY","Paraguay","AMRO",9,995,0,11
"2020-06-03","PY","Paraguay","AMRO",18,1013,0,11
"2020-06-04","PY","Paraguay","AMRO",57,1070,0,11
"2020-06-05","PY","Paraguay","AMRO",16,1086,0,11
"2020-06-06","PY","Paraguay","AMRO",1,1087,0,11
"2020-06-07","PY","Paraguay","AMRO",3,1090,0,11
"2020-06-08","PY","Paraguay","AMRO",45,1135,0,11
"2020-06-09","PY","Paraguay","AMRO",10,1145,0,11
"2020-06-10","PY","Paraguay","AMRO",42,1187,0,11
"2020-06-11","PY","Paraguay","AMRO",15,1202,0,11
"2020-06-12","PY","Paraguay","AMRO",28,1230,0,11
"2020-06-13","PY","Paraguay","AMRO",24,1254,0,11
"2020-06-14","PY","Paraguay","AMRO",7,1261,0,11
"2020-06-15","PY","Paraguay","AMRO",28,1289,0,11
"2020-06-16","PY","Paraguay","AMRO",7,1296,1,12
"2020-06-17","PY","Paraguay","AMRO",7,1303,0,12
"2020-06-18","PY","Paraguay","AMRO",5,1308,1,13
"2020-06-19","PY","Paraguay","AMRO",22,1330,0,13
"2020-06-20","PY","Paraguay","AMRO",6,1336,0,13
"2020-06-21","PY","Paraguay","AMRO",26,1362,0,13
"2020-06-22","PY","Paraguay","AMRO",17,1379,0,13
"2020-06-23","PY","Paraguay","AMRO",13,1392,0,13
"2020-06-24","PY","Paraguay","AMRO",30,1422,0,13
"2020-06-25","PY","Paraguay","AMRO",106,1528,0,13
"2020-06-26","PY","Paraguay","AMRO",41,1569,0,13
"2020-06-27","PY","Paraguay","AMRO",142,1711,0,13
"2020-06-28","PY","Paraguay","AMRO",0,1711,0,13
"2020-06-29","PY","Paraguay","AMRO",231,1942,2,15
"2020-06-30","PY","Paraguay","AMRO",185,2127,0,15
"2020-07-01","PY","Paraguay","AMRO",94,2221,2,17
"2020-07-02","PY","Paraguay","AMRO",39,2260,2,19
"2020-07-03","PY","Paraguay","AMRO",43,2303,0,19
"2020-07-04","PY","Paraguay","AMRO",46,2349,0,19
"2020-07-05","PY","Paraguay","AMRO",36,2385,1,20
"2020-07-06","PY","Paraguay","AMRO",42,2427,0,20
"2020-07-07","PY","Paraguay","AMRO",29,2456,0,20
"2020-07-08","PY","Paraguay","AMRO",46,2502,0,20
"2020-07-09","PY","Paraguay","AMRO",52,2554,0,20
"2020-07-10","PY","Paraguay","AMRO",84,2638,0,20
"2020-07-11","PY","Paraguay","AMRO",98,2736,0,20
"2020-07-12","PY","Paraguay","AMRO",0,2736,0,20
"2020-07-13","PY","Paraguay","AMRO",84,2820,1,21
"2020-07-14","PY","Paraguay","AMRO",160,2980,4,25
"2020-07-15","PY","Paraguay","AMRO",0,2980,0,25
"2020-07-16","PY","Paraguay","AMRO",94,3074,0,25
"2020-07-17","PY","Paraguay","AMRO",124,3198,0,25
"2020-07-18","PY","Paraguay","AMRO",144,3342,2,27
"2020-07-19","PY","Paraguay","AMRO",115,3457,1,28
"2020-07-20","PY","Paraguay","AMRO",172,3629,1,29
"2020-07-21","PY","Paraguay","AMRO",92,3721,2,31
"2020-07-22","PY","Paraguay","AMRO",27,3748,2,33
"2020-07-23","PY","Paraguay","AMRO",69,3817,2,35
"2020-07-24","PY","Paraguay","AMRO",183,4000,1,36
"2020-07-25","PY","Paraguay","AMRO",113,4113,0,36
"2020-07-26","PY","Paraguay","AMRO",111,4224,2,38
"2020-07-27","PY","Paraguay","AMRO",104,4328,2,40
"2020-07-28","PY","Paraguay","AMRO",116,4444,1,41
"2020-07-29","PY","Paraguay","AMRO",104,4548,2,43
"2020-07-30","PY","Paraguay","AMRO",126,4674,2,45
"2020-07-31","PY","Paraguay","AMRO",192,4866,1,46
"2020-08-01","PY","Paraguay","AMRO",341,5207,1,47
"2020-08-02","PY","Paraguay","AMRO",131,5338,2,49
"2020-08-03","PY","Paraguay","AMRO",147,5485,3,52
"2020-08-04","PY","Paraguay","AMRO",159,5644,0,52
"2020-08-05","PY","Paraguay","AMRO",80,5724,3,55
"2020-08-06","PY","Paraguay","AMRO",128,5852,4,59
"2020-08-07","PY","Paraguay","AMRO",208,6060,2,61
"2020-08-08","PY","Paraguay","AMRO",315,6375,5,66
"2020-08-09","PY","Paraguay","AMRO",133,6508,3,69
"2020-08-10","PY","Paraguay","AMRO",197,6705,3,72
"2020-08-11","PY","Paraguay","AMRO",202,6907,3,75
"2020-08-12","PY","Paraguay","AMRO",327,7234,7,82
"2020-08-13","PY","Paraguay","AMRO",285,7519,4,86
"2020-08-14","PY","Paraguay","AMRO",499,8018,7,93
"2020-08-15","PY","Paraguay","AMRO",371,8389,4,97
"2020-08-16","PY","Paraguay","AMRO",633,9022,11,108
"2020-08-17","PY","Paraguay","AMRO",359,9381,19,127
"2020-08-18","PY","Paraguay","AMRO",410,9791,11,138
"2020-08-19","PY","Paraguay","AMRO",344,10135,7,145
"2020-08-20","PY","Paraguay","AMRO",471,10606,16,161
"2020-08-21","PY","Paraguay","AMRO",527,11133,4,165
"2020-08-22","PY","Paraguay","AMRO",684,11817,5,170
"2020-08-23","PY","Paraguay","AMRO",719,12536,12,182
"2020-08-24","PY","Paraguay","AMRO",438,12974,10,192
"2020-08-25","PY","Paraguay","AMRO",259,13233,13,205
"2020-08-26","PY","Paraguay","AMRO",369,13602,14,219
"2020-08-27","PY","Paraguay","AMRO",626,14228,12,231
"2020-08-28","PY","Paraguay","AMRO",644,14872,16,247
"2020-08-29","PY","Paraguay","AMRO",418,15290,18,265
"2020-08-30","PY","Paraguay","AMRO",584,15874,15,280
"2020-08-31","PY","Paraguay","AMRO",600,16474,14,294
"2020-09-01","PY","Paraguay","AMRO",631,17105,14,308
"2020-09-02","PY","Paraguay","AMRO",557,17662,18,326
"2020-09-03","PY","Paraguay","AMRO",676,18338,22,348
"2020-09-04","PY","Paraguay","AMRO",800,19138,10,358
"2020-09-05","PY","Paraguay","AMRO",821,19959,15,373
"2020-09-06","PY","Paraguay","AMRO",695,20654,25,398
"2020-09-07","PY","Paraguay","AMRO",1217,21871,14,412
"2020-09-08","PY","Paraguay","AMRO",615,22486,23,435
"2020-09-09","PY","Paraguay","AMRO",867,23353,14,449
"2020-09-10","PY","Paraguay","AMRO",861,24214,14,463
"2020-09-11","PY","Paraguay","AMRO",812,25026,11,474
"2020-09-12","PY","Paraguay","AMRO",605,25631,11,485
"2020-09-13","PY","Paraguay","AMRO",881,26512,11,496
"2020-09-14","PY","Paraguay","AMRO",812,27324,18,514
"2020-09-15","PY","Paraguay","AMRO",493,27817,11,525
"2020-09-16","PY","Paraguay","AMRO",670,28487,14,539
"2020-09-17","PY","Paraguay","AMRO",811,29298,13,552
"2020-09-18","PY","Paraguay","AMRO",1121,30419,14,566
"2020-09-19","PY","Paraguay","AMRO",694,31113,18,584
"2020-09-20","PY","Paraguay","AMRO",1014,32127,27,611
"2020-09-21","PY","Paraguay","AMRO",888,33015,25,636
"2020-09-22","PY","Paraguay","AMRO",505,33520,23,659
"2020-09-23","PY","Paraguay","AMRO",740,34260,17,676
"2020-09-24","PY","Paraguay","AMRO",568,34828,29,705
"2020-09-25","PY","Paraguay","AMRO",743,35571,22,727
"2020-09-26","PY","Paraguay","AMRO",833,36404,16,743
"2020-09-27","PY","Paraguay","AMRO",822,37226,18,761
"2020-09-28","PY","Paraguay","AMRO",696,37922,21,782
"2020-09-29","PY","Paraguay","AMRO",762,38684,21,803
"2020-09-30","PY","Paraguay","AMRO",748,39432,15,818
"2020-10-01","PY","Paraguay","AMRO",669,40101,23,841
"2020-10-02","PY","Paraguay","AMRO",657,40758,16,857
"2020-10-03","PY","Paraguay","AMRO",1041,41799,12,869
"2020-10-04","PY","Paraguay","AMRO",885,42684,21,890
"2020-10-05","PY","Paraguay","AMRO",768,43452,23,913
"2020-10-06","PY","Paraguay","AMRO",730,44182,16,929
"2020-10-07","PY","Paraguay","AMRO",533,44715,18,947
"2020-10-08","PY","Paraguay","AMRO",932,45647,19,966
"2020-10-09","PY","Paraguay","AMRO",788,46435,23,989
"2020-10-10","PY","Paraguay","AMRO",881,47316,23,1012
"2020-10-11","PY","Paraguay","AMRO",959,48275,33,1045
"2020-10-12","PY","Paraguay","AMRO",703,48978,20,1065
"2020-10-13","PY","Paraguay","AMRO",697,49675,12,1077
"2020-10-14","PY","Paraguay","AMRO",669,50344,19,1096
"2020-10-15","PY","Paraguay","AMRO",853,51197,12,1108
"2020-10-16","PY","Paraguay","AMRO",648,51845,23,1131
"2020-10-17","PY","Paraguay","AMRO",751,52596,19,1150
"2020-10-18","PY","Paraguay","AMRO",886,53482,16,1166
"2020-10-19","PY","Paraguay","AMRO",533,54015,13,1179
"2020-10-20","PY","Paraguay","AMRO",709,54724,9,1188
"2020-10-21","PY","Paraguay","AMRO",728,55452,19,1207
"2020-10-22","PY","Paraguay","AMRO",621,56073,24,1231
"2020-10-23","PY","Paraguay","AMRO",746,56819,19,1250
"2020-10-24","PY","Paraguay","AMRO",707,57526,17,1267
"2020-10-25","PY","Paraguay","AMRO",733,58259,11,1278
"2020-10-26","PY","Paraguay","AMRO",784,59043,15,1293
"2020-10-27","PY","Paraguay","AMRO",551,59594,16,1309
"2020-10-28","PY","Paraguay","AMRO",515,60109,24,1333
"2020-10-29","PY","Paraguay","AMRO",448,60557,14,1347
"2020-10-30","PY","Paraguay","AMRO",733,61290,12,1359
"2020-10-31","PY","Paraguay","AMRO",760,62050,14,1373
"2020-11-01","PY","Paraguay","AMRO",546,62596,14,1387
"2020-11-02","PY","Paraguay","AMRO",589,63185,17,1404
"2020-11-03","PY","Paraguay","AMRO",546,63731,14,1418
"2020-11-04","PY","Paraguay","AMRO",425,64156,11,1429
"2020-11-05","PY","Paraguay","AMRO",472,64628,12,1441
"2020-11-06","PY","Paraguay","AMRO",630,65258,13,1454
"2020-11-07","PY","Paraguay","AMRO",520,65778,8,1462
"2020-11-08","PY","Paraguay","AMRO",703,66481,10,1472
"2020-11-09","PY","Paraguay","AMRO",460,66941,7,1479
"2020-11-10","PY","Paraguay","AMRO",648,67589,11,1490
"2020-11-11","PY","Paraguay","AMRO",359,67948,12,1502
"2020-11-12","PY","Paraguay","AMRO",549,68497,14,1516
"2020-11-13","PY","Paraguay","AMRO",609,69106,16,1532
"2020-11-14","PY","Paraguay","AMRO",547,69653,11,1543
"2020-11-15","PY","Paraguay","AMRO",739,70392,13,1556
"2020-11-16","PY","Paraguay","AMRO",673,71065,13,1569
"2020-11-17","PY","Paraguay","AMRO",509,71574,18,1587
"2020-11-18","PY","Paraguay","AMRO",525,72099,15,1602
"2020-11-19","PY","Paraguay","AMRO",758,72857,11,1613
"2020-11-20","PY","Paraguay","AMRO",782,73639,11,1624
"2020-11-21","PY","Paraguay","AMRO",856,74495,12,1636
"2020-11-22","PY","Paraguay","AMRO",563,75058,11,1647
"2020-11-23","PY","Paraguay","AMRO",799,75857,5,1652
"2020-11-24","PY","Paraguay","AMRO",619,76476,5,1657
"2020-11-25","PY","Paraguay","AMRO",596,77072,8,1665
"2020-11-26","PY","Paraguay","AMRO",819,77891,12,1677
"2020-11-27","PY","Paraguay","AMRO",987,78878,14,1691
"2020-11-28","PY","Paraguay","AMRO",639,79517,13,1704
"2020-11-29","PY","Paraguay","AMRO",919,80436,16,1720
"2020-11-30","PY","Paraguay","AMRO",695,81131,11,1731
"2020-12-01","PY","Paraguay","AMRO",775,81906,12,1743
"2020-12-02","PY","Paraguay","AMRO",518,82424,13,1756
"2020-12-03","PY","Paraguay","AMRO",1055,83479,15,1771
"2020-12-04","PY","Paraguay","AMRO",1003,84482,12,1783
"2020-12-05","PY","Paraguay","AMRO",995,85477,13,1796
"2020-12-06","PY","Paraguay","AMRO",1022,86499,17,1813
"2020-12-07","PY","Paraguay","AMRO",714,87213,20,1833
"2020-12-08","PY","Paraguay","AMRO",707,87920,20,1853
"2020-12-09","PY","Paraguay","AMRO",803,88723,19,1872
"2020-12-10","PY","Paraguay","AMRO",698,89421,15,1887
"2020-12-11","PY","Paraguay","AMRO",725,90146,14,1901
"2020-12-12","PY","Paraguay","AMRO",812,90958,13,1914
