"Fecha_de_reporte","Codigo_pais","Paises","Region","Casos_nuevos","Casos_acumulados","defunciones_nuevas","defunciones_acumuladas"
"2020-01-03","PE","Peru","AMRO",0,0,0,0
"2020-01-04","PE","Peru","AMRO",0,0,0,0
"2020-01-05","PE","Peru","AMRO",0,0,0,0
"2020-01-06","PE","Peru","AMRO",0,0,0,0
"2020-01-07","PE","Peru","AMRO",0,0,0,0
"2020-01-08","PE","Peru","AMRO",0,0,0,0
"2020-01-09","PE","Peru","AMRO",0,0,0,0
"2020-01-10","PE","Peru","AMRO",0,0,0,0
"2020-01-11","PE","Peru","AMRO",0,0,0,0
"2020-01-12","PE","Peru","AMRO",0,0,0,0
"2020-01-13","PE","Peru","AMRO",0,0,0,0
"2020-01-14","PE","Peru","AMRO",0,0,0,0
"2020-01-15","PE","Peru","AMRO",0,0,0,0
"2020-01-16","PE","Peru","AMRO",0,0,0,0
"2020-01-17","PE","Peru","AMRO",0,0,0,0
"2020-01-18","PE","Peru","AMRO",0,0,0,0
"2020-01-19","PE","Peru","AMRO",0,0,0,0
"2020-01-20","PE","Peru","AMRO",0,0,0,0
"2020-01-21","PE","Peru","AMRO",0,0,0,0
"2020-01-22","PE","Peru","AMRO",0,0,0,0
"2020-01-23","PE","Peru","AMRO",0,0,0,0
"2020-01-24","PE","Peru","AMRO",0,0,0,0
"2020-01-25","PE","Peru","AMRO",0,0,0,0
"2020-01-26","PE","Peru","AMRO",0,0,0,0
"2020-01-27","PE","Peru","AMRO",0,0,0,0
"2020-01-28","PE","Peru","AMRO",0,0,0,0
"2020-01-29","PE","Peru","AMRO",0,0,0,0
"2020-01-30","PE","Peru","AMRO",0,0,0,0
"2020-01-31","PE","Peru","AMRO",0,0,0,0
"2020-02-01","PE","Peru","AMRO",0,0,0,0
"2020-02-02","PE","Peru","AMRO",0,0,0,0
"2020-02-03","PE","Peru","AMRO",0,0,0,0
"2020-02-04","PE","Peru","AMRO",0,0,0,0
"2020-02-05","PE","Peru","AMRO",0,0,0,0
"2020-02-06","PE","Peru","AMRO",0,0,0,0
"2020-02-07","PE","Peru","AMRO",0,0,0,0
"2020-02-08","PE","Peru","AMRO",0,0,0,0
"2020-02-09","PE","Peru","AMRO",0,0,0,0
"2020-02-10","PE","Peru","AMRO",0,0,0,0
"2020-02-11","PE","Peru","AMRO",0,0,0,0
"2020-02-12","PE","Peru","AMRO",0,0,0,0
"2020-02-13","PE","Peru","AMRO",0,0,0,0
"2020-02-14","PE","Peru","AMRO",0,0,0,0
"2020-02-15","PE","Peru","AMRO",0,0,0,0
"2020-02-16","PE","Peru","AMRO",0,0,0,0
"2020-02-17","PE","Peru","AMRO",0,0,0,0
"2020-02-18","PE","Peru","AMRO",0,0,0,0
"2020-02-19","PE","Peru","AMRO",0,0,0,0
"2020-02-20","PE","Peru","AMRO",0,0,0,0
"2020-02-21","PE","Peru","AMRO",0,0,0,0
"2020-02-22","PE","Peru","AMRO",0,0,0,0
"2020-02-23","PE","Peru","AMRO",0,0,0,0
"2020-02-24","PE","Peru","AMRO",0,0,0,0
"2020-02-25","PE","Peru","AMRO",0,0,0,0
"2020-02-26","PE","Peru","AMRO",0,0,0,0
"2020-02-27","PE","Peru","AMRO",0,0,0,0
"2020-02-28","PE","Peru","AMRO",0,0,0,0
"2020-02-29","PE","Peru","AMRO",0,0,0,0
"2020-03-01","PE","Peru","AMRO",0,0,0,0
"2020-03-02","PE","Peru","AMRO",0,0,0,0
"2020-03-03","PE","Peru","AMRO",0,0,0,0
"2020-03-04","PE","Peru","AMRO",0,0,0,0
"2020-03-05","PE","Peru","AMRO",0,0,0,0
"2020-03-06","PE","Peru","AMRO",0,0,0,0
"2020-03-07","PE","Peru","AMRO",10,10,0,0
"2020-03-08","PE","Peru","AMRO",0,10,0,0
"2020-03-09","PE","Peru","AMRO",1,11,0,0
"2020-03-10","PE","Peru","AMRO",2,13,0,0
"2020-03-11","PE","Peru","AMRO",2,15,0,0
"2020-03-12","PE","Peru","AMRO",6,21,0,0
"2020-03-13","PE","Peru","AMRO",5,26,0,0
"2020-03-14","PE","Peru","AMRO",6,32,0,0
"2020-03-15","PE","Peru","AMRO",15,47,0,0
"2020-03-16","PE","Peru","AMRO",28,75,0,0
"2020-03-17","PE","Peru","AMRO",15,90,0,0
"2020-03-18","PE","Peru","AMRO",59,149,0,0
"2020-03-19","PE","Peru","AMRO",85,234,0,0
"2020-03-20","PE","Peru","AMRO",0,234,2,2
"2020-03-21","PE","Peru","AMRO",84,318,0,2
"2020-03-22","PE","Peru","AMRO",0,318,0,2
"2020-03-23","PE","Peru","AMRO",0,318,0,2
"2020-03-24","PE","Peru","AMRO",98,416,3,5
"2020-03-25","PE","Peru","AMRO",0,416,0,5
"2020-03-26","PE","Peru","AMRO",164,580,4,9
"2020-03-27","PE","Peru","AMRO",0,580,0,9
"2020-03-28","PE","Peru","AMRO",0,580,0,9
"2020-03-29","PE","Peru","AMRO",55,635,2,11
"2020-03-30","PE","Peru","AMRO",36,671,0,11
"2020-03-31","PE","Peru","AMRO",181,852,0,11
"2020-04-01","PE","Peru","AMRO",213,1065,13,24
"2020-04-02","PE","Peru","AMRO",258,1323,0,24
"2020-04-03","PE","Peru","AMRO",0,1323,17,41
"2020-04-04","PE","Peru","AMRO",91,1414,10,51
"2020-04-05","PE","Peru","AMRO",181,1595,10,61
"2020-04-06","PE","Peru","AMRO",151,1746,12,73
"2020-04-07","PE","Peru","AMRO",535,2281,10,83
"2020-04-08","PE","Peru","AMRO",280,2561,9,92
"2020-04-09","PE","Peru","AMRO",393,2954,15,107
"2020-04-10","PE","Peru","AMRO",1388,4342,14,121
"2020-04-11","PE","Peru","AMRO",914,5256,17,138
"2020-04-12","PE","Peru","AMRO",641,5897,31,169
"2020-04-13","PE","Peru","AMRO",951,6848,12,181
"2020-04-14","PE","Peru","AMRO",671,7519,12,193
"2020-04-15","PE","Peru","AMRO",0,7519,0,193
"2020-04-16","PE","Peru","AMRO",2784,10303,37,230
"2020-04-17","PE","Peru","AMRO",1172,11475,24,254
"2020-04-18","PE","Peru","AMRO",2014,13489,46,300
"2020-04-19","PE","Peru","AMRO",0,13489,0,300
"2020-04-20","PE","Peru","AMRO",931,14420,48,348
"2020-04-21","PE","Peru","AMRO",1208,15628,52,400
"2020-04-22","PE","Peru","AMRO",697,16325,45,445
"2020-04-23","PE","Peru","AMRO",1512,17837,39,484
"2020-04-24","PE","Peru","AMRO",1413,19250,46,530
"2020-04-25","PE","Peru","AMRO",1664,20914,42,572
"2020-04-26","PE","Peru","AMRO",734,21648,62,634
"2020-04-27","PE","Peru","AMRO",3683,25331,66,700
"2020-04-28","PE","Peru","AMRO",2186,27517,28,728
"2020-04-29","PE","Peru","AMRO",1182,28699,54,782
"2020-04-30","PE","Peru","AMRO",2491,31190,72,854
"2020-05-01","PE","Peru","AMRO",2741,33931,89,943
"2020-05-02","PE","Peru","AMRO",3045,36976,108,1051
"2020-05-03","PE","Peru","AMRO",3483,40459,73,1124
"2020-05-04","PE","Peru","AMRO",2075,42534,76,1200
"2020-05-05","PE","Peru","AMRO",3394,45928,86,1286
"2020-05-06","PE","Peru","AMRO",1444,47372,58,1344
"2020-05-07","PE","Peru","AMRO",3817,51189,100,1444
"2020-05-08","PE","Peru","AMRO",3628,54817,89,1533
"2020-05-09","PE","Peru","AMRO",3709,58526,94,1627
"2020-05-10","PE","Peru","AMRO",3321,61847,87,1714
"2020-05-11","PE","Peru","AMRO",3168,65015,100,1814
"2020-05-12","PE","Peru","AMRO",2292,67307,75,1889
"2020-05-13","PE","Peru","AMRO",1515,68822,72,1961
"2020-05-14","PE","Peru","AMRO",3237,72059,96,2057
"2020-05-15","PE","Peru","AMRO",4247,76306,112,2169
"2020-05-16","PE","Peru","AMRO",4298,80604,98,2267
"2020-05-17","PE","Peru","AMRO",3891,84495,125,2392
"2020-05-18","PE","Peru","AMRO",4046,88541,131,2523
"2020-05-19","PE","Peru","AMRO",3732,92273,125,2648
"2020-05-20","PE","Peru","AMRO",2660,94933,141,2789
"2020-05-21","PE","Peru","AMRO",4550,99483,125,2914
"2020-05-22","PE","Peru","AMRO",4537,104020,110,3024
"2020-05-23","PE","Peru","AMRO",4749,108769,124,3148
"2020-05-24","PE","Peru","AMRO",2929,111698,96,3244
"2020-05-25","PE","Peru","AMRO",4056,115754,129,3373
"2020-05-26","PE","Peru","AMRO",4205,119959,83,3456
"2020-05-27","PE","Peru","AMRO",4020,123979,173,3629
"2020-05-28","PE","Peru","AMRO",5772,129751,159,3788
"2020-05-29","PE","Peru","AMRO",6154,135905,195,3983
"2020-05-30","PE","Peru","AMRO",5874,141779,116,4099
"2020-05-31","PE","Peru","AMRO",6506,148285,131,4230
"2020-06-01","PE","Peru","AMRO",7386,155671,141,4371
"2020-06-02","PE","Peru","AMRO",8805,164476,135,4506
"2020-06-03","PE","Peru","AMRO",5563,170039,128,4634
"2020-06-04","PE","Peru","AMRO",4845,174884,133,4767
"2020-06-05","PE","Peru","AMRO",4030,178914,127,4894
"2020-06-06","PE","Peru","AMRO",4284,183198,137,5031
"2020-06-07","PE","Peru","AMRO",4202,187400,131,5162
"2020-06-08","PE","Peru","AMRO",4358,191758,139,5301
"2020-06-09","PE","Peru","AMRO",4757,196515,164,5465
"2020-06-10","PE","Peru","AMRO",3181,199696,106,5571
"2020-06-11","PE","Peru","AMRO",4040,203736,167,5738
"2020-06-12","PE","Peru","AMRO",5087,208823,165,5903
"2020-06-13","PE","Peru","AMRO",5965,214788,206,6109
"2020-06-14","PE","Peru","AMRO",5961,220749,199,6308
"2020-06-15","PE","Peru","AMRO",4383,225132,190,6498
"2020-06-16","PE","Peru","AMRO",4604,229736,190,6688
"2020-06-17","PE","Peru","AMRO",3256,232992,172,6860
"2020-06-18","PE","Peru","AMRO",4164,237156,196,7056
"2020-06-19","PE","Peru","AMRO",3752,240908,201,7257
"2020-06-20","PE","Peru","AMRO",3480,244388,204,7461
"2020-06-21","PE","Peru","AMRO",3537,247925,199,7660
"2020-06-22","PE","Peru","AMRO",3413,251338,201,7861
"2020-06-23","PE","Peru","AMRO",3598,254936,184,8045
"2020-06-24","PE","Peru","AMRO",2511,257447,178,8223
"2020-06-25","PE","Peru","AMRO",3363,260810,181,8404
"2020-06-26","PE","Peru","AMRO",3879,264689,182,8586
"2020-06-27","PE","Peru","AMRO",3913,268602,175,8761
"2020-06-28","PE","Peru","AMRO",3762,272364,178,8939
"2020-06-29","PE","Peru","AMRO",3625,275989,196,9135
"2020-06-30","PE","Peru","AMRO",3430,279419,182,9317
"2020-07-01","PE","Peru","AMRO",2946,282365,187,9504
"2020-07-02","PE","Peru","AMRO",2848,285213,173,9677
"2020-07-03","PE","Peru","AMRO",3264,288477,183,9860
"2020-07-04","PE","Peru","AMRO",3527,292004,185,10045
"2020-07-05","PE","Peru","AMRO",3595,295599,181,10226
"2020-07-06","PE","Peru","AMRO",3481,299080,186,10412
"2020-07-07","PE","Peru","AMRO",3638,302718,177,10589
"2020-07-08","PE","Peru","AMRO",2985,305703,183,10772
"2020-07-09","PE","Peru","AMRO",3575,309278,180,10952
"2020-07-10","PE","Peru","AMRO",3633,312911,181,11133
"2020-07-11","PE","Peru","AMRO",3537,316448,181,11314
"2020-07-12","PE","Peru","AMRO",3198,319646,186,11500
"2020-07-13","PE","Peru","AMRO",3064,322710,182,11682
"2020-07-14","PE","Peru","AMRO",3616,326326,188,11870
"2020-07-15","PE","Peru","AMRO",3797,330123,184,12054
"2020-07-16","PE","Peru","AMRO",3744,333867,175,12229
"2020-07-17","PE","Peru","AMRO",3857,337724,188,12417
"2020-07-18","PE","Peru","AMRO",3862,341586,198,12615
"2020-07-19","PE","Peru","AMRO",3951,345537,184,12799
"2020-07-20","PE","Peru","AMRO",3963,349500,199,12998
"2020-07-21","PE","Peru","AMRO",4090,353590,189,13187
"2020-07-22","PE","Peru","AMRO",4091,357681,197,13384
"2020-07-23","PE","Peru","AMRO",4406,362087,195,13579
"2020-07-24","PE","Peru","AMRO",4463,366550,3876,17455
"2020-07-25","PE","Peru","AMRO",4546,371096,199,17654
"2020-07-26","PE","Peru","AMRO",4865,375961,189,17843
"2020-07-27","PE","Peru","AMRO",3923,379884,187,18030
"2020-07-28","PE","Peru","AMRO",4913,384797,199,18229
"2020-07-29","PE","Peru","AMRO",4920,389717,189,18418
"2020-07-30","PE","Peru","AMRO",5288,395005,194,18612
"2020-07-31","PE","Peru","AMRO",5678,400683,204,18816
"2020-08-01","PE","Peru","AMRO",6809,407492,205,19021
"2020-08-02","PE","Peru","AMRO",0,407492,0,19021
"2020-08-03","PE","Peru","AMRO",14691,422183,387,19408
"2020-08-04","PE","Peru","AMRO",6667,428850,206,19614
"2020-08-05","PE","Peru","AMRO",4250,433100,197,19811
"2020-08-06","PE","Peru","AMRO",6790,439890,196,20007
"2020-08-07","PE","Peru","AMRO",7734,447624,221,20228
"2020-08-08","PE","Peru","AMRO",7785,455409,196,20424
"2020-08-09","PE","Peru","AMRO",8466,463875,225,20649
"2020-08-10","PE","Peru","AMRO",7137,471012,195,20844
"2020-08-11","PE","Peru","AMRO",7012,478024,228,21072
"2020-08-12","PE","Peru","AMRO",5109,483133,204,21276
"2020-08-13","PE","Peru","AMRO",6547,489680,225,21501
"2020-08-14","PE","Peru","AMRO",8875,498555,212,21713
"2020-08-15","PE","Peru","AMRO",9441,507996,3935,25648
"2020-08-16","PE","Peru","AMRO",8300,516296,208,25856
"2020-08-17","PE","Peru","AMRO",9507,525803,219,26075
"2020-08-18","PE","Peru","AMRO",10143,535946,206,26281
"2020-08-19","PE","Peru","AMRO",5547,541493,200,26481
"2020-08-20","PE","Peru","AMRO",7828,549321,177,26658
"2020-08-21","PE","Peru","AMRO",9099,558420,176,26834
"2020-08-22","PE","Peru","AMRO",8639,567059,200,27034
"2020-08-23","PE","Peru","AMRO",9008,576067,211,27245
"2020-08-24","PE","Peru","AMRO",9169,585236,208,27453
"2020-08-25","PE","Peru","AMRO",9090,594326,210,27663
"2020-08-26","PE","Peru","AMRO",6112,600438,150,27813
"2020-08-27","PE","Peru","AMRO",6944,607382,188,28001
"2020-08-28","PE","Peru","AMRO",5996,613378,123,28124
"2020-08-29","PE","Peru","AMRO",8619,621997,153,28277
"2020-08-30","PE","Peru","AMRO",7964,629961,194,28471
"2020-08-31","PE","Peru","AMRO",9474,639435,136,28607
"2020-09-01","PE","Peru","AMRO",7731,647166,181,28788
"2020-09-02","PE","Peru","AMRO",4871,652037,156,28944
"2020-09-03","PE","Peru","AMRO",5092,657129,124,29068
"2020-09-04","PE","Peru","AMRO",6308,663437,191,29259
"2020-09-05","PE","Peru","AMRO",6708,670145,146,29405
"2020-09-06","PE","Peru","AMRO",6703,676848,149,29554
"2020-09-07","PE","Peru","AMRO",6854,683702,133,29687
"2020-09-08","PE","Peru","AMRO",6275,689977,151,29838
"2020-09-09","PE","Peru","AMRO",1598,691575,138,29976
"2020-09-10","PE","Peru","AMRO",4615,696190,147,30123
"2020-09-11","PE","Peru","AMRO",6586,702776,113,30236
"2020-09-12","PE","Peru","AMRO",7291,710067,108,30344
"2020-09-13","PE","Peru","AMRO",6603,716670,126,30470
"2020-09-14","PE","Peru","AMRO",6162,722832,123,30593
"2020-09-15","PE","Peru","AMRO",6787,729619,117,30710
"2020-09-16","PE","Peru","AMRO",4241,733860,102,30812
"2020-09-17","PE","Peru","AMRO",4160,738020,115,30927
"2020-09-18","PE","Peru","AMRO",6380,744400,124,31051
"2020-09-19","PE","Peru","AMRO",5698,750098,95,31146
"2020-09-20","PE","Peru","AMRO",6314,756412,137,31283
"2020-09-21","PE","Peru","AMRO",6453,762865,86,31369
"2020-09-22","PE","Peru","AMRO",6030,768895,0,31369
"2020-09-23","PE","Peru","AMRO",4001,772896,105,31474
"2020-09-24","PE","Peru","AMRO",3650,776546,94,31568
"2020-09-25","PE","Peru","AMRO",6149,782695,302,31870
"2020-09-26","PE","Peru","AMRO",6235,788930,68,31938
"2020-09-27","PE","Peru","AMRO",5654,794584,99,32037
"2020-09-28","PE","Peru","AMRO",5558,800142,105,32142
"2020-09-29","PE","Peru","AMRO",5160,805302,120,32262
"2020-09-30","PE","Peru","AMRO",3412,808714,62,32324
"2020-10-01","PE","Peru","AMRO",3054,811768,72,32396
"2020-10-02","PE","Peru","AMRO",3061,814829,67,32463
"2020-10-03","PE","Peru","AMRO",3468,818297,72,32535
"2020-10-04","PE","Peru","AMRO",3267,821564,74,32609
"2020-10-05","PE","Peru","AMRO",3421,824985,56,32665
"2020-10-06","PE","Peru","AMRO",3184,828169,77,32742
"2020-10-07","PE","Peru","AMRO",1830,829999,92,32834
"2020-10-08","PE","Peru","AMRO",2930,832929,80,32914
"2020-10-09","PE","Peru","AMRO",2733,835662,95,33009
"2020-10-10","PE","Peru","AMRO",2952,838614,89,33098
"2020-10-11","PE","Peru","AMRO",4741,843355,60,33158
"2020-10-12","PE","Peru","AMRO",2733,846088,65,33223
"2020-10-13","PE","Peru","AMRO",3283,849371,82,33305
"2020-10-14","PE","Peru","AMRO",1800,851171,52,33357
"2020-10-15","PE","Peru","AMRO",2803,853974,62,33419
"2020-10-16","PE","Peru","AMRO",2977,856951,93,33512
"2020-10-17","PE","Peru","AMRO",2789,859740,65,33577
"2020-10-18","PE","Peru","AMRO",2677,862417,71,33648
"2020-10-19","PE","Peru","AMRO",3132,865549,54,33702
"2020-10-20","PE","Peru","AMRO",3126,868675,57,33759
"2020-10-21","PE","Peru","AMRO",2201,870876,61,33820
"2020-10-22","PE","Peru","AMRO",3242,874118,55,33875
"2020-10-23","PE","Peru","AMRO",2767,876885,62,33937
"2020-10-24","PE","Peru","AMRO",2991,879876,47,33984
"2020-10-25","PE","Peru","AMRO",3240,883116,49,34033
"2020-10-26","PE","Peru","AMRO",3098,886214,62,34095
"2020-10-27","PE","Peru","AMRO",2501,888715,54,34149
"2020-10-28","PE","Peru","AMRO",1859,890574,48,34197
"2020-10-29","PE","Peru","AMRO",1923,892497,60,34257
"2020-10-30","PE","Peru","AMRO",2431,894928,58,34315
"2020-10-31","PE","Peru","AMRO",2666,897594,47,34362
"2020-11-01","PE","Peru","AMRO",2586,900180,49,34411
"2020-11-02","PE","Peru","AMRO",2323,902503,65,34476
"2020-11-03","PE","Peru","AMRO",2408,904911,53,34529
"2020-11-04","PE","Peru","AMRO",1634,906545,56,34585
"2020-11-05","PE","Peru","AMRO",2357,908902,38,34623
"2020-11-06","PE","Peru","AMRO",2885,911787,48,34671
"2020-11-07","PE","Peru","AMRO",2935,914722,59,34730
"2020-11-08","PE","Peru","AMRO",2781,917503,53,34783
"2020-11-09","PE","Peru","AMRO",2507,920010,57,34840
"2020-11-10","PE","Peru","AMRO",2323,922333,39,34879
"2020-11-11","PE","Peru","AMRO",1194,923527,64,34943
"2020-11-12","PE","Peru","AMRO",1904,925431,49,34992
"2020-11-13","PE","Peru","AMRO",2575,928006,39,35031
"2020-11-14","PE","Peru","AMRO",2231,930237,36,35067
"2020-11-15","PE","Peru","AMRO",2413,932650,39,35106
"2020-11-16","PE","Peru","AMRO",2249,934899,71,35177
"2020-11-17","PE","Peru","AMRO",2112,937011,54,35231
"2020-11-18","PE","Peru","AMRO",1257,938268,40,35271
"2020-11-19","PE","Peru","AMRO",1663,939931,46,35317
"2020-11-20","PE","Peru","AMRO",2020,941951,85,35402
"2020-11-21","PE","Peru","AMRO",1966,943917,44,35446
"2020-11-22","PE","Peru","AMRO",2170,946087,38,35484
"2020-11-23","PE","Peru","AMRO",1994,948081,65,35549
"2020-11-24","PE","Peru","AMRO",1589,949670,46,35595
"2020-11-25","PE","Peru","AMRO",887,950557,46,35641
"2020-11-26","PE","Peru","AMRO",1882,952439,44,35685
"2020-11-27","PE","Peru","AMRO",2020,954459,42,35727
"2020-11-28","PE","Peru","AMRO",1888,956347,58,35785
"2020-11-29","PE","Peru","AMRO",1977,958324,54,35839
"2020-11-30","PE","Peru","AMRO",2044,960368,40,35879
"2020-12-01","PE","Peru","AMRO",2162,962530,44,35923
"2020-12-02","PE","Peru","AMRO",1075,963605,43,35966
"2020-12-03","PE","Peru","AMRO",1623,965228,65,36031
"2020-12-04","PE","Peru","AMRO",1847,967075,45,36076
"2020-12-05","PE","Peru","AMRO",1771,968846,28,36104
"2020-12-06","PE","Peru","AMRO",2014,970860,91,36195
"2020-12-07","PE","Peru","AMRO",1828,972688,36,36231
"2020-12-08","PE","Peru","AMRO",1224,973912,43,36274
"2020-12-09","PE","Peru","AMRO",1204,975116,50,36324
"2020-12-10","PE","Peru","AMRO",1505,976621,77,36401
"2020-12-11","PE","Peru","AMRO",691,977312,54,36455
"2020-12-12","PE","Peru","AMRO",1799,979111,44,36499
