"Fecha_de_reporte","Codigo_pais","Paises","Region","Casos_nuevos","Casos_acumulados","defunciones_nuevas","defunciones_acumuladas"
"2020-01-03","PH","Philippines","WPRO",0,0,0,0
"2020-01-04","PH","Philippines","WPRO",0,0,0,0
"2020-01-05","PH","Philippines","WPRO",0,0,0,0
"2020-01-06","PH","Philippines","WPRO",0,0,0,0
"2020-01-07","PH","Philippines","WPRO",0,0,0,0
"2020-01-08","PH","Philippines","WPRO",0,0,0,0
"2020-01-09","PH","Philippines","WPRO",0,0,0,0
"2020-01-10","PH","Philippines","WPRO",0,0,0,0
"2020-01-11","PH","Philippines","WPRO",0,0,0,0
"2020-01-12","PH","Philippines","WPRO",0,0,0,0
"2020-01-13","PH","Philippines","WPRO",0,0,0,0
"2020-01-14","PH","Philippines","WPRO",0,0,0,0
"2020-01-15","PH","Philippines","WPRO",0,0,0,0
"2020-01-16","PH","Philippines","WPRO",0,0,0,0
"2020-01-17","PH","Philippines","WPRO",0,0,0,0
"2020-01-18","PH","Philippines","WPRO",0,0,0,0
"2020-01-19","PH","Philippines","WPRO",0,0,0,0
"2020-01-20","PH","Philippines","WPRO",0,0,0,0
"2020-01-21","PH","Philippines","WPRO",0,0,0,0
"2020-01-22","PH","Philippines","WPRO",0,0,0,0
"2020-01-23","PH","Philippines","WPRO",0,0,0,0
"2020-01-24","PH","Philippines","WPRO",0,0,0,0
"2020-01-25","PH","Philippines","WPRO",0,0,0,0
"2020-01-26","PH","Philippines","WPRO",0,0,0,0
"2020-01-27","PH","Philippines","WPRO",0,0,0,0
"2020-01-28","PH","Philippines","WPRO",0,0,0,0
"2020-01-29","PH","Philippines","WPRO",0,0,0,0
"2020-01-30","PH","Philippines","WPRO",5,5,0,0
"2020-01-31","PH","Philippines","WPRO",0,5,0,0
"2020-02-01","PH","Philippines","WPRO",1,6,0,0
"2020-02-02","PH","Philippines","WPRO",0,6,1,1
"2020-02-03","PH","Philippines","WPRO",0,6,0,1
"2020-02-04","PH","Philippines","WPRO",1,7,0,1
"2020-02-05","PH","Philippines","WPRO",0,7,0,1
"2020-02-06","PH","Philippines","WPRO",0,7,0,1
"2020-02-07","PH","Philippines","WPRO",0,7,0,1
"2020-02-08","PH","Philippines","WPRO",0,7,0,1
"2020-02-09","PH","Philippines","WPRO",0,7,0,1
"2020-02-10","PH","Philippines","WPRO",0,7,0,1
"2020-02-11","PH","Philippines","WPRO",0,7,0,1
"2020-02-12","PH","Philippines","WPRO",0,7,0,1
"2020-02-13","PH","Philippines","WPRO",0,7,0,1
"2020-02-14","PH","Philippines","WPRO",0,7,0,1
"2020-02-15","PH","Philippines","WPRO",0,7,0,1
"2020-02-16","PH","Philippines","WPRO",0,7,0,1
"2020-02-17","PH","Philippines","WPRO",0,7,0,1
"2020-02-18","PH","Philippines","WPRO",0,7,0,1
"2020-02-19","PH","Philippines","WPRO",0,7,0,1
"2020-02-20","PH","Philippines","WPRO",0,7,0,1
"2020-02-21","PH","Philippines","WPRO",0,7,0,1
"2020-02-22","PH","Philippines","WPRO",0,7,0,1
"2020-02-23","PH","Philippines","WPRO",0,7,0,1
"2020-02-24","PH","Philippines","WPRO",0,7,0,1
"2020-02-25","PH","Philippines","WPRO",0,7,0,1
"2020-02-26","PH","Philippines","WPRO",0,7,0,1
"2020-02-27","PH","Philippines","WPRO",0,7,0,1
"2020-02-28","PH","Philippines","WPRO",0,7,0,1
"2020-02-29","PH","Philippines","WPRO",0,7,0,1
"2020-03-01","PH","Philippines","WPRO",0,7,0,1
"2020-03-02","PH","Philippines","WPRO",0,7,0,1
"2020-03-03","PH","Philippines","WPRO",0,7,0,1
"2020-03-04","PH","Philippines","WPRO",0,7,0,1
"2020-03-05","PH","Philippines","WPRO",0,7,0,1
"2020-03-06","PH","Philippines","WPRO",2,9,0,1
"2020-03-07","PH","Philippines","WPRO",1,10,0,1
"2020-03-08","PH","Philippines","WPRO",4,14,0,1
"2020-03-09","PH","Philippines","WPRO",14,28,0,1
"2020-03-10","PH","Philippines","WPRO",9,37,0,1
"2020-03-11","PH","Philippines","WPRO",16,53,0,1
"2020-03-12","PH","Philippines","WPRO",3,56,1,2
"2020-03-13","PH","Philippines","WPRO",0,56,0,2
"2020-03-14","PH","Philippines","WPRO",12,68,0,2
"2020-03-15","PH","Philippines","WPRO",76,144,10,12
"2020-03-16","PH","Philippines","WPRO",2,146,0,12
"2020-03-17","PH","Philippines","WPRO",45,191,0,12
"2020-03-18","PH","Philippines","WPRO",0,191,2,14
"2020-03-19","PH","Philippines","WPRO",26,217,3,17
"2020-03-20","PH","Philippines","WPRO",13,230,1,18
"2020-03-21","PH","Philippines","WPRO",77,307,1,19
"2020-03-22","PH","Philippines","WPRO",73,380,6,25
"2020-03-23","PH","Philippines","WPRO",16,396,8,33
"2020-03-24","PH","Philippines","WPRO",66,462,0,33
"2020-03-25","PH","Philippines","WPRO",174,636,5,38
"2020-03-26","PH","Philippines","WPRO",71,707,7,45
"2020-03-27","PH","Philippines","WPRO",0,707,0,45
"2020-03-28","PH","Philippines","WPRO",368,1075,23,68
"2020-03-29","PH","Philippines","WPRO",0,1075,0,68
"2020-03-30","PH","Philippines","WPRO",471,1546,10,78
"2020-03-31","PH","Philippines","WPRO",0,1546,0,78
"2020-04-01","PH","Philippines","WPRO",765,2311,18,96
"2020-04-02","PH","Philippines","WPRO",0,2311,0,96
"2020-04-03","PH","Philippines","WPRO",322,2633,11,107
"2020-04-04","PH","Philippines","WPRO",385,3018,29,136
"2020-04-05","PH","Philippines","WPRO",76,3094,8,144
"2020-04-06","PH","Philippines","WPRO",152,3246,8,152
"2020-04-07","PH","Philippines","WPRO",414,3660,11,163
"2020-04-08","PH","Philippines","WPRO",210,3870,19,182
"2020-04-09","PH","Philippines","WPRO",206,4076,21,203
"2020-04-10","PH","Philippines","WPRO",0,4076,0,203
"2020-04-11","PH","Philippines","WPRO",352,4428,44,247
"2020-04-12","PH","Philippines","WPRO",220,4648,50,297
"2020-04-13","PH","Philippines","WPRO",284,4932,18,315
"2020-04-14","PH","Philippines","WPRO",291,5223,20,335
"2020-04-15","PH","Philippines","WPRO",0,5223,0,335
"2020-04-16","PH","Philippines","WPRO",437,5660,27,362
"2020-04-17","PH","Philippines","WPRO",0,5660,0,362
"2020-04-18","PH","Philippines","WPRO",218,5878,25,387
"2020-04-19","PH","Philippines","WPRO",209,6087,10,397
"2020-04-20","PH","Philippines","WPRO",172,6259,12,409
"2020-04-21","PH","Philippines","WPRO",200,6459,19,428
"2020-04-22","PH","Philippines","WPRO",140,6599,9,437
"2020-04-23","PH","Philippines","WPRO",111,6710,9,446
"2020-04-24","PH","Philippines","WPRO",271,6981,16,462
"2020-04-25","PH","Philippines","WPRO",211,7192,15,477
"2020-04-26","PH","Philippines","WPRO",102,7294,17,494
"2020-04-27","PH","Philippines","WPRO",285,7579,7,501
"2020-04-28","PH","Philippines","WPRO",198,7777,10,511
"2020-04-29","PH","Philippines","WPRO",181,7958,19,530
"2020-04-30","PH","Philippines","WPRO",254,8212,28,558
"2020-05-01","PH","Philippines","WPRO",276,8488,10,568
"2020-05-02","PH","Philippines","WPRO",284,8772,11,579
"2020-05-03","PH","Philippines","WPRO",156,8928,24,603
"2020-05-04","PH","Philippines","WPRO",295,9223,4,607
"2020-05-05","PH","Philippines","WPRO",262,9485,16,623
"2020-05-06","PH","Philippines","WPRO",199,9684,14,637
"2020-05-07","PH","Philippines","WPRO",320,10004,21,658
"2020-05-08","PH","Philippines","WPRO",339,10343,27,685
"2020-05-09","PH","Philippines","WPRO",120,10463,11,696
"2020-05-10","PH","Philippines","WPRO",147,10610,8,704
"2020-05-11","PH","Philippines","WPRO",184,10794,15,719
"2020-05-12","PH","Philippines","WPRO",292,11086,7,726
"2020-05-13","PH","Philippines","WPRO",264,11350,25,751
"2020-05-14","PH","Philippines","WPRO",268,11618,21,772
"2020-05-15","PH","Philippines","WPRO",258,11876,18,790
"2020-05-16","PH","Philippines","WPRO",429,12305,27,817
"2020-05-17","PH","Philippines","WPRO",208,12513,7,824
"2020-05-18","PH","Philippines","WPRO",205,12718,7,831
"2020-05-19","PH","Philippines","WPRO",0,12718,0,831
"2020-05-20","PH","Philippines","WPRO",224,12942,6,837
"2020-05-21","PH","Philippines","WPRO",492,13434,9,846
"2020-05-22","PH","Philippines","WPRO",163,13597,11,857
"2020-05-23","PH","Philippines","WPRO",0,13597,0,857
"2020-05-24","PH","Philippines","WPRO",180,13777,6,863
"2020-05-25","PH","Philippines","WPRO",258,14035,5,868
"2020-05-26","PH","Philippines","WPRO",284,14319,5,873
"2020-05-27","PH","Philippines","WPRO",350,14669,13,886
"2020-05-28","PH","Philippines","WPRO",380,15049,18,904
"2020-05-29","PH","Philippines","WPRO",539,15588,17,921
"2020-05-30","PH","Philippines","WPRO",1046,16634,21,942
"2020-05-31","PH","Philippines","WPRO",1452,18086,15,957
"2020-06-01","PH","Philippines","WPRO",0,18086,0,957
"2020-06-02","PH","Philippines","WPRO",552,18638,3,960
"2020-06-03","PH","Philippines","WPRO",359,18997,6,966
"2020-06-04","PH","Philippines","WPRO",751,19748,8,974
"2020-06-05","PH","Philippines","WPRO",634,20382,10,984
"2020-06-06","PH","Philippines","WPRO",244,20626,3,987
"2020-06-07","PH","Philippines","WPRO",714,21340,7,994
"2020-06-08","PH","Philippines","WPRO",555,21895,9,1003
"2020-06-09","PH","Philippines","WPRO",579,22474,8,1011
"2020-06-10","PH","Philippines","WPRO",518,22992,6,1017
"2020-06-11","PH","Philippines","WPRO",740,23732,10,1027
"2020-06-12","PH","Philippines","WPRO",443,24175,9,1036
"2020-06-13","PH","Philippines","WPRO",612,24787,16,1052
"2020-06-14","PH","Philippines","WPRO",605,25392,22,1074
"2020-06-15","PH","Philippines","WPRO",538,25930,14,1088
"2020-06-16","PH","Philippines","WPRO",490,26420,10,1098
"2020-06-17","PH","Philippines","WPRO",361,26781,5,1103
"2020-06-18","PH","Philippines","WPRO",457,27238,5,1108
"2020-06-19","PH","Philippines","WPRO",561,27799,8,1116
"2020-06-20","PH","Philippines","WPRO",660,28459,14,1130
"2020-06-21","PH","Philippines","WPRO",941,29400,20,1150
"2020-06-22","PH","Philippines","WPRO",652,30052,19,1169
"2020-06-23","PH","Philippines","WPRO",630,30682,8,1177
"2020-06-24","PH","Philippines","WPRO",1143,31825,9,1186
"2020-06-25","PH","Philippines","WPRO",470,32295,18,1204
"2020-06-26","PH","Philippines","WPRO",774,33069,8,1212
"2020-06-27","PH","Philippines","WPRO",1004,34073,12,1224
"2020-06-28","PH","Philippines","WPRO",730,34803,12,1236
"2020-06-29","PH","Philippines","WPRO",652,35455,8,1244
"2020-06-30","PH","Philippines","WPRO",983,36438,11,1255
"2020-07-01","PH","Philippines","WPRO",1076,37514,11,1266
"2020-07-02","PH","Philippines","WPRO",997,38511,4,1270
"2020-07-03","PH","Philippines","WPRO",294,38805,4,1274
"2020-07-04","PH","Philippines","WPRO",1531,40336,6,1280
"2020-07-05","PH","Philippines","WPRO",1494,41830,10,1290
"2020-07-06","PH","Philippines","WPRO",2424,44254,7,1297
"2020-07-07","PH","Philippines","WPRO",2079,46333,6,1303
"2020-07-08","PH","Philippines","WPRO",1540,47873,6,1309
"2020-07-09","PH","Philippines","WPRO",2486,50359,5,1314
"2020-07-10","PH","Philippines","WPRO",1395,51754,4,1318
"2020-07-11","PH","Philippines","WPRO",1160,52914,42,1360
"2020-07-12","PH","Philippines","WPRO",1308,54222,12,1372
"2020-07-13","PH","Philippines","WPRO",2037,56259,162,1534
"2020-07-14","PH","Philippines","WPRO",747,57006,65,1599
"2020-07-15","PH","Philippines","WPRO",539,57545,4,1603
"2020-07-16","PH","Philippines","WPRO",1305,58850,11,1614
"2020-07-17","PH","Philippines","WPRO",2416,61266,29,1643
"2020-07-18","PH","Philippines","WPRO",1735,63001,17,1660
"2020-07-19","PH","Philippines","WPRO",2303,65304,113,1773
"2020-07-20","PH","Philippines","WPRO",2152,67456,58,1831
"2020-07-21","PH","Philippines","WPRO",1442,68898,4,1835
"2020-07-22","PH","Philippines","WPRO",1866,70764,2,1837
"2020-07-23","PH","Philippines","WPRO",1505,72269,6,1843
"2020-07-24","PH","Philippines","WPRO",2121,74390,28,1871
"2020-07-25","PH","Philippines","WPRO",2054,76444,8,1879
"2020-07-26","PH","Philippines","WPRO",1968,78412,18,1897
"2020-07-27","PH","Philippines","WPRO",2036,80448,35,1932
"2020-07-28","PH","Philippines","WPRO",1592,82040,13,1945
"2020-07-29","PH","Philippines","WPRO",1633,83673,2,1947
"2020-07-30","PH","Philippines","WPRO",1813,85486,15,1962
"2020-07-31","PH","Philippines","WPRO",3888,89374,21,1983
"2020-08-01","PH","Philippines","WPRO",3980,93354,40,2023
"2020-08-02","PH","Philippines","WPRO",4878,98232,16,2039
"2020-08-03","PH","Philippines","WPRO",4953,103185,20,2059
"2020-08-04","PH","Philippines","WPRO",3145,106330,45,2104
"2020-08-05","PH","Philippines","WPRO",6263,112593,11,2115
"2020-08-06","PH","Philippines","WPRO",3387,115980,8,2123
"2020-08-07","PH","Philippines","WPRO",3480,119460,27,2150
"2020-08-08","PH","Philippines","WPRO",3294,122754,18,2168
"2020-08-09","PH","Philippines","WPRO",4131,126885,41,2209
"2020-08-10","PH","Philippines","WPRO",3028,129913,61,2270
"2020-08-11","PH","Philippines","WPRO",6725,136638,23,2293
"2020-08-12","PH","Philippines","WPRO",2900,139538,19,2312
"2020-08-13","PH","Philippines","WPRO",4211,143749,92,2404
"2020-08-14","PH","Philippines","WPRO",3777,147526,22,2426
"2020-08-15","PH","Philippines","WPRO",6134,153660,16,2442
"2020-08-16","PH","Philippines","WPRO",4258,157918,158,2600
"2020-08-17","PH","Philippines","WPRO",3335,161253,65,2665
"2020-08-18","PH","Philippines","WPRO",3221,164474,16,2681
"2020-08-19","PH","Philippines","WPRO",4739,169213,6,2687
"2020-08-20","PH","Philippines","WPRO",4561,173774,108,2795
"2020-08-21","PH","Philippines","WPRO",4248,178022,88,2883
"2020-08-22","PH","Philippines","WPRO",4343,182365,57,2940
"2020-08-23","PH","Philippines","WPRO",4884,187249,26,2966
"2020-08-24","PH","Philippines","WPRO",2352,189601,32,2998
"2020-08-25","PH","Philippines","WPRO",4651,194252,12,3010
"2020-08-26","PH","Philippines","WPRO",2912,197164,28,3038
"2020-08-27","PH","Philippines","WPRO",5197,202361,99,3137
"2020-08-28","PH","Philippines","WPRO",3220,205581,97,3234
"2020-08-29","PH","Philippines","WPRO",3963,209544,91,3325
"2020-08-30","PH","Philippines","WPRO",3587,213131,94,3419
"2020-08-31","PH","Philippines","WPRO",4265,217396,101,3520
"2020-09-01","PH","Philippines","WPRO",3423,220819,38,3558
"2020-09-02","PH","Philippines","WPRO",3445,224264,39,3597
"2020-09-03","PH","Philippines","WPRO",2176,226440,26,3623
"2020-09-04","PH","Philippines","WPRO",1963,228403,65,3688
"2020-09-05","PH","Philippines","WPRO",3669,232072,49,3737
"2020-09-06","PH","Philippines","WPRO",2498,234570,53,3790
"2020-09-07","PH","Philippines","WPRO",2795,237365,85,3875
"2020-09-08","PH","Philippines","WPRO",1362,238727,15,3890
"2020-09-09","PH","Philippines","WPRO",3260,241987,26,3916
"2020-09-10","PH","Philippines","WPRO",3156,245143,70,3986
"2020-09-11","PH","Philippines","WPRO",3804,248947,80,4066
"2020-09-12","PH","Philippines","WPRO",4017,252964,42,4108
"2020-09-13","PH","Philippines","WPRO",4899,257863,184,4292
"2020-09-14","PH","Philippines","WPRO",3353,261216,79,4371
"2020-09-15","PH","Philippines","WPRO",4672,265888,259,4630
"2020-09-16","PH","Philippines","WPRO",3519,269407,33,4663
"2020-09-17","PH","Philippines","WPRO",3527,272934,69,4732
"2020-09-18","PH","Philippines","WPRO",3355,276289,53,4785
"2020-09-19","PH","Philippines","WPRO",3237,279526,45,4830
"2020-09-20","PH","Philippines","WPRO",3934,283460,100,4930
"2020-09-21","PH","Philippines","WPRO",3283,286743,54,4984
"2020-09-22","PH","Philippines","WPRO",3447,290190,15,4999
"2020-09-23","PH","Philippines","WPRO",1599,291789,50,5049
"2020-09-24","PH","Philippines","WPRO",2802,294591,42,5091
"2020-09-25","PH","Philippines","WPRO",2164,296755,36,5127
"2020-09-26","PH","Philippines","WPRO",2606,299361,69,5196
"2020-09-27","PH","Philippines","WPRO",1895,301256,88,5284
"2020-09-28","PH","Philippines","WPRO",2970,304226,60,5344
"2020-09-29","PH","Philippines","WPRO",3062,307288,37,5381
"2020-09-30","PH","Philippines","WPRO",2015,309303,67,5448
"2020-10-01","PH","Philippines","WPRO",2391,311694,56,5504
"2020-10-02","PH","Philippines","WPRO",2385,314079,58,5562
"2020-10-03","PH","Philippines","WPRO",2599,316678,54,5616
"2020-10-04","PH","Philippines","WPRO",2652,319330,62,5678
"2020-10-05","PH","Philippines","WPRO",3167,322497,98,5776
"2020-10-06","PH","Philippines","WPRO",2265,324762,64,5840
"2020-10-07","PH","Philippines","WPRO",2071,326833,25,5865
"2020-10-08","PH","Philippines","WPRO",2804,329637,60,5925
"2020-10-09","PH","Philippines","WPRO",2232,331869,144,6069
"2020-10-10","PH","Philippines","WPRO",2901,334770,83,6152
"2020-10-11","PH","Philippines","WPRO",2156,336926,86,6238
"2020-10-12","PH","Philippines","WPRO",2415,339341,83,6321
"2020-10-13","PH","Philippines","WPRO",3475,342816,11,6332
"2020-10-14","PH","Philippines","WPRO",1897,344713,40,6372
"2020-10-15","PH","Philippines","WPRO",1823,346536,77,6449
"2020-10-16","PH","Philippines","WPRO",2162,348698,48,6497
"2020-10-17","PH","Philippines","WPRO",3052,351750,34,6531
"2020-10-18","PH","Philippines","WPRO",2588,354338,72,6603
"2020-10-19","PH","Philippines","WPRO",2280,356618,49,6652
"2020-10-20","PH","Philippines","WPRO",2551,359169,23,6675
"2020-10-21","PH","Philippines","WPRO",1606,360775,15,6690
"2020-10-22","PH","Philippines","WPRO",1468,362243,57,6747
"2020-10-23","PH","Philippines","WPRO",1645,363888,36,6783
"2020-10-24","PH","Philippines","WPRO",1911,365799,132,6915
"2020-10-25","PH","Philippines","WPRO",2020,367819,19,6934
"2020-10-26","PH","Philippines","WPRO",2209,370028,43,6977
"2020-10-27","PH","Philippines","WPRO",1602,371630,62,7039
"2020-10-28","PH","Philippines","WPRO",1514,373144,14,7053
"2020-10-29","PH","Philippines","WPRO",2036,375180,61,7114
"2020-10-30","PH","Philippines","WPRO",1755,376935,33,7147
"2020-10-31","PH","Philippines","WPRO",1998,378933,38,7185
"2020-11-01","PH","Philippines","WPRO",1796,380729,36,7221
"2020-11-02","PH","Philippines","WPRO",2384,383113,17,7238
"2020-11-03","PH","Philippines","WPRO",2287,385400,31,7269
"2020-11-04","PH","Philippines","WPRO",1761,387161,49,7318
"2020-11-05","PH","Philippines","WPRO",976,388137,49,7367
"2020-11-06","PH","Philippines","WPRO",1588,389725,42,7409
"2020-11-07","PH","Philippines","WPRO",2084,391809,52,7461
"2020-11-08","PH","Philippines","WPRO",2152,393961,24,7485
"2020-11-09","PH","Philippines","WPRO",2434,396395,54,7539
"2020-11-10","PH","Philippines","WPRO",2054,398449,108,7647
"2020-11-11","PH","Philippines","WPRO",1300,399749,14,7661
"2020-11-12","PH","Philippines","WPRO",1667,401416,49,7710
"2020-11-13","PH","Philippines","WPRO",1404,402820,11,7721
"2020-11-14","PH","Philippines","WPRO",1893,404713,31,7752
"2020-11-15","PH","Philippines","WPRO",1624,406337,39,7791
"2020-11-16","PH","Philippines","WPRO",1501,407838,41,7832
"2020-11-17","PH","Philippines","WPRO",1736,409574,7,7839
"2020-11-18","PH","Philippines","WPRO",1144,410718,23,7862
"2020-11-19","PH","Philippines","WPRO",1379,412097,95,7957
"2020-11-20","PH","Philippines","WPRO",1333,413430,41,7998
"2020-11-21","PH","Philippines","WPRO",1637,415067,27,8025
"2020-11-22","PH","Philippines","WPRO",1785,416852,55,8080
"2020-11-23","PH","Philippines","WPRO",1966,418818,43,8123
"2020-11-24","PH","Philippines","WPRO",1796,420614,50,8173
"2020-11-25","PH","Philippines","WPRO",1108,421722,12,8185
"2020-11-26","PH","Philippines","WPRO",1193,422915,30,8215
"2020-11-27","PH","Philippines","WPRO",1382,424297,27,8242
"2020-11-28","PH","Philippines","WPRO",1621,425918,13,8255
"2020-11-29","PH","Philippines","WPRO",1879,427797,78,8333
"2020-11-30","PH","Philippines","WPRO",2067,429864,40,8373
"2020-12-01","PH","Philippines","WPRO",1766,431630,19,8392
"2020-12-02","PH","Philippines","WPRO",1295,432925,26,8418
"2020-12-03","PH","Philippines","WPRO",1432,434357,18,8436
"2020-12-04","PH","Philippines","WPRO",1056,435413,10,8446
"2020-12-05","PH","Philippines","WPRO",932,436345,63,8509
"2020-12-06","PH","Philippines","WPRO",1724,438069,17,8526
"2020-12-07","PH","Philippines","WPRO",1765,439834,28,8554
"2020-12-08","PH","Philippines","WPRO",1565,441399,18,8572
"2020-12-09","PH","Philippines","WPRO",1386,442785,98,8670
"2020-12-10","PH","Philippines","WPRO",1379,444164,7,8677
"2020-12-11","PH","Philippines","WPRO",1376,445540,24,8701
"2020-12-12","PH","Philippines","WPRO",1499,447039,8,8709
