"Fecha_de_reporte","Codigo_pais","Paises","Region","Casos_nuevos","Casos_acumulados","defunciones_nuevas","defunciones_acumuladas"
"2020-01-03","PT","Portugal","EURO",0,0,0,0
"2020-01-04","PT","Portugal","EURO",0,0,0,0
"2020-01-05","PT","Portugal","EURO",0,0,0,0
"2020-01-06","PT","Portugal","EURO",0,0,0,0
"2020-01-07","PT","Portugal","EURO",0,0,0,0
"2020-01-08","PT","Portugal","EURO",0,0,0,0
"2020-01-09","PT","Portugal","EURO",0,0,0,0
"2020-01-10","PT","Portugal","EURO",0,0,0,0
"2020-01-11","PT","Portugal","EURO",0,0,0,0
"2020-01-12","PT","Portugal","EURO",0,0,0,0
"2020-01-13","PT","Portugal","EURO",0,0,0,0
"2020-01-14","PT","Portugal","EURO",0,0,0,0
"2020-01-15","PT","Portugal","EURO",0,0,0,0
"2020-01-16","PT","Portugal","EURO",0,0,0,0
"2020-01-17","PT","Portugal","EURO",0,0,0,0
"2020-01-18","PT","Portugal","EURO",0,0,0,0
"2020-01-19","PT","Portugal","EURO",0,0,0,0
"2020-01-20","PT","Portugal","EURO",0,0,0,0
"2020-01-21","PT","Portugal","EURO",0,0,0,0
"2020-01-22","PT","Portugal","EURO",0,0,0,0
"2020-01-23","PT","Portugal","EURO",0,0,0,0
"2020-01-24","PT","Portugal","EURO",0,0,0,0
"2020-01-25","PT","Portugal","EURO",0,0,0,0
"2020-01-26","PT","Portugal","EURO",0,0,0,0
"2020-01-27","PT","Portugal","EURO",0,0,0,0
"2020-01-28","PT","Portugal","EURO",0,0,0,0
"2020-01-29","PT","Portugal","EURO",0,0,0,0
"2020-01-30","PT","Portugal","EURO",0,0,0,0
"2020-01-31","PT","Portugal","EURO",0,0,0,0
"2020-02-01","PT","Portugal","EURO",0,0,0,0
"2020-02-02","PT","Portugal","EURO",0,0,0,0
"2020-02-03","PT","Portugal","EURO",0,0,0,0
"2020-02-04","PT","Portugal","EURO",0,0,0,0
"2020-02-05","PT","Portugal","EURO",0,0,0,0
"2020-02-06","PT","Portugal","EURO",0,0,0,0
"2020-02-07","PT","Portugal","EURO",0,0,0,0
"2020-02-08","PT","Portugal","EURO",0,0,0,0
"2020-02-09","PT","Portugal","EURO",0,0,0,0
"2020-02-10","PT","Portugal","EURO",0,0,0,0
"2020-02-11","PT","Portugal","EURO",0,0,0,0
"2020-02-12","PT","Portugal","EURO",0,0,0,0
"2020-02-13","PT","Portugal","EURO",0,0,0,0
"2020-02-14","PT","Portugal","EURO",0,0,0,0
"2020-02-15","PT","Portugal","EURO",0,0,0,0
"2020-02-16","PT","Portugal","EURO",0,0,0,0
"2020-02-17","PT","Portugal","EURO",0,0,0,0
"2020-02-18","PT","Portugal","EURO",0,0,0,0
"2020-02-19","PT","Portugal","EURO",0,0,0,0
"2020-02-20","PT","Portugal","EURO",0,0,0,0
"2020-02-21","PT","Portugal","EURO",0,0,0,0
"2020-02-22","PT","Portugal","EURO",0,0,0,0
"2020-02-23","PT","Portugal","EURO",0,0,0,0
"2020-02-24","PT","Portugal","EURO",0,0,0,0
"2020-02-25","PT","Portugal","EURO",0,0,0,0
"2020-02-26","PT","Portugal","EURO",0,0,0,0
"2020-02-27","PT","Portugal","EURO",0,0,0,0
"2020-02-28","PT","Portugal","EURO",0,0,0,0
"2020-02-29","PT","Portugal","EURO",0,0,0,0
"2020-03-01","PT","Portugal","EURO",0,0,0,0
"2020-03-02","PT","Portugal","EURO",2,2,0,0
"2020-03-03","PT","Portugal","EURO",0,2,0,0
"2020-03-04","PT","Portugal","EURO",2,4,0,0
"2020-03-05","PT","Portugal","EURO",1,5,0,0
"2020-03-06","PT","Portugal","EURO",4,9,0,0
"2020-03-07","PT","Portugal","EURO",4,13,0,0
"2020-03-08","PT","Portugal","EURO",8,21,0,0
"2020-03-09","PT","Portugal","EURO",9,30,0,0
"2020-03-10","PT","Portugal","EURO",9,39,0,0
"2020-03-11","PT","Portugal","EURO",2,41,0,0
"2020-03-12","PT","Portugal","EURO",18,59,0,0
"2020-03-13","PT","Portugal","EURO",19,78,0,0
"2020-03-14","PT","Portugal","EURO",34,112,0,0
"2020-03-15","PT","Portugal","EURO",57,169,0,0
"2020-03-16","PT","Portugal","EURO",76,245,0,0
"2020-03-17","PT","Portugal","EURO",86,331,0,0
"2020-03-18","PT","Portugal","EURO",117,448,1,1
"2020-03-19","PT","Portugal","EURO",194,642,1,2
"2020-03-20","PT","Portugal","EURO",143,785,1,3
"2020-03-21","PT","Portugal","EURO",235,1020,3,6
"2020-03-22","PT","Portugal","EURO",260,1280,6,12
"2020-03-23","PT","Portugal","EURO",320,1600,2,14
"2020-03-24","PT","Portugal","EURO",460,2060,9,23
"2020-03-25","PT","Portugal","EURO",302,2362,10,33
"2020-03-26","PT","Portugal","EURO",633,2995,10,43
"2020-03-27","PT","Portugal","EURO",549,3544,17,60
"2020-03-28","PT","Portugal","EURO",724,4268,16,76
"2020-03-29","PT","Portugal","EURO",902,5170,24,100
"2020-03-30","PT","Portugal","EURO",792,5962,19,119
"2020-03-31","PT","Portugal","EURO",446,6408,21,140
"2020-04-01","PT","Portugal","EURO",1035,7443,20,160
"2020-04-02","PT","Portugal","EURO",808,8251,27,187
"2020-04-03","PT","Portugal","EURO",783,9034,22,209
"2020-04-04","PT","Portugal","EURO",852,9886,37,246
"2020-04-05","PT","Portugal","EURO",638,10524,20,266
"2020-04-06","PT","Portugal","EURO",754,11278,29,295
"2020-04-07","PT","Portugal","EURO",452,11730,16,311
"2020-04-08","PT","Portugal","EURO",712,12442,34,345
"2020-04-09","PT","Portugal","EURO",699,13141,35,380
"2020-04-10","PT","Portugal","EURO",815,13956,29,409
"2020-04-11","PT","Portugal","EURO",1516,15472,26,435
"2020-04-12","PT","Portugal","EURO",515,15987,35,470
"2020-04-13","PT","Portugal","EURO",598,16585,34,504
"2020-04-14","PT","Portugal","EURO",349,16934,31,535
"2020-04-15","PT","Portugal","EURO",514,17448,32,567
"2020-04-16","PT","Portugal","EURO",643,18091,32,599
"2020-04-17","PT","Portugal","EURO",750,18841,30,629
"2020-04-18","PT","Portugal","EURO",181,19022,28,657
"2020-04-19","PT","Portugal","EURO",663,19685,30,687
"2020-04-20","PT","Portugal","EURO",521,20206,27,714
"2020-04-21","PT","Portugal","EURO",657,20863,21,735
"2020-04-22","PT","Portugal","EURO",516,21379,27,762
"2020-04-23","PT","Portugal","EURO",603,21982,23,785
"2020-04-24","PT","Portugal","EURO",371,22353,35,820
"2020-04-25","PT","Portugal","EURO",918,23271,60,880
"2020-04-26","PT","Portugal","EURO",412,23683,23,903
"2020-04-27","PT","Portugal","EURO",163,23846,25,928
"2020-04-28","PT","Portugal","EURO",298,24144,20,948
"2020-04-29","PT","Portugal","EURO",180,24324,25,973
"2020-04-30","PT","Portugal","EURO",368,24692,16,989
"2020-05-01","PT","Portugal","EURO",295,24987,18,1007
"2020-05-02","PT","Portugal","EURO",364,25351,0,1007
"2020-05-03","PT","Portugal","EURO",-161,25190,16,1023
"2020-05-04","PT","Portugal","EURO",334,25524,40,1063
"2020-05-05","PT","Portugal","EURO",0,25524,0,1063
"2020-05-06","PT","Portugal","EURO",178,25702,11,1074
"2020-05-07","PT","Portugal","EURO",480,26182,15,1089
"2020-05-08","PT","Portugal","EURO",533,26715,16,1105
"2020-05-09","PT","Portugal","EURO",553,27268,9,1114
"2020-05-10","PT","Portugal","EURO",138,27406,12,1126
"2020-05-11","PT","Portugal","EURO",175,27581,9,1135
"2020-05-12","PT","Portugal","EURO",98,27679,9,1144
"2020-05-13","PT","Portugal","EURO",234,27913,19,1163
"2020-05-14","PT","Portugal","EURO",219,28132,12,1175
"2020-05-15","PT","Portugal","EURO",187,28319,9,1184
"2020-05-16","PT","Portugal","EURO",264,28583,6,1190
"2020-05-17","PT","Portugal","EURO",227,28810,13,1203
"2020-05-18","PT","Portugal","EURO",226,29036,15,1218
"2020-05-19","PT","Portugal","EURO",173,29209,13,1231
"2020-05-20","PT","Portugal","EURO",223,29432,16,1247
"2020-05-21","PT","Portugal","EURO",228,29660,16,1263
"2020-05-22","PT","Portugal","EURO",252,29912,14,1277
"2020-05-23","PT","Portugal","EURO",288,30200,12,1289
"2020-05-24","PT","Portugal","EURO",271,30471,13,1302
"2020-05-25","PT","Portugal","EURO",152,30623,14,1316
"2020-05-26","PT","Portugal","EURO",165,30788,14,1330
"2020-05-27","PT","Portugal","EURO",219,31007,12,1342
"2020-05-28","PT","Portugal","EURO",285,31292,14,1356
"2020-05-29","PT","Portugal","EURO",304,31596,13,1369
"2020-05-30","PT","Portugal","EURO",350,31946,14,1383
"2020-05-31","PT","Portugal","EURO",257,32203,13,1396
"2020-06-01","PT","Portugal","EURO",297,32500,14,1410
"2020-06-02","PT","Portugal","EURO",200,32700,14,1424
"2020-06-03","PT","Portugal","EURO",195,32895,12,1436
"2020-06-04","PT","Portugal","EURO",366,33261,11,1447
"2020-06-05","PT","Portugal","EURO",331,33592,8,1455
"2020-06-06","PT","Portugal","EURO",377,33969,10,1465
"2020-06-07","PT","Portugal","EURO",382,34351,9,1474
"2020-06-08","PT","Portugal","EURO",142,34493,5,1479
"2020-06-09","PT","Portugal","EURO",392,34885,6,1485
"2020-06-10","PT","Portugal","EURO",421,35306,7,1492
"2020-06-11","PT","Portugal","EURO",294,35600,3,1495
"2020-06-12","PT","Portugal","EURO",310,35910,9,1504
"2020-06-13","PT","Portugal","EURO",270,36180,1,1505
"2020-06-14","PT","Portugal","EURO",283,36463,7,1512
"2020-06-15","PT","Portugal","EURO",227,36690,5,1517
"2020-06-16","PT","Portugal","EURO",346,37036,3,1520
"2020-06-17","PT","Portugal","EURO",300,37336,2,1522
"2020-06-18","PT","Portugal","EURO",336,37672,1,1523
"2020-06-19","PT","Portugal","EURO",417,38089,1,1524
"2020-06-20","PT","Portugal","EURO",375,38464,3,1527
"2020-06-21","PT","Portugal","EURO",377,38841,1,1528
"2020-06-22","PT","Portugal","EURO",292,39133,2,1530
"2020-06-23","PT","Portugal","EURO",259,39392,4,1534
"2020-06-24","PT","Portugal","EURO",345,39737,6,1540
"2020-06-25","PT","Portugal","EURO",367,40104,3,1543
"2020-06-26","PT","Portugal","EURO",311,40415,6,1549
"2020-06-27","PT","Portugal","EURO",451,40866,6,1555
"2020-06-28","PT","Portugal","EURO",323,41189,6,1561
"2020-06-29","PT","Portugal","EURO",457,41646,3,1564
"2020-06-30","PT","Portugal","EURO",266,41912,4,1568
"2020-07-01","PT","Portugal","EURO",229,42141,8,1576
"2020-07-02","PT","Portugal","EURO",313,42454,3,1579
"2020-07-03","PT","Portugal","EURO",328,42782,8,1587
"2020-07-04","PT","Portugal","EURO",374,43156,11,1598
"2020-07-05","PT","Portugal","EURO",413,43569,7,1605
"2020-07-06","PT","Portugal","EURO",328,43897,9,1614
"2020-07-07","PT","Portugal","EURO",232,44129,6,1620
"2020-07-08","PT","Portugal","EURO",287,44416,9,1629
"2020-07-09","PT","Portugal","EURO",443,44859,2,1631
"2020-07-10","PT","Portugal","EURO",418,45277,13,1644
"2020-07-11","PT","Portugal","EURO",402,45679,2,1646
"2020-07-12","PT","Portugal","EURO",542,46221,8,1654
"2020-07-13","PT","Portugal","EURO",291,46512,6,1660
"2020-07-14","PT","Portugal","EURO",306,46818,2,1662
"2020-07-15","PT","Portugal","EURO",233,47051,6,1668
"2020-07-16","PT","Portugal","EURO",375,47426,8,1676
"2020-07-17","PT","Portugal","EURO",339,47765,3,1679
"2020-07-18","PT","Portugal","EURO",312,48077,3,1682
"2020-07-19","PT","Portugal","EURO",313,48390,2,1684
"2020-07-20","PT","Portugal","EURO",246,48636,5,1689
"2020-07-21","PT","Portugal","EURO",135,48771,2,1691
"2020-07-22","PT","Portugal","EURO",127,48898,6,1697
"2020-07-23","PT","Portugal","EURO",252,49150,5,1702
"2020-07-24","PT","Portugal","EURO",229,49379,3,1705
"2020-07-25","PT","Portugal","EURO",313,49692,7,1712
"2020-07-26","PT","Portugal","EURO",263,49955,4,1716
"2020-07-27","PT","Portugal","EURO",209,50164,1,1717
"2020-07-28","PT","Portugal","EURO",135,50299,2,1719
"2020-07-29","PT","Portugal","EURO",111,50410,3,1722
"2020-07-30","PT","Portugal","EURO",203,50613,3,1725
"2020-07-31","PT","Portugal","EURO",255,50868,2,1727
"2020-08-01","PT","Portugal","EURO",204,51072,8,1735
"2020-08-02","PT","Portugal","EURO",238,51310,2,1737
"2020-08-03","PT","Portugal","EURO",153,51463,1,1738
"2020-08-04","PT","Portugal","EURO",106,51569,0,1738
"2020-08-05","PT","Portugal","EURO",112,51681,1,1739
"2020-08-06","PT","Portugal","EURO",167,51848,1,1740
"2020-08-07","PT","Portugal","EURO",213,52061,3,1743
"2020-08-08","PT","Portugal","EURO",290,52351,3,1746
"2020-08-09","PT","Portugal","EURO",186,52537,4,1750
"2020-08-10","PT","Portugal","EURO",131,52668,6,1756
"2020-08-11","PT","Portugal","EURO",157,52825,3,1759
"2020-08-12","PT","Portugal","EURO",120,52945,2,1761
"2020-08-13","PT","Portugal","EURO",278,53223,3,1764
"2020-08-14","PT","Portugal","EURO",325,53548,6,1770
"2020-08-15","PT","Portugal","EURO",235,53783,2,1772
"2020-08-16","PT","Portugal","EURO",198,53981,3,1775
"2020-08-17","PT","Portugal","EURO",121,54102,3,1778
"2020-08-18","PT","Portugal","EURO",132,54234,1,1779
"2020-08-19","PT","Portugal","EURO",214,54448,5,1784
"2020-08-20","PT","Portugal","EURO",253,54701,2,1786
"2020-08-21","PT","Portugal","EURO",291,54992,2,1788
"2020-08-22","PT","Portugal","EURO",219,55211,4,1792
"2020-08-23","PT","Portugal","EURO",241,55452,2,1794
"2020-08-24","PT","Portugal","EURO",145,55597,2,1796
"2020-08-25","PT","Portugal","EURO",123,55720,5,1801
"2020-08-26","PT","Portugal","EURO",192,55912,4,1805
"2020-08-27","PT","Portugal","EURO",362,56274,2,1807
"2020-08-28","PT","Portugal","EURO",399,56673,2,1809
"2020-08-29","PT","Portugal","EURO",401,57074,6,1815
"2020-08-30","PT","Portugal","EURO",374,57448,3,1818
"2020-08-31","PT","Portugal","EURO",320,57768,1,1819
"2020-09-01","PT","Portugal","EURO",244,58012,3,1822
"2020-09-02","PT","Portugal","EURO",231,58243,2,1824
"2020-09-03","PT","Portugal","EURO",390,58633,3,1827
"2020-09-04","PT","Portugal","EURO",418,59051,2,1829
"2020-09-05","PT","Portugal","EURO",406,59457,4,1833
"2020-09-06","PT","Portugal","EURO",486,59943,5,1838
"2020-09-07","PT","Portugal","EURO",315,60258,2,1840
"2020-09-08","PT","Portugal","EURO",249,60507,3,1843
"2020-09-09","PT","Portugal","EURO",388,60895,3,1846
"2020-09-10","PT","Portugal","EURO",646,61541,3,1849
"2020-09-11","PT","Portugal","EURO",585,62126,3,1852
"2020-09-12","PT","Portugal","EURO",687,62813,3,1855
"2020-09-13","PT","Portugal","EURO",497,63310,5,1860
"2020-09-14","PT","Portugal","EURO",673,63983,7,1867
"2020-09-15","PT","Portugal","EURO",613,64596,4,1871
"2020-09-16","PT","Portugal","EURO",425,65021,4,1875
"2020-09-17","PT","Portugal","EURO",605,65626,3,1878
"2020-09-18","PT","Portugal","EURO",770,66396,10,1888
"2020-09-19","PT","Portugal","EURO",780,67176,6,1894
"2020-09-20","PT","Portugal","EURO",849,68025,5,1899
"2020-09-21","PT","Portugal","EURO",552,68577,13,1912
"2020-09-22","PT","Portugal","EURO",623,69200,8,1920
"2020-09-23","PT","Portugal","EURO",463,69663,5,1925
"2020-09-24","PT","Portugal","EURO",802,70465,3,1928
"2020-09-25","PT","Portugal","EURO",691,71156,3,1931
"2020-09-26","PT","Portugal","EURO",899,72055,5,1936
"2020-09-27","PT","Portugal","EURO",884,72939,8,1944
"2020-09-28","PT","Portugal","EURO",665,73604,9,1953
"2020-09-29","PT","Portugal","EURO",425,74029,4,1957
"2020-09-30","PT","Portugal","EURO",688,74717,6,1963
"2020-10-01","PT","Portugal","EURO",825,75542,8,1971
"2020-10-02","PT","Portugal","EURO",854,76396,6,1977
"2020-10-03","PT","Portugal","EURO",888,77284,6,1983
"2020-10-04","PT","Portugal","EURO",963,78247,12,1995
"2020-10-05","PT","Portugal","EURO",0,78247,0,1995
"2020-10-06","PT","Portugal","EURO",1638,79885,23,2018
"2020-10-07","PT","Portugal","EURO",427,80312,14,2032
"2020-10-08","PT","Portugal","EURO",944,81256,8,2040
"2020-10-09","PT","Portugal","EURO",1278,82534,10,2050
"2020-10-10","PT","Portugal","EURO",1394,83928,12,2062
"2020-10-11","PT","Portugal","EURO",1646,85574,5,2067
"2020-10-12","PT","Portugal","EURO",1090,86664,13,2080
"2020-10-13","PT","Portugal","EURO",1249,87913,14,2094
"2020-10-14","PT","Portugal","EURO",1208,89121,16,2110
"2020-10-15","PT","Portugal","EURO",2072,91193,7,2117
"2020-10-16","PT","Portugal","EURO",2101,93294,11,2128
"2020-10-17","PT","Portugal","EURO",2608,95902,21,2149
"2020-10-18","PT","Portugal","EURO",2153,98055,13,2162
"2020-10-19","PT","Portugal","EURO",1856,99911,19,2181
"2020-10-20","PT","Portugal","EURO",1949,101860,17,2198
"2020-10-21","PT","Portugal","EURO",1876,103736,15,2213
"2020-10-22","PT","Portugal","EURO",2535,106271,16,2229
"2020-10-23","PT","Portugal","EURO",3270,109541,16,2245
"2020-10-24","PT","Portugal","EURO",2899,112440,31,2276
"2020-10-25","PT","Portugal","EURO",3669,116109,21,2297
"2020-10-26","PT","Portugal","EURO",2577,118686,19,2316
"2020-10-27","PT","Portugal","EURO",2447,121133,27,2343
"2020-10-28","PT","Portugal","EURO",3299,124432,28,2371
"2020-10-29","PT","Portugal","EURO",3960,128392,24,2395
"2020-10-30","PT","Portugal","EURO",4224,132616,33,2428
"2020-10-31","PT","Portugal","EURO",4656,137272,40,2468
"2020-11-01","PT","Portugal","EURO",4007,141279,39,2507
"2020-11-02","PT","Portugal","EURO",3062,144341,37,2544
"2020-11-03","PT","Portugal","EURO",2506,146847,46,2590
"2020-11-04","PT","Portugal","EURO",2596,149443,45,2635
"2020-11-05","PT","Portugal","EURO",7497,156940,59,2694
"2020-11-06","PT","Portugal","EURO",4410,161350,46,2740
"2020-11-07","PT","Portugal","EURO",5550,166900,52,2792
"2020-11-08","PT","Portugal","EURO",6640,173540,56,2848
"2020-11-09","PT","Portugal","EURO",5784,179324,48,2896
"2020-11-10","PT","Portugal","EURO",4096,183420,63,2959
"2020-11-11","PT","Portugal","EURO",3817,187237,62,3021
"2020-11-12","PT","Portugal","EURO",4935,192172,82,3103
"2020-11-13","PT","Portugal","EURO",5839,198011,78,3181
"2020-11-14","PT","Portugal","EURO",6653,204664,69,3250
"2020-11-15","PT","Portugal","EURO",6602,211266,55,3305
"2020-11-16","PT","Portugal","EURO",6035,217301,76,3381
"2020-11-17","PT","Portugal","EURO",8371,225672,91,3472
"2020-11-18","PT","Portugal","EURO",4452,230124,81,3553
"2020-11-19","PT","Portugal","EURO",5891,236015,79,3632
"2020-11-20","PT","Portugal","EURO",6994,243009,69,3701
"2020-11-21","PT","Portugal","EURO",6489,249498,61,3762
"2020-11-22","PT","Portugal","EURO",6472,255970,62,3824
"2020-11-23","PT","Portugal","EURO",4788,260758,73,3897
"2020-11-24","PT","Portugal","EURO",4044,264802,74,3971
"2020-11-25","PT","Portugal","EURO",3919,268721,85,4056
"2020-11-26","PT","Portugal","EURO",5290,274011,71,4127
"2020-11-27","PT","Portugal","EURO",6383,280394,82,4209
"2020-11-28","PT","Portugal","EURO",5444,285838,67,4276
"2020-11-29","PT","Portugal","EURO",4868,290706,87,4363
"2020-11-30","PT","Portugal","EURO",4093,294799,64,4427
"2020-12-01","PT","Portugal","EURO",3262,298061,78,4505
"2020-12-02","PT","Portugal","EURO",2401,300462,72,4577
"2020-12-03","PT","Portugal","EURO",3384,303846,68,4645
"2020-12-04","PT","Portugal","EURO",3772,307618,79,4724
"2020-12-05","PT","Portugal","EURO",4935,312553,79,4803
"2020-12-06","PT","Portugal","EURO",6087,318640,73,4876
"2020-12-07","PT","Portugal","EURO",3834,322474,87,4963
"2020-12-08","PT","Portugal","EURO",2597,325071,78,5041
"2020-12-09","PT","Portugal","EURO",0,325071,0,5041
"2020-12-10","PT","Portugal","EURO",7002,332073,151,5192
"2020-12-11","PT","Portugal","EURO",3134,335207,86,5278
"2020-12-12","PT","Portugal","EURO",5080,340287,95,5373
