"Fecha_de_reporte","Codigo_pais","Paises","Region","Casos_nuevos","Casos_acumulados","defunciones_nuevas","defunciones_acumuladas"
"2020-01-03","PR","Puerto Rico","AMRO",0,0,0,0
"2020-01-04","PR","Puerto Rico","AMRO",0,0,0,0
"2020-01-05","PR","Puerto Rico","AMRO",0,0,0,0
"2020-01-06","PR","Puerto Rico","AMRO",0,0,0,0
"2020-01-07","PR","Puerto Rico","AMRO",0,0,0,0
"2020-01-08","PR","Puerto Rico","AMRO",0,0,0,0
"2020-01-09","PR","Puerto Rico","AMRO",0,0,0,0
"2020-01-10","PR","Puerto Rico","AMRO",0,0,0,0
"2020-01-11","PR","Puerto Rico","AMRO",0,0,0,0
"2020-01-12","PR","Puerto Rico","AMRO",0,0,0,0
"2020-01-13","PR","Puerto Rico","AMRO",0,0,0,0
"2020-01-14","PR","Puerto Rico","AMRO",0,0,0,0
"2020-01-15","PR","Puerto Rico","AMRO",0,0,0,0
"2020-01-16","PR","Puerto Rico","AMRO",0,0,0,0
"2020-01-17","PR","Puerto Rico","AMRO",0,0,0,0
"2020-01-18","PR","Puerto Rico","AMRO",0,0,0,0
"2020-01-19","PR","Puerto Rico","AMRO",0,0,0,0
"2020-01-20","PR","Puerto Rico","AMRO",0,0,0,0
"2020-01-21","PR","Puerto Rico","AMRO",0,0,0,0
"2020-01-22","PR","Puerto Rico","AMRO",0,0,0,0
"2020-01-23","PR","Puerto Rico","AMRO",0,0,0,0
"2020-01-24","PR","Puerto Rico","AMRO",0,0,0,0
"2020-01-25","PR","Puerto Rico","AMRO",0,0,0,0
"2020-01-26","PR","Puerto Rico","AMRO",0,0,0,0
"2020-01-27","PR","Puerto Rico","AMRO",0,0,0,0
"2020-01-28","PR","Puerto Rico","AMRO",0,0,0,0
"2020-01-29","PR","Puerto Rico","AMRO",0,0,0,0
"2020-01-30","PR","Puerto Rico","AMRO",0,0,0,0
"2020-01-31","PR","Puerto Rico","AMRO",0,0,0,0
"2020-02-01","PR","Puerto Rico","AMRO",0,0,0,0
"2020-02-02","PR","Puerto Rico","AMRO",0,0,0,0
"2020-02-03","PR","Puerto Rico","AMRO",0,0,0,0
"2020-02-04","PR","Puerto Rico","AMRO",0,0,0,0
"2020-02-05","PR","Puerto Rico","AMRO",0,0,0,0
"2020-02-06","PR","Puerto Rico","AMRO",0,0,0,0
"2020-02-07","PR","Puerto Rico","AMRO",0,0,0,0
"2020-02-08","PR","Puerto Rico","AMRO",0,0,0,0
"2020-02-09","PR","Puerto Rico","AMRO",0,0,0,0
"2020-02-10","PR","Puerto Rico","AMRO",0,0,0,0
"2020-02-11","PR","Puerto Rico","AMRO",0,0,0,0
"2020-02-12","PR","Puerto Rico","AMRO",0,0,0,0
"2020-02-13","PR","Puerto Rico","AMRO",0,0,0,0
"2020-02-14","PR","Puerto Rico","AMRO",0,0,0,0
"2020-02-15","PR","Puerto Rico","AMRO",0,0,0,0
"2020-02-16","PR","Puerto Rico","AMRO",0,0,0,0
"2020-02-17","PR","Puerto Rico","AMRO",0,0,0,0
"2020-02-18","PR","Puerto Rico","AMRO",0,0,0,0
"2020-02-19","PR","Puerto Rico","AMRO",0,0,0,0
"2020-02-20","PR","Puerto Rico","AMRO",0,0,0,0
"2020-02-21","PR","Puerto Rico","AMRO",0,0,0,0
"2020-02-22","PR","Puerto Rico","AMRO",0,0,0,0
"2020-02-23","PR","Puerto Rico","AMRO",0,0,0,0
"2020-02-24","PR","Puerto Rico","AMRO",0,0,0,0
"2020-02-25","PR","Puerto Rico","AMRO",0,0,0,0
"2020-02-26","PR","Puerto Rico","AMRO",0,0,0,0
"2020-02-27","PR","Puerto Rico","AMRO",0,0,0,0
"2020-02-28","PR","Puerto Rico","AMRO",0,0,0,0
"2020-02-29","PR","Puerto Rico","AMRO",0,0,0,0
"2020-03-01","PR","Puerto Rico","AMRO",0,0,0,0
"2020-03-02","PR","Puerto Rico","AMRO",0,0,0,0
"2020-03-03","PR","Puerto Rico","AMRO",0,0,0,0
"2020-03-04","PR","Puerto Rico","AMRO",0,0,0,0
"2020-03-05","PR","Puerto Rico","AMRO",0,0,0,0
"2020-03-06","PR","Puerto Rico","AMRO",0,0,0,0
"2020-03-07","PR","Puerto Rico","AMRO",0,0,0,0
"2020-03-08","PR","Puerto Rico","AMRO",0,0,0,0
"2020-03-09","PR","Puerto Rico","AMRO",0,0,0,0
"2020-03-10","PR","Puerto Rico","AMRO",0,0,0,0
"2020-03-11","PR","Puerto Rico","AMRO",0,0,0,0
"2020-03-12","PR","Puerto Rico","AMRO",0,0,0,0
"2020-03-13","PR","Puerto Rico","AMRO",0,0,0,0
"2020-03-14","PR","Puerto Rico","AMRO",7,7,0,0
"2020-03-15","PR","Puerto Rico","AMRO",0,7,0,0
"2020-03-16","PR","Puerto Rico","AMRO",0,7,0,0
"2020-03-17","PR","Puerto Rico","AMRO",0,7,0,0
"2020-03-18","PR","Puerto Rico","AMRO",2,9,0,0
"2020-03-19","PR","Puerto Rico","AMRO",-3,6,0,0
"2020-03-20","PR","Puerto Rico","AMRO",8,14,0,0
"2020-03-21","PR","Puerto Rico","AMRO",7,21,1,1
"2020-03-22","PR","Puerto Rico","AMRO",0,21,0,1
"2020-03-23","PR","Puerto Rico","AMRO",2,23,0,1
"2020-03-24","PR","Puerto Rico","AMRO",16,39,1,2
"2020-03-25","PR","Puerto Rico","AMRO",0,39,0,2
"2020-03-26","PR","Puerto Rico","AMRO",25,64,0,2
"2020-03-27","PR","Puerto Rico","AMRO",0,64,0,2
"2020-03-28","PR","Puerto Rico","AMRO",0,64,0,2
"2020-03-29","PR","Puerto Rico","AMRO",0,64,0,2
"2020-03-30","PR","Puerto Rico","AMRO",0,64,0,2
"2020-03-31","PR","Puerto Rico","AMRO",110,174,4,6
"2020-04-01","PR","Puerto Rico","AMRO",65,239,2,8
"2020-04-02","PR","Puerto Rico","AMRO",47,286,3,11
"2020-04-03","PR","Puerto Rico","AMRO",30,316,1,12
"2020-04-04","PR","Puerto Rico","AMRO",62,378,3,15
"2020-04-05","PR","Puerto Rico","AMRO",74,452,3,18
"2020-04-06","PR","Puerto Rico","AMRO",0,452,0,18
"2020-04-07","PR","Puerto Rico","AMRO",61,513,3,21
"2020-04-08","PR","Puerto Rico","AMRO",60,573,2,23
"2020-04-09","PR","Puerto Rico","AMRO",47,620,1,24
"2020-04-10","PR","Puerto Rico","AMRO",63,683,9,33
"2020-04-11","PR","Puerto Rico","AMRO",42,725,6,39
"2020-04-12","PR","Puerto Rico","AMRO",63,788,3,42
"2020-04-13","PR","Puerto Rico","AMRO",109,897,2,44
"2020-04-14","PR","Puerto Rico","AMRO",6,903,1,45
"2020-04-15","PR","Puerto Rico","AMRO",20,923,0,45
"2020-04-16","PR","Puerto Rico","AMRO",51,974,3,48
"2020-04-17","PR","Puerto Rico","AMRO",69,1043,0,48
"2020-04-18","PR","Puerto Rico","AMRO",25,1068,0,48
"2020-04-19","PR","Puerto Rico","AMRO",50,1118,0,48
"2020-04-20","PR","Puerto Rico","AMRO",95,1213,0,48
"2020-04-21","PR","Puerto Rico","AMRO",39,1252,0,48
"2020-04-22","PR","Puerto Rico","AMRO",24,1276,0,48
"2020-04-23","PR","Puerto Rico","AMRO",0,1276,0,48
"2020-04-24","PR","Puerto Rico","AMRO",0,1276,0,48
"2020-04-25","PR","Puerto Rico","AMRO",0,1276,3,51
"2020-04-26","PR","Puerto Rico","AMRO",0,1276,2,53
"2020-04-27","PR","Puerto Rico","AMRO",95,1371,0,53
"2020-04-28","PR","Puerto Rico","AMRO",18,1389,0,53
"2020-04-29","PR","Puerto Rico","AMRO",11,1400,1,54
"2020-04-30","PR","Puerto Rico","AMRO",33,1433,0,54
"2020-05-01","PR","Puerto Rico","AMRO",106,1539,0,54
"2020-05-02","PR","Puerto Rico","AMRO",36,1575,0,54
"2020-05-03","PR","Puerto Rico","AMRO",182,1757,0,54
"2020-05-04","PR","Puerto Rico","AMRO",51,1808,43,97
"2020-05-05","PR","Puerto Rico","AMRO",35,1843,-43,54
"2020-05-06","PR","Puerto Rico","AMRO",81,1924,2,56
"2020-05-07","PR","Puerto Rico","AMRO",44,1968,0,56
"2020-05-08","PR","Puerto Rico","AMRO",63,2031,0,56
"2020-05-09","PR","Puerto Rico","AMRO",125,2156,0,56
"2020-05-10","PR","Puerto Rico","AMRO",17,2173,52,108
"2020-05-11","PR","Puerto Rico","AMRO",25,2198,3,111
"2020-05-12","PR","Puerto Rico","AMRO",58,2256,2,113
"2020-05-13","PR","Puerto Rico","AMRO",43,2299,1,114
"2020-05-14","PR","Puerto Rico","AMRO",30,2329,1,115
"2020-05-15","PR","Puerto Rico","AMRO",98,2427,2,117
"2020-05-16","PR","Puerto Rico","AMRO",115,2542,5,122
"2020-05-17","PR","Puerto Rico","AMRO",47,2589,0,122
"2020-05-18","PR","Puerto Rico","AMRO",57,2646,1,123
"2020-05-19","PR","Puerto Rico","AMRO",64,2710,1,124
"2020-05-20","PR","Puerto Rico","AMRO",95,2805,0,124
"2020-05-21","PR","Puerto Rico","AMRO",61,2866,1,125
"2020-05-22","PR","Puerto Rico","AMRO",47,2913,1,126
"2020-05-23","PR","Puerto Rico","AMRO",117,3030,0,126
"2020-05-24","PR","Puerto Rico","AMRO",70,3100,1,127
"2020-05-25","PR","Puerto Rico","AMRO",89,3189,0,127
"2020-05-26","PR","Puerto Rico","AMRO",71,3260,2,129
"2020-05-27","PR","Puerto Rico","AMRO",64,3324,0,129
"2020-05-28","PR","Puerto Rico","AMRO",73,3397,0,129
"2020-05-29","PR","Puerto Rico","AMRO",89,3486,2,131
"2020-05-30","PR","Puerto Rico","AMRO",161,3647,1,132
"2020-05-31","PR","Puerto Rico","AMRO",71,3718,1,133
"2020-06-01","PR","Puerto Rico","AMRO",58,3776,3,136
"2020-06-02","PR","Puerto Rico","AMRO",97,3873,0,136
"2020-06-03","PR","Puerto Rico","AMRO",62,3935,2,138
"2020-06-04","PR","Puerto Rico","AMRO",88,4023,2,140
"2020-06-05","PR","Puerto Rico","AMRO",485,4508,0,140
"2020-06-06","PR","Puerto Rico","AMRO",112,4620,1,141
"2020-06-07","PR","Puerto Rico","AMRO",295,4915,1,142
"2020-06-08","PR","Puerto Rico","AMRO",70,4985,0,142
"2020-06-09","PR","Puerto Rico","AMRO",61,5046,0,142
"2020-06-10","PR","Puerto Rico","AMRO",139,5185,0,142
"2020-06-11","PR","Puerto Rico","AMRO",144,5329,1,143
"2020-06-12","PR","Puerto Rico","AMRO",23,5352,1,144
"2020-06-13","PR","Puerto Rico","AMRO",184,5536,2,146
"2020-06-14","PR","Puerto Rico","AMRO",154,5690,0,146
"2020-06-15","PR","Puerto Rico","AMRO",121,5811,1,147
"2020-06-16","PR","Puerto Rico","AMRO",79,5890,0,147
"2020-06-17","PR","Puerto Rico","AMRO",61,5951,0,147
"2020-06-18","PR","Puerto Rico","AMRO",52,6003,0,147
"2020-06-19","PR","Puerto Rico","AMRO",108,6111,0,147
"2020-06-20","PR","Puerto Rico","AMRO",84,6195,0,147
"2020-06-21","PR","Puerto Rico","AMRO",268,6463,0,147
"2020-06-22","PR","Puerto Rico","AMRO",62,6525,2,149
"2020-06-23","PR","Puerto Rico","AMRO",39,6564,0,149
"2020-06-24","PR","Puerto Rico","AMRO",121,6685,0,149
"2020-06-25","PR","Puerto Rico","AMRO",135,6820,0,149
"2020-06-26","PR","Puerto Rico","AMRO",57,6877,2,151
"2020-06-27","PR","Puerto Rico","AMRO",45,6922,0,151
"2020-06-28","PR","Puerto Rico","AMRO",144,7066,1,152
"2020-06-29","PR","Puerto Rico","AMRO",123,7189,1,153
"2020-06-30","PR","Puerto Rico","AMRO",61,7250,0,153
"2020-07-01","PR","Puerto Rico","AMRO",215,7465,0,153
"2020-07-02","PR","Puerto Rico","AMRO",72,7537,0,153
"2020-07-03","PR","Puerto Rico","AMRO",71,7608,0,153
"2020-07-04","PR","Puerto Rico","AMRO",75,7683,1,154
"2020-07-05","PR","Puerto Rico","AMRO",104,7787,1,155
"2020-07-06","PR","Puerto Rico","AMRO",129,7916,0,155
"2020-07-07","PR","Puerto Rico","AMRO",669,8585,0,155
"2020-07-08","PR","Puerto Rico","AMRO",129,8714,2,157
"2020-07-09","PR","Puerto Rico","AMRO",31,8745,2,159
"2020-07-10","PR","Puerto Rico","AMRO",117,8862,0,159
"2020-07-11","PR","Puerto Rico","AMRO",275,9137,0,159
"2020-07-12","PR","Puerto Rico","AMRO",229,9366,8,167
"2020-07-13","PR","Puerto Rico","AMRO",288,9654,0,167
"2020-07-14","PR","Puerto Rico","AMRO",356,10010,0,167
"2020-07-15","PR","Puerto Rico","AMRO",113,10123,2,169
"2020-07-16","PR","Puerto Rico","AMRO",256,10379,2,171
"2020-07-17","PR","Puerto Rico","AMRO",195,10574,1,172
"2020-07-18","PR","Puerto Rico","AMRO",546,11120,5,177
"2020-07-19","PR","Puerto Rico","AMRO",333,11453,1,178
"2020-07-20","PR","Puerto Rico","AMRO",610,12063,0,178
"2020-07-21","PR","Puerto Rico","AMRO",398,12461,2,180
"2020-07-22","PR","Puerto Rico","AMRO",479,12940,0,180
"2020-07-23","PR","Puerto Rico","AMRO",98,13038,5,185
"2020-07-24","PR","Puerto Rico","AMRO",435,13473,3,188
"2020-07-25","PR","Puerto Rico","AMRO",494,13967,3,191
"2020-07-26","PR","Puerto Rico","AMRO",573,14540,10,201
"2020-07-27","PR","Puerto Rico","AMRO",603,15143,0,201
"2020-07-28","PR","Puerto Rico","AMRO",288,15431,0,201
"2020-07-29","PR","Puerto Rico","AMRO",409,15840,8,209
"2020-07-30","PR","Puerto Rico","AMRO",221,16061,2,211
"2020-07-31","PR","Puerto Rico","AMRO",511,16572,3,214
"2020-08-01","PR","Puerto Rico","AMRO",209,16781,5,219
"2020-08-02","PR","Puerto Rico","AMRO",1091,17872,6,225
"2020-08-03","PR","Puerto Rico","AMRO",539,18411,5,230
"2020-08-04","PR","Puerto Rico","AMRO",380,18791,0,230
"2020-08-05","PR","Puerto Rico","AMRO",533,19324,7,237
"2020-08-06","PR","Puerto Rico","AMRO",327,19651,9,246
"2020-08-07","PR","Puerto Rico","AMRO",283,19934,12,258
"2020-08-08","PR","Puerto Rico","AMRO",752,20686,7,265
"2020-08-09","PR","Puerto Rico","AMRO",738,21424,9,274
"2020-08-10","PR","Puerto Rico","AMRO",697,22121,5,279
"2020-08-11","PR","Puerto Rico","AMRO",700,22821,0,279
"2020-08-12","PR","Puerto Rico","AMRO",582,23403,8,287
"2020-08-13","PR","Puerto Rico","AMRO",671,24074,8,295
"2020-08-14","PR","Puerto Rico","AMRO",372,24446,11,306
"2020-08-15","PR","Puerto Rico","AMRO",682,25128,11,317
"2020-08-16","PR","Puerto Rico","AMRO",567,25695,12,329
"2020-08-17","PR","Puerto Rico","AMRO",311,26006,6,335
"2020-08-18","PR","Puerto Rico","AMRO",754,26760,0,335
"2020-08-19","PR","Puerto Rico","AMRO",953,27713,11,346
"2020-08-20","PR","Puerto Rico","AMRO",221,27934,10,356
"2020-08-21","PR","Puerto Rico","AMRO",209,28143,11,367
"2020-08-22","PR","Puerto Rico","AMRO",703,28846,7,374
"2020-08-23","PR","Puerto Rico","AMRO",731,29577,7,381
"2020-08-24","PR","Puerto Rico","AMRO",319,29896,9,390
"2020-08-25","PR","Puerto Rico","AMRO",722,30618,0,390
"2020-08-26","PR","Puerto Rico","AMRO",102,30720,5,395
"2020-08-27","PR","Puerto Rico","AMRO",24,30744,9,404
"2020-08-28","PR","Puerto Rico","AMRO",639,31383,8,412
"2020-08-29","PR","Puerto Rico","AMRO",605,31988,12,424
"2020-08-30","PR","Puerto Rico","AMRO",562,32550,4,428
"2020-08-31","PR","Puerto Rico","AMRO",298,32848,6,434
"2020-09-01","PR","Puerto Rico","AMRO",351,33199,0,434
"2020-09-02","PR","Puerto Rico","AMRO",222,33421,1,435
"2020-09-03","PR","Puerto Rico","AMRO",582,34003,8,443
"2020-09-04","PR","Puerto Rico","AMRO",195,34198,5,448
"2020-09-05","PR","Puerto Rico","AMRO",43,34241,7,455
"2020-09-06","PR","Puerto Rico","AMRO",251,34492,9,464
"2020-09-07","PR","Puerto Rico","AMRO",41,34533,13,477
"2020-09-08","PR","Puerto Rico","AMRO",842,35375,0,477
"2020-09-09","PR","Puerto Rico","AMRO",129,35504,5,482
"2020-09-10","PR","Puerto Rico","AMRO",3,35507,18,500
"2020-09-11","PR","Puerto Rico","AMRO",772,36279,12,512
"2020-09-12","PR","Puerto Rico","AMRO",302,36581,11,523
"2020-09-13","PR","Puerto Rico","AMRO",511,37092,12,535
"2020-09-14","PR","Puerto Rico","AMRO",288,37380,4,539
"2020-09-15","PR","Puerto Rico","AMRO",370,37750,3,542
"2020-09-16","PR","Puerto Rico","AMRO",422,38172,9,551
"2020-09-17","PR","Puerto Rico","AMRO",112,38284,19,570
"2020-09-18","PR","Puerto Rico","AMRO",583,38867,18,588
"2020-09-19","PR","Puerto Rico","AMRO",817,39684,11,599
"2020-09-20","PR","Puerto Rico","AMRO",1309,40993,6,605
"2020-09-21","PR","Puerto Rico","AMRO",845,41838,3,608
"2020-09-22","PR","Puerto Rico","AMRO",638,42476,1,609
"2020-09-23","PR","Puerto Rico","AMRO",120,42596,4,613
"2020-09-24","PR","Puerto Rico","AMRO",64,42660,4,617
"2020-09-25","PR","Puerto Rico","AMRO",1182,43842,10,627
"2020-09-26","PR","Puerto Rico","AMRO",1063,44905,8,635
"2020-09-27","PR","Puerto Rico","AMRO",508,45413,7,642
"2020-09-28","PR","Puerto Rico","AMRO",891,46304,2,644
"2020-09-29","PR","Puerto Rico","AMRO",1118,47422,4,648
"2020-09-30","PR","Puerto Rico","AMRO",1045,48467,6,654
"2020-10-01","PR","Puerto Rico","AMRO",288,48755,7,661
"2020-10-02","PR","Puerto Rico","AMRO",312,49067,4,665
"2020-10-03","PR","Puerto Rico","AMRO",680,49747,8,673
"2020-10-04","PR","Puerto Rico","AMRO",628,50375,8,681
"2020-10-05","PR","Puerto Rico","AMRO",300,50675,5,686
"2020-10-06","PR","Puerto Rico","AMRO",630,51305,9,695
"2020-10-07","PR","Puerto Rico","AMRO",432,51737,1,696
"2020-10-08","PR","Puerto Rico","AMRO",31,51768,9,705
"2020-10-09","PR","Puerto Rico","AMRO",526,52294,10,715
"2020-10-10","PR","Puerto Rico","AMRO",598,52892,5,720
"2020-10-11","PR","Puerto Rico","AMRO",472,53364,8,728
"2020-10-12","PR","Puerto Rico","AMRO",307,53671,2,730
"2020-10-13","PR","Puerto Rico","AMRO",563,54234,5,735
"2020-10-14","PR","Puerto Rico","AMRO",306,54540,3,738
"2020-10-15","PR","Puerto Rico","AMRO",976,55516,4,742
"2020-10-16","PR","Puerto Rico","AMRO",569,56085,1,743
"2020-10-17","PR","Puerto Rico","AMRO",327,56412,15,758
"2020-10-18","PR","Puerto Rico","AMRO",238,56650,3,761
"2020-10-19","PR","Puerto Rico","AMRO",643,57293,5,766
"2020-10-20","PR","Puerto Rico","AMRO",657,57950,2,768
"2020-10-21","PR","Puerto Rico","AMRO",693,58643,1,769
"2020-10-22","PR","Puerto Rico","AMRO",187,58830,5,774
"2020-10-23","PR","Puerto Rico","AMRO",207,59037,9,783
"2020-10-24","PR","Puerto Rico","AMRO",1947,60984,8,791
"2020-10-25","PR","Puerto Rico","AMRO",296,61280,3,794
"2020-10-26","PR","Puerto Rico","AMRO",1223,62503,7,801
"2020-10-27","PR","Puerto Rico","AMRO",632,63135,3,804
"2020-10-28","PR","Puerto Rico","AMRO",362,63497,4,808
"2020-10-29","PR","Puerto Rico","AMRO",90,63587,5,813
"2020-10-30","PR","Puerto Rico","AMRO",1211,64798,1,814
"2020-10-31","PR","Puerto Rico","AMRO",945,65743,6,820
"2020-11-01","PR","Puerto Rico","AMRO",385,66128,2,822
"2020-11-02","PR","Puerto Rico","AMRO",533,66661,10,832
"2020-11-03","PR","Puerto Rico","AMRO",1511,68172,7,839
"2020-11-04","PR","Puerto Rico","AMRO",771,68943,3,842
"2020-11-05","PR","Puerto Rico","AMRO",77,69020,8,850
"2020-11-06","PR","Puerto Rico","AMRO",396,69416,5,855
"2020-11-07","PR","Puerto Rico","AMRO",1103,70519,7,862
"2020-11-08","PR","Puerto Rico","AMRO",-32952,37567,0,862
"2020-11-09","PR","Puerto Rico","AMRO",533,38100,10,872
"2020-11-10","PR","Puerto Rico","AMRO",481,38581,10,882
"2020-11-11","PR","Puerto Rico","AMRO",275,38856,7,889
"2020-11-12","PR","Puerto Rico","AMRO",264,39120,12,901
"2020-11-13","PR","Puerto Rico","AMRO",1332,40452,8,909
"2020-11-14","PR","Puerto Rico","AMRO",667,41119,5,914
"2020-11-15","PR","Puerto Rico","AMRO",653,41772,7,921
"2020-11-16","PR","Puerto Rico","AMRO",707,42479,14,935
"2020-11-17","PR","Puerto Rico","AMRO",537,43016,7,942
"2020-11-18","PR","Puerto Rico","AMRO",569,43585,9,951
"2020-11-19","PR","Puerto Rico","AMRO",325,43910,20,971
"2020-11-20","PR","Puerto Rico","AMRO",521,44431,11,982
"2020-11-21","PR","Puerto Rico","AMRO",904,45335,9,991
"2020-11-22","PR","Puerto Rico","AMRO",1099,46434,21,1012
"2020-11-23","PR","Puerto Rico","AMRO",1025,47459,5,1017
"2020-11-24","PR","Puerto Rico","AMRO",741,48200,15,1032
"2020-11-25","PR","Puerto Rico","AMRO",348,48548,6,1038
"2020-11-26","PR","Puerto Rico","AMRO",177,48725,14,1052
"2020-11-27","PR","Puerto Rico","AMRO",501,49226,17,1069
"2020-11-28","PR","Puerto Rico","AMRO",1452,50678,7,1076
"2020-11-29","PR","Puerto Rico","AMRO",903,51581,7,1083
"2020-11-30","PR","Puerto Rico","AMRO",121,51702,11,1094
"2020-12-01","PR","Puerto Rico","AMRO",843,52545,12,1106
"2020-12-02","PR","Puerto Rico","AMRO",775,53320,16,1122
"2020-12-03","PR","Puerto Rico","AMRO",388,53708,22,1144
"2020-12-04","PR","Puerto Rico","AMRO",397,54105,11,1155
"2020-12-05","PR","Puerto Rico","AMRO",492,54597,18,1173
"2020-12-06","PR","Puerto Rico","AMRO",935,55532,12,1185
"2020-12-07","PR","Puerto Rico","AMRO",1139,56671,7,1192
"2020-12-08","PR","Puerto Rico","AMRO",951,57622,11,1203
"2020-12-09","PR","Puerto Rico","AMRO",694,58316,3,1206
"2020-12-10","PR","Puerto Rico","AMRO",646,58962,13,1219
"2020-12-11","PR","Puerto Rico","AMRO",496,59458,19,1238
"2020-12-12","PR","Puerto Rico","AMRO",1544,61002,11,1249
