"Fecha_de_reporte","Codigo_pais","Paises","Region","Casos_nuevos","Casos_acumulados","defunciones_nuevas","defunciones_acumuladas"
"2020-01-03","QA","Qatar","EMRO",0,0,0,0
"2020-01-04","QA","Qatar","EMRO",0,0,0,0
"2020-01-05","QA","Qatar","EMRO",0,0,0,0
"2020-01-06","QA","Qatar","EMRO",0,0,0,0
"2020-01-07","QA","Qatar","EMRO",0,0,0,0
"2020-01-08","QA","Qatar","EMRO",0,0,0,0
"2020-01-09","QA","Qatar","EMRO",0,0,0,0
"2020-01-10","QA","Qatar","EMRO",0,0,0,0
"2020-01-11","QA","Qatar","EMRO",0,0,0,0
"2020-01-12","QA","Qatar","EMRO",0,0,0,0
"2020-01-13","QA","Qatar","EMRO",0,0,0,0
"2020-01-14","QA","Qatar","EMRO",0,0,0,0
"2020-01-15","QA","Qatar","EMRO",0,0,0,0
"2020-01-16","QA","Qatar","EMRO",0,0,0,0
"2020-01-17","QA","Qatar","EMRO",0,0,0,0
"2020-01-18","QA","Qatar","EMRO",0,0,0,0
"2020-01-19","QA","Qatar","EMRO",0,0,0,0
"2020-01-20","QA","Qatar","EMRO",0,0,0,0
"2020-01-21","QA","Qatar","EMRO",0,0,0,0
"2020-01-22","QA","Qatar","EMRO",0,0,0,0
"2020-01-23","QA","Qatar","EMRO",0,0,0,0
"2020-01-24","QA","Qatar","EMRO",0,0,0,0
"2020-01-25","QA","Qatar","EMRO",0,0,0,0
"2020-01-26","QA","Qatar","EMRO",0,0,0,0
"2020-01-27","QA","Qatar","EMRO",0,0,0,0
"2020-01-28","QA","Qatar","EMRO",0,0,0,0
"2020-01-29","QA","Qatar","EMRO",0,0,0,0
"2020-01-30","QA","Qatar","EMRO",0,0,0,0
"2020-01-31","QA","Qatar","EMRO",0,0,0,0
"2020-02-01","QA","Qatar","EMRO",0,0,0,0
"2020-02-02","QA","Qatar","EMRO",0,0,0,0
"2020-02-03","QA","Qatar","EMRO",0,0,0,0
"2020-02-04","QA","Qatar","EMRO",0,0,0,0
"2020-02-05","QA","Qatar","EMRO",0,0,0,0
"2020-02-06","QA","Qatar","EMRO",0,0,0,0
"2020-02-07","QA","Qatar","EMRO",0,0,0,0
"2020-02-08","QA","Qatar","EMRO",0,0,0,0
"2020-02-09","QA","Qatar","EMRO",0,0,0,0
"2020-02-10","QA","Qatar","EMRO",0,0,0,0
"2020-02-11","QA","Qatar","EMRO",0,0,0,0
"2020-02-12","QA","Qatar","EMRO",0,0,0,0
"2020-02-13","QA","Qatar","EMRO",0,0,0,0
"2020-02-14","QA","Qatar","EMRO",0,0,0,0
"2020-02-15","QA","Qatar","EMRO",0,0,0,0
"2020-02-16","QA","Qatar","EMRO",0,0,0,0
"2020-02-17","QA","Qatar","EMRO",0,0,0,0
"2020-02-18","QA","Qatar","EMRO",0,0,0,0
"2020-02-19","QA","Qatar","EMRO",0,0,0,0
"2020-02-20","QA","Qatar","EMRO",0,0,0,0
"2020-02-21","QA","Qatar","EMRO",0,0,0,0
"2020-02-22","QA","Qatar","EMRO",0,0,0,0
"2020-02-23","QA","Qatar","EMRO",0,0,0,0
"2020-02-24","QA","Qatar","EMRO",0,0,0,0
"2020-02-25","QA","Qatar","EMRO",0,0,0,0
"2020-02-26","QA","Qatar","EMRO",0,0,0,0
"2020-02-27","QA","Qatar","EMRO",0,0,0,0
"2020-02-28","QA","Qatar","EMRO",0,0,0,0
"2020-02-29","QA","Qatar","EMRO",5,5,0,0
"2020-03-01","QA","Qatar","EMRO",2,7,0,0
"2020-03-02","QA","Qatar","EMRO",4,11,0,0
"2020-03-03","QA","Qatar","EMRO",1,12,0,0
"2020-03-04","QA","Qatar","EMRO",0,12,0,0
"2020-03-05","QA","Qatar","EMRO",0,12,0,0
"2020-03-06","QA","Qatar","EMRO",3,15,0,0
"2020-03-07","QA","Qatar","EMRO",1,16,0,0
"2020-03-08","QA","Qatar","EMRO",0,16,0,0
"2020-03-09","QA","Qatar","EMRO",3,19,0,0
"2020-03-10","QA","Qatar","EMRO",3,22,0,0
"2020-03-11","QA","Qatar","EMRO",244,266,0,0
"2020-03-12","QA","Qatar","EMRO",0,266,0,0
"2020-03-13","QA","Qatar","EMRO",0,266,0,0
"2020-03-14","QA","Qatar","EMRO",75,341,0,0
"2020-03-15","QA","Qatar","EMRO",0,341,0,0
"2020-03-16","QA","Qatar","EMRO",64,405,0,0
"2020-03-17","QA","Qatar","EMRO",41,446,0,0
"2020-03-18","QA","Qatar","EMRO",0,446,0,0
"2020-03-19","QA","Qatar","EMRO",10,456,0,0
"2020-03-20","QA","Qatar","EMRO",4,460,0,0
"2020-03-21","QA","Qatar","EMRO",10,470,0,0
"2020-03-22","QA","Qatar","EMRO",11,481,0,0
"2020-03-23","QA","Qatar","EMRO",13,494,0,0
"2020-03-24","QA","Qatar","EMRO",7,501,0,0
"2020-03-25","QA","Qatar","EMRO",25,526,0,0
"2020-03-26","QA","Qatar","EMRO",11,537,0,0
"2020-03-27","QA","Qatar","EMRO",12,549,0,0
"2020-03-28","QA","Qatar","EMRO",13,562,0,0
"2020-03-29","QA","Qatar","EMRO",28,590,0,0
"2020-03-30","QA","Qatar","EMRO",44,634,1,1
"2020-03-31","QA","Qatar","EMRO",59,693,0,1
"2020-04-01","QA","Qatar","EMRO",88,781,1,2
"2020-04-02","QA","Qatar","EMRO",54,835,0,2
"2020-04-03","QA","Qatar","EMRO",240,1075,1,3
"2020-04-04","QA","Qatar","EMRO",0,1075,0,3
"2020-04-05","QA","Qatar","EMRO",250,1325,0,3
"2020-04-06","QA","Qatar","EMRO",279,1604,1,4
"2020-04-07","QA","Qatar","EMRO",228,1832,0,4
"2020-04-08","QA","Qatar","EMRO",378,2210,2,6
"2020-04-09","QA","Qatar","EMRO",166,2376,0,6
"2020-04-10","QA","Qatar","EMRO",136,2512,0,6
"2020-04-11","QA","Qatar","EMRO",216,2728,0,6
"2020-04-12","QA","Qatar","EMRO",251,2979,1,7
"2020-04-13","QA","Qatar","EMRO",252,3231,0,7
"2020-04-14","QA","Qatar","EMRO",197,3428,0,7
"2020-04-15","QA","Qatar","EMRO",283,3711,0,7
"2020-04-16","QA","Qatar","EMRO",392,4103,0,7
"2020-04-17","QA","Qatar","EMRO",560,4663,0,7
"2020-04-18","QA","Qatar","EMRO",345,5008,1,8
"2020-04-19","QA","Qatar","EMRO",440,5448,0,8
"2020-04-20","QA","Qatar","EMRO",567,6015,1,9
"2020-04-21","QA","Qatar","EMRO",518,6533,0,9
"2020-04-22","QA","Qatar","EMRO",608,7141,1,10
"2020-04-23","QA","Qatar","EMRO",623,7764,0,10
"2020-04-24","QA","Qatar","EMRO",761,8525,0,10
"2020-04-25","QA","Qatar","EMRO",833,9358,0,10
"2020-04-26","QA","Qatar","EMRO",929,10287,0,10
"2020-04-27","QA","Qatar","EMRO",957,11244,0,10
"2020-04-28","QA","Qatar","EMRO",677,11921,0,10
"2020-04-29","QA","Qatar","EMRO",643,12564,0,10
"2020-04-30","QA","Qatar","EMRO",845,13409,0,10
"2020-05-01","QA","Qatar","EMRO",687,14096,2,12
"2020-05-02","QA","Qatar","EMRO",776,14872,0,12
"2020-05-03","QA","Qatar","EMRO",679,15551,0,12
"2020-05-04","QA","Qatar","EMRO",640,16191,0,12
"2020-05-05","QA","Qatar","EMRO",951,17142,0,12
"2020-05-06","QA","Qatar","EMRO",830,17972,0,12
"2020-05-07","QA","Qatar","EMRO",918,18890,0,12
"2020-05-08","QA","Qatar","EMRO",1311,20201,0,12
"2020-05-09","QA","Qatar","EMRO",1130,21331,1,13
"2020-05-10","QA","Qatar","EMRO",1189,22520,1,14
"2020-05-11","QA","Qatar","EMRO",1103,23623,0,14
"2020-05-12","QA","Qatar","EMRO",1526,25149,0,14
"2020-05-13","QA","Qatar","EMRO",1390,26539,0,14
"2020-05-14","QA","Qatar","EMRO",1733,28272,0,14
"2020-05-15","QA","Qatar","EMRO",1153,29425,0,14
"2020-05-16","QA","Qatar","EMRO",1547,30972,1,15
"2020-05-17","QA","Qatar","EMRO",1632,32604,0,15
"2020-05-18","QA","Qatar","EMRO",1365,33969,0,15
"2020-05-19","QA","Qatar","EMRO",1637,35606,0,15
"2020-05-20","QA","Qatar","EMRO",1491,37097,1,16
"2020-05-21","QA","Qatar","EMRO",1554,38651,1,17
"2020-05-22","QA","Qatar","EMRO",0,38651,0,17
"2020-05-23","QA","Qatar","EMRO",1830,40481,2,19
"2020-05-24","QA","Qatar","EMRO",1732,42213,2,21
"2020-05-25","QA","Qatar","EMRO",1501,43714,2,23
"2020-05-26","QA","Qatar","EMRO",1751,45465,3,26
"2020-05-27","QA","Qatar","EMRO",1742,47207,2,28
"2020-05-28","QA","Qatar","EMRO",1740,48947,2,30
"2020-05-29","QA","Qatar","EMRO",1967,50914,3,33
"2020-05-30","QA","Qatar","EMRO",1993,52907,3,36
"2020-05-31","QA","Qatar","EMRO",2355,55262,0,36
"2020-06-01","QA","Qatar","EMRO",1648,56910,2,38
"2020-06-02","QA","Qatar","EMRO",1523,58433,2,40
"2020-06-03","QA","Qatar","EMRO",1826,60259,3,43
"2020-06-04","QA","Qatar","EMRO",1901,62160,2,45
"2020-06-05","QA","Qatar","EMRO",1581,63741,0,45
"2020-06-06","QA","Qatar","EMRO",1754,65495,4,49
"2020-06-07","QA","Qatar","EMRO",1700,67195,2,51
"2020-06-08","QA","Qatar","EMRO",1595,68790,3,54
"2020-06-09","QA","Qatar","EMRO",1368,70158,3,57
"2020-06-10","QA","Qatar","EMRO",1721,71879,5,62
"2020-06-11","QA","Qatar","EMRO",1716,73595,4,66
"2020-06-12","QA","Qatar","EMRO",1476,75071,3,69
"2020-06-13","QA","Qatar","EMRO",1517,76588,1,70
"2020-06-14","QA","Qatar","EMRO",1828,78416,0,70
"2020-06-15","QA","Qatar","EMRO",1186,79602,3,73
"2020-06-16","QA","Qatar","EMRO",1274,80876,3,76
"2020-06-17","QA","Qatar","EMRO",1201,82077,4,80
"2020-06-18","QA","Qatar","EMRO",1097,83174,2,82
"2020-06-19","QA","Qatar","EMRO",1267,84441,4,86
"2020-06-20","QA","Qatar","EMRO",1021,85462,7,93
"2020-06-21","QA","Qatar","EMRO",1026,86488,1,94
"2020-06-22","QA","Qatar","EMRO",881,87369,4,98
"2020-06-23","QA","Qatar","EMRO",1034,88403,1,99
"2020-06-24","QA","Qatar","EMRO",1176,89579,0,99
"2020-06-25","QA","Qatar","EMRO",1199,90778,5,104
"2020-06-26","QA","Qatar","EMRO",1060,91838,2,106
"2020-06-27","QA","Qatar","EMRO",946,92784,3,109
"2020-06-28","QA","Qatar","EMRO",879,93663,1,110
"2020-06-29","QA","Qatar","EMRO",750,94413,0,110
"2020-06-30","QA","Qatar","EMRO",693,95106,3,113
"2020-07-01","QA","Qatar","EMRO",982,96088,0,113
"2020-07-02","QA","Qatar","EMRO",915,97003,2,115
"2020-07-03","QA","Qatar","EMRO",894,97897,3,118
"2020-07-04","QA","Qatar","EMRO",756,98653,3,121
"2020-07-05","QA","Qatar","EMRO",530,99183,2,123
"2020-07-06","QA","Qatar","EMRO",616,99799,5,128
"2020-07-07","QA","Qatar","EMRO",546,100345,5,133
"2020-07-08","QA","Qatar","EMRO",600,100945,1,134
"2020-07-09","QA","Qatar","EMRO",608,101553,4,138
"2020-07-10","QA","Qatar","EMRO",557,102110,4,142
"2020-07-11","QA","Qatar","EMRO",520,102630,4,146
"2020-07-12","QA","Qatar","EMRO",498,103128,0,146
"2020-07-13","QA","Qatar","EMRO",470,103598,1,147
"2020-07-14","QA","Qatar","EMRO",418,104016,2,149
"2020-07-15","QA","Qatar","EMRO",517,104533,1,150
"2020-07-16","QA","Qatar","EMRO",450,104983,1,151
"2020-07-17","QA","Qatar","EMRO",494,105477,1,152
"2020-07-18","QA","Qatar","EMRO",421,105898,1,153
"2020-07-19","QA","Qatar","EMRO",410,106308,1,154
"2020-07-20","QA","Qatar","EMRO",340,106648,3,157
"2020-07-21","QA","Qatar","EMRO",389,107037,2,159
"2020-07-22","QA","Qatar","EMRO",393,107430,1,160
"2020-07-23","QA","Qatar","EMRO",441,107871,3,163
"2020-07-24","QA","Qatar","EMRO",373,108244,1,164
"2020-07-25","QA","Qatar","EMRO",394,108638,0,164
"2020-07-26","QA","Qatar","EMRO",398,109036,0,164
"2020-07-27","QA","Qatar","EMRO",269,109305,1,165
"2020-07-28","QA","Qatar","EMRO",292,109597,0,165
"2020-07-29","QA","Qatar","EMRO",283,109880,2,167
"2020-07-30","QA","Qatar","EMRO",273,110153,2,169
"2020-07-31","QA","Qatar","EMRO",307,110460,2,171
"2020-08-01","QA","Qatar","EMRO",235,110695,3,174
"2020-08-02","QA","Qatar","EMRO",216,110911,0,174
"2020-08-03","QA","Qatar","EMRO",196,111107,3,177
"2020-08-04","QA","Qatar","EMRO",215,111322,0,177
"2020-08-05","QA","Qatar","EMRO",216,111538,0,177
"2020-08-06","QA","Qatar","EMRO",267,111805,1,178
"2020-08-07","QA","Qatar","EMRO",287,112092,0,178
"2020-08-08","QA","Qatar","EMRO",291,112383,2,180
"2020-08-09","QA","Qatar","EMRO",267,112650,2,182
"2020-08-10","QA","Qatar","EMRO",297,112947,2,184
"2020-08-11","QA","Qatar","EMRO",315,113262,4,188
"2020-08-12","QA","Qatar","EMRO",384,113646,0,188
"2020-08-13","QA","Qatar","EMRO",292,113938,2,190
"2020-08-14","QA","Qatar","EMRO",343,114281,0,190
"2020-08-15","QA","Qatar","EMRO",251,114532,0,190
"2020-08-16","QA","Qatar","EMRO",277,114809,2,192
"2020-08-17","QA","Qatar","EMRO",271,115080,1,193
"2020-08-18","QA","Qatar","EMRO",288,115368,0,193
"2020-08-19","QA","Qatar","EMRO",293,115661,0,193
"2020-08-20","QA","Qatar","EMRO",295,115956,0,193
"2020-08-21","QA","Qatar","EMRO",268,116224,0,193
"2020-08-22","QA","Qatar","EMRO",257,116481,0,193
"2020-08-23","QA","Qatar","EMRO",284,116765,0,193
"2020-08-24","QA","Qatar","EMRO",243,117008,0,193
"2020-08-25","QA","Qatar","EMRO",258,117266,1,194
"2020-08-26","QA","Qatar","EMRO",232,117498,0,194
"2020-08-27","QA","Qatar","EMRO",244,117742,0,194
"2020-08-28","QA","Qatar","EMRO",246,117988,1,195
"2020-08-29","QA","Qatar","EMRO",208,118196,1,196
"2020-08-30","QA","Qatar","EMRO",211,118407,0,196
"2020-08-31","QA","Qatar","EMRO",168,118575,1,197
"2020-09-01","QA","Qatar","EMRO",203,118778,0,197
"2020-09-02","QA","Qatar","EMRO",216,118994,1,198
"2020-09-03","QA","Qatar","EMRO",212,119206,1,199
"2020-09-04","QA","Qatar","EMRO",214,119420,2,201
"2020-09-05","QA","Qatar","EMRO",217,119637,0,201
"2020-09-06","QA","Qatar","EMRO",227,119864,1,202
"2020-09-07","QA","Qatar","EMRO",231,120095,1,203
"2020-09-08","QA","Qatar","EMRO",253,120348,2,205
"2020-09-09","QA","Qatar","EMRO",231,120579,0,205
"2020-09-10","QA","Qatar","EMRO",267,120846,0,205
"2020-09-11","QA","Qatar","EMRO",206,121052,0,205
"2020-09-12","QA","Qatar","EMRO",235,121287,0,205
"2020-09-13","QA","Qatar","EMRO",236,121523,0,205
"2020-09-14","QA","Qatar","EMRO",217,121740,0,205
"2020-09-15","QA","Qatar","EMRO",235,121975,2,207
"2020-09-16","QA","Qatar","EMRO",239,122214,1,208
"2020-09-17","QA","Qatar","EMRO",235,122449,0,208
"2020-09-18","QA","Qatar","EMRO",244,122693,0,208
"2020-09-19","QA","Qatar","EMRO",224,122917,1,209
"2020-09-20","QA","Qatar","EMRO",229,123146,0,209
"2020-09-21","QA","Qatar","EMRO",230,123376,1,210
"2020-09-22","QA","Qatar","EMRO",228,123604,1,211
"2020-09-23","QA","Qatar","EMRO",313,123917,0,211
"2020-09-24","QA","Qatar","EMRO",258,124175,1,212
"2020-09-25","QA","Qatar","EMRO",250,124425,0,212
"2020-09-26","QA","Qatar","EMRO",225,124650,0,212
"2020-09-27","QA","Qatar","EMRO",200,124850,2,214
"2020-09-28","QA","Qatar","EMRO",234,125084,0,214
"2020-09-29","QA","Qatar","EMRO",227,125311,0,214
"2020-09-30","QA","Qatar","EMRO",222,125533,0,214
"2020-10-01","QA","Qatar","EMRO",227,125760,0,214
"2020-10-02","QA","Qatar","EMRO",199,125959,0,214
"2020-10-03","QA","Qatar","EMRO",205,126164,1,215
"2020-10-04","QA","Qatar","EMRO",175,126339,1,216
"2020-10-05","QA","Qatar","EMRO",159,126498,0,216
"2020-10-06","QA","Qatar","EMRO",194,126692,0,216
"2020-10-07","QA","Qatar","EMRO",251,126943,0,216
"2020-10-08","QA","Qatar","EMRO",238,127181,2,218
"2020-10-09","QA","Qatar","EMRO",213,127394,0,218
"2020-10-10","QA","Qatar","EMRO",206,127600,1,219
"2020-10-11","QA","Qatar","EMRO",178,127778,0,219
"2020-10-12","QA","Qatar","EMRO",207,127985,1,220
"2020-10-13","QA","Qatar","EMRO",206,128191,0,220
"2020-10-14","QA","Qatar","EMRO",214,128405,0,220
"2020-10-15","QA","Qatar","EMRO",198,128603,0,220
"2020-10-16","QA","Qatar","EMRO",200,128803,2,222
"2020-10-17","QA","Qatar","EMRO",189,128992,0,222
"2020-10-18","QA","Qatar","EMRO",235,129227,1,223
"2020-10-19","QA","Qatar","EMRO",204,129431,1,224
"2020-10-20","QA","Qatar","EMRO",240,129671,0,224
"2020-10-21","QA","Qatar","EMRO",273,129944,0,224
"2020-10-22","QA","Qatar","EMRO",266,130210,1,225
"2020-10-23","QA","Qatar","EMRO",252,130462,3,228
"2020-10-24","QA","Qatar","EMRO",249,130711,1,229
"2020-10-25","QA","Qatar","EMRO",254,130965,0,229
"2020-10-26","QA","Qatar","EMRO",205,131170,1,230
"2020-10-27","QA","Qatar","EMRO",262,131432,0,230
"2020-10-28","QA","Qatar","EMRO",257,131689,0,230
"2020-10-29","QA","Qatar","EMRO",250,131939,0,230
"2020-10-30","QA","Qatar","EMRO",211,132150,1,231
"2020-10-31","QA","Qatar","EMRO",193,132343,1,232
"2020-11-01","QA","Qatar","EMRO",213,132556,0,232
"2020-11-02","QA","Qatar","EMRO",164,132720,0,232
"2020-11-03","QA","Qatar","EMRO",197,132917,0,232
"2020-11-04","QA","Qatar","EMRO",226,133143,0,232
"2020-11-05","QA","Qatar","EMRO",227,133370,0,232
"2020-11-06","QA","Qatar","EMRO",249,133619,0,232
"2020-11-07","QA","Qatar","EMRO",192,133811,0,232
"2020-11-08","QA","Qatar","EMRO",202,134013,0,232
"2020-11-09","QA","Qatar","EMRO",190,134203,0,232
"2020-11-10","QA","Qatar","EMRO",230,134433,0,232
"2020-11-11","QA","Qatar","EMRO",230,134663,1,233
"2020-11-12","QA","Qatar","EMRO",224,134887,0,233
"2020-11-13","QA","Qatar","EMRO",245,135132,1,234
"2020-11-14","QA","Qatar","EMRO",235,135367,0,234
"2020-11-15","QA","Qatar","EMRO",203,135570,0,234
"2020-11-16","QA","Qatar","EMRO",215,135785,0,234
"2020-11-17","QA","Qatar","EMRO",243,136028,1,235
"2020-11-18","QA","Qatar","EMRO",194,136222,0,235
"2020-11-19","QA","Qatar","EMRO",219,136441,0,235
"2020-11-20","QA","Qatar","EMRO",208,136649,0,235
"2020-11-21","QA","Qatar","EMRO",239,136888,0,235
"2020-11-22","QA","Qatar","EMRO",174,137062,0,235
"2020-11-23","QA","Qatar","EMRO",167,137229,1,236
"2020-11-24","QA","Qatar","EMRO",186,137415,0,236
"2020-11-25","QA","Qatar","EMRO",227,137642,0,236
"2020-11-26","QA","Qatar","EMRO",209,137851,1,237
"2020-11-27","QA","Qatar","EMRO",215,138066,0,237
"2020-11-28","QA","Qatar","EMRO",184,138250,0,237
"2020-11-29","QA","Qatar","EMRO",227,138477,0,237
"2020-11-30","QA","Qatar","EMRO",171,138648,0,237
"2020-12-01","QA","Qatar","EMRO",185,138833,0,237
"2020-12-02","QA","Qatar","EMRO",168,139001,1,238
"2020-12-03","QA","Qatar","EMRO",255,139256,1,239
"2020-12-04","QA","Qatar","EMRO",221,139477,0,239
"2020-12-05","QA","Qatar","EMRO",166,139643,0,239
"2020-12-06","QA","Qatar","EMRO",140,139783,0,239
"2020-12-07","QA","Qatar","EMRO",125,139908,0,239
"2020-12-08","QA","Qatar","EMRO",178,140086,0,239
"2020-12-09","QA","Qatar","EMRO",117,140203,0,239
"2020-12-10","QA","Qatar","EMRO",150,140353,1,240
"2020-12-11","QA","Qatar","EMRO",163,140516,0,240
"2020-12-12","QA","Qatar","EMRO",164,140680,0,240
