"Fecha_de_reporte","Codigo_pais","Paises","Region","Casos_nuevos","Casos_acumulados","defunciones_nuevas","defunciones_acumuladas"
"2020-01-03","MD","Republic of Moldova","EURO",0,0,0,0
"2020-01-04","MD","Republic of Moldova","EURO",0,0,0,0
"2020-01-05","MD","Republic of Moldova","EURO",0,0,0,0
"2020-01-06","MD","Republic of Moldova","EURO",0,0,0,0
"2020-01-07","MD","Republic of Moldova","EURO",0,0,0,0
"2020-01-08","MD","Republic of Moldova","EURO",0,0,0,0
"2020-01-09","MD","Republic of Moldova","EURO",0,0,0,0
"2020-01-10","MD","Republic of Moldova","EURO",0,0,0,0
"2020-01-11","MD","Republic of Moldova","EURO",0,0,0,0
"2020-01-12","MD","Republic of Moldova","EURO",0,0,0,0
"2020-01-13","MD","Republic of Moldova","EURO",0,0,0,0
"2020-01-14","MD","Republic of Moldova","EURO",0,0,0,0
"2020-01-15","MD","Republic of Moldova","EURO",0,0,0,0
"2020-01-16","MD","Republic of Moldova","EURO",0,0,0,0
"2020-01-17","MD","Republic of Moldova","EURO",0,0,0,0
"2020-01-18","MD","Republic of Moldova","EURO",0,0,0,0
"2020-01-19","MD","Republic of Moldova","EURO",0,0,0,0
"2020-01-20","MD","Republic of Moldova","EURO",0,0,0,0
"2020-01-21","MD","Republic of Moldova","EURO",0,0,0,0
"2020-01-22","MD","Republic of Moldova","EURO",0,0,0,0
"2020-01-23","MD","Republic of Moldova","EURO",0,0,0,0
"2020-01-24","MD","Republic of Moldova","EURO",0,0,0,0
"2020-01-25","MD","Republic of Moldova","EURO",0,0,0,0
"2020-01-26","MD","Republic of Moldova","EURO",0,0,0,0
"2020-01-27","MD","Republic of Moldova","EURO",0,0,0,0
"2020-01-28","MD","Republic of Moldova","EURO",0,0,0,0
"2020-01-29","MD","Republic of Moldova","EURO",0,0,0,0
"2020-01-30","MD","Republic of Moldova","EURO",0,0,0,0
"2020-01-31","MD","Republic of Moldova","EURO",0,0,0,0
"2020-02-01","MD","Republic of Moldova","EURO",0,0,0,0
"2020-02-02","MD","Republic of Moldova","EURO",0,0,0,0
"2020-02-03","MD","Republic of Moldova","EURO",0,0,0,0
"2020-02-04","MD","Republic of Moldova","EURO",0,0,0,0
"2020-02-05","MD","Republic of Moldova","EURO",0,0,0,0
"2020-02-06","MD","Republic of Moldova","EURO",0,0,0,0
"2020-02-07","MD","Republic of Moldova","EURO",0,0,0,0
"2020-02-08","MD","Republic of Moldova","EURO",0,0,0,0
"2020-02-09","MD","Republic of Moldova","EURO",0,0,0,0
"2020-02-10","MD","Republic of Moldova","EURO",0,0,0,0
"2020-02-11","MD","Republic of Moldova","EURO",0,0,0,0
"2020-02-12","MD","Republic of Moldova","EURO",0,0,0,0
"2020-02-13","MD","Republic of Moldova","EURO",0,0,0,0
"2020-02-14","MD","Republic of Moldova","EURO",0,0,0,0
"2020-02-15","MD","Republic of Moldova","EURO",0,0,0,0
"2020-02-16","MD","Republic of Moldova","EURO",0,0,0,0
"2020-02-17","MD","Republic of Moldova","EURO",0,0,0,0
"2020-02-18","MD","Republic of Moldova","EURO",0,0,0,0
"2020-02-19","MD","Republic of Moldova","EURO",0,0,0,0
"2020-02-20","MD","Republic of Moldova","EURO",0,0,0,0
"2020-02-21","MD","Republic of Moldova","EURO",0,0,0,0
"2020-02-22","MD","Republic of Moldova","EURO",0,0,0,0
"2020-02-23","MD","Republic of Moldova","EURO",0,0,0,0
"2020-02-24","MD","Republic of Moldova","EURO",0,0,0,0
"2020-02-25","MD","Republic of Moldova","EURO",0,0,0,0
"2020-02-26","MD","Republic of Moldova","EURO",0,0,0,0
"2020-02-27","MD","Republic of Moldova","EURO",0,0,0,0
"2020-02-28","MD","Republic of Moldova","EURO",0,0,0,0
"2020-02-29","MD","Republic of Moldova","EURO",0,0,0,0
"2020-03-01","MD","Republic of Moldova","EURO",0,0,0,0
"2020-03-02","MD","Republic of Moldova","EURO",0,0,0,0
"2020-03-03","MD","Republic of Moldova","EURO",0,0,0,0
"2020-03-04","MD","Republic of Moldova","EURO",0,0,0,0
"2020-03-05","MD","Republic of Moldova","EURO",0,0,0,0
"2020-03-06","MD","Republic of Moldova","EURO",0,0,0,0
"2020-03-07","MD","Republic of Moldova","EURO",1,1,0,0
"2020-03-08","MD","Republic of Moldova","EURO",0,1,0,0
"2020-03-09","MD","Republic of Moldova","EURO",0,1,0,0
"2020-03-10","MD","Republic of Moldova","EURO",0,1,0,0
"2020-03-11","MD","Republic of Moldova","EURO",2,3,0,0
"2020-03-12","MD","Republic of Moldova","EURO",0,3,0,0
"2020-03-13","MD","Republic of Moldova","EURO",1,4,0,0
"2020-03-14","MD","Republic of Moldova","EURO",4,8,0,0
"2020-03-15","MD","Republic of Moldova","EURO",0,8,0,0
"2020-03-16","MD","Republic of Moldova","EURO",15,23,0,0
"2020-03-17","MD","Republic of Moldova","EURO",0,23,0,0
"2020-03-18","MD","Republic of Moldova","EURO",7,30,0,0
"2020-03-19","MD","Republic of Moldova","EURO",6,36,0,0
"2020-03-20","MD","Republic of Moldova","EURO",13,49,0,0
"2020-03-21","MD","Republic of Moldova","EURO",31,80,1,1
"2020-03-22","MD","Republic of Moldova","EURO",0,80,0,1
"2020-03-23","MD","Republic of Moldova","EURO",14,94,0,1
"2020-03-24","MD","Republic of Moldova","EURO",15,109,0,1
"2020-03-25","MD","Republic of Moldova","EURO",40,149,0,1
"2020-03-26","MD","Republic of Moldova","EURO",0,149,0,1
"2020-03-27","MD","Republic of Moldova","EURO",50,199,1,2
"2020-03-28","MD","Republic of Moldova","EURO",0,199,0,2
"2020-03-29","MD","Republic of Moldova","EURO",32,231,0,2
"2020-03-30","MD","Republic of Moldova","EURO",32,263,0,2
"2020-03-31","MD","Republic of Moldova","EURO",90,353,1,3
"2020-04-01","MD","Republic of Moldova","EURO",70,423,2,5
"2020-04-02","MD","Republic of Moldova","EURO",0,423,0,5
"2020-04-03","MD","Republic of Moldova","EURO",168,591,3,8
"2020-04-04","MD","Republic of Moldova","EURO",0,591,1,9
"2020-04-05","MD","Republic of Moldova","EURO",161,752,3,12
"2020-04-06","MD","Republic of Moldova","EURO",112,864,3,15
"2020-04-07","MD","Republic of Moldova","EURO",101,965,4,19
"2020-04-08","MD","Republic of Moldova","EURO",91,1056,3,22
"2020-04-09","MD","Republic of Moldova","EURO",118,1174,6,28
"2020-04-10","MD","Republic of Moldova","EURO",115,1289,1,29
"2020-04-11","MD","Republic of Moldova","EURO",149,1438,0,29
"2020-04-12","MD","Republic of Moldova","EURO",122,1560,1,30
"2020-04-13","MD","Republic of Moldova","EURO",102,1662,3,33
"2020-04-14","MD","Republic of Moldova","EURO",50,1712,3,36
"2020-04-15","MD","Republic of Moldova","EURO",222,1934,5,41
"2020-04-16","MD","Republic of Moldova","EURO",115,2049,5,46
"2020-04-17","MD","Republic of Moldova","EURO",105,2154,8,54
"2020-04-18","MD","Republic of Moldova","EURO",110,2264,2,56
"2020-04-19","MD","Republic of Moldova","EURO",87,2351,4,60
"2020-04-20","MD","Republic of Moldova","EURO",121,2472,7,67
"2020-04-21","MD","Republic of Moldova","EURO",76,2548,3,70
"2020-04-22","MD","Republic of Moldova","EURO",93,2641,3,73
"2020-04-23","MD","Republic of Moldova","EURO",137,2778,3,76
"2020-04-24","MD","Republic of Moldova","EURO",148,2926,4,80
"2020-04-25","MD","Republic of Moldova","EURO",184,3110,7,87
"2020-04-26","MD","Republic of Moldova","EURO",194,3304,7,94
"2020-04-27","MD","Republic of Moldova","EURO",104,3408,2,96
"2020-04-28","MD","Republic of Moldova","EURO",73,3481,7,103
"2020-04-29","MD","Republic of Moldova","EURO",157,3638,6,109
"2020-04-30","MD","Republic of Moldova","EURO",133,3771,7,116
"2020-05-01","MD","Republic of Moldova","EURO",126,3897,3,119
"2020-05-02","MD","Republic of Moldova","EURO",83,3980,3,122
"2020-05-03","MD","Republic of Moldova","EURO",72,4052,2,124
"2020-05-04","MD","Republic of Moldova","EURO",69,4121,4,128
"2020-05-05","MD","Republic of Moldova","EURO",127,4248,5,133
"2020-05-06","MD","Republic of Moldova","EURO",115,4363,7,140
"2020-05-07","MD","Republic of Moldova","EURO",113,4476,3,143
"2020-05-08","MD","Republic of Moldova","EURO",129,4605,2,145
"2020-05-09","MD","Republic of Moldova","EURO",123,4728,14,159
"2020-05-10","MD","Republic of Moldova","EURO",139,4867,6,165
"2020-05-11","MD","Republic of Moldova","EURO",60,4927,6,171
"2020-05-12","MD","Republic of Moldova","EURO",68,4995,8,179
"2020-05-13","MD","Republic of Moldova","EURO",159,5154,3,182
"2020-05-14","MD","Republic of Moldova","EURO",252,5406,8,190
"2020-05-15","MD","Republic of Moldova","EURO",147,5553,6,196
"2020-05-16","MD","Republic of Moldova","EURO",192,5745,8,204
"2020-05-17","MD","Republic of Moldova","EURO",189,5934,5,209
"2020-05-18","MD","Republic of Moldova","EURO",126,6060,2,211
"2020-05-19","MD","Republic of Moldova","EURO",78,6138,8,219
"2020-05-20","MD","Republic of Moldova","EURO",202,6340,5,224
"2020-05-21","MD","Republic of Moldova","EURO",213,6553,8,232
"2020-05-22","MD","Republic of Moldova","EURO",151,6704,1,233
"2020-05-23","MD","Republic of Moldova","EURO",143,6847,5,238
"2020-05-24","MD","Republic of Moldova","EURO",147,6994,12,250
"2020-05-25","MD","Republic of Moldova","EURO",99,7093,6,256
"2020-05-26","MD","Republic of Moldova","EURO",56,7149,9,265
"2020-05-27","MD","Republic of Moldova","EURO",156,7305,8,273
"2020-05-28","MD","Republic of Moldova","EURO",232,7537,3,276
"2020-05-29","MD","Republic of Moldova","EURO",188,7725,6,282
"2020-05-30","MD","Republic of Moldova","EURO",171,7896,7,289
"2020-05-31","MD","Republic of Moldova","EURO",202,8098,5,294
"2020-06-01","MD","Republic of Moldova","EURO",153,8251,1,295
"2020-06-02","MD","Republic of Moldova","EURO",109,8360,12,307
"2020-06-03","MD","Republic of Moldova","EURO",188,8548,2,309
"2020-06-04","MD","Republic of Moldova","EURO",247,8795,5,314
"2020-06-05","MD","Republic of Moldova","EURO",223,9018,1,315
"2020-06-06","MD","Republic of Moldova","EURO",229,9247,8,323
"2020-06-07","MD","Republic of Moldova","EURO",264,9511,12,335
"2020-06-08","MD","Republic of Moldova","EURO",189,9700,11,346
"2020-06-09","MD","Republic of Moldova","EURO",107,9807,13,359
"2020-06-10","MD","Republic of Moldova","EURO",218,10025,8,367
"2020-06-11","MD","Republic of Moldova","EURO",296,10321,4,371
"2020-06-12","MD","Republic of Moldova","EURO",406,10727,4,375
"2020-06-13","MD","Republic of Moldova","EURO",366,11093,20,395
"2020-06-14","MD","Republic of Moldova","EURO",366,11459,4,399
"2020-06-15","MD","Republic of Moldova","EURO",281,11740,7,406
"2020-06-16","MD","Republic of Moldova","EURO",139,11879,11,417
"2020-06-17","MD","Republic of Moldova","EURO",375,12254,10,427
"2020-06-18","MD","Republic of Moldova","EURO",478,12732,6,433
"2020-06-19","MD","Republic of Moldova","EURO",374,13106,16,449
"2020-06-20","MD","Republic of Moldova","EURO",450,13556,9,458
"2020-06-21","MD","Republic of Moldova","EURO",397,13953,6,464
"2020-06-22","MD","Republic of Moldova","EURO",247,14200,11,475
"2020-06-23","MD","Republic of Moldova","EURO",163,14363,9,484
"2020-06-24","MD","Republic of Moldova","EURO",351,14714,8,492
"2020-06-25","MD","Republic of Moldova","EURO",364,15078,10,502
"2020-06-26","MD","Republic of Moldova","EURO",375,15453,0,502
"2020-06-27","MD","Republic of Moldova","EURO",323,15776,13,515
"2020-06-28","MD","Republic of Moldova","EURO",304,16080,11,526
"2020-06-29","MD","Republic of Moldova","EURO",170,16250,7,533
"2020-06-30","MD","Republic of Moldova","EURO",107,16357,8,541
"2020-07-01","MD","Republic of Moldova","EURO",256,16613,6,547
"2020-07-02","MD","Republic of Moldova","EURO",285,16898,2,549
"2020-07-03","MD","Republic of Moldova","EURO",252,17150,14,563
"2020-07-04","MD","Republic of Moldova","EURO",295,17445,13,576
"2020-07-05","MD","Republic of Moldova","EURO",227,17672,6,582
"2020-07-06","MD","Republic of Moldova","EURO",142,17814,6,588
"2020-07-07","MD","Republic of Moldova","EURO",92,17906,10,598
"2020-07-08","MD","Republic of Moldova","EURO",235,18141,6,604
"2020-07-09","MD","Republic of Moldova","EURO",330,18471,10,614
"2020-07-10","MD","Republic of Moldova","EURO",195,18666,13,627
"2020-07-11","MD","Republic of Moldova","EURO",258,18924,8,635
"2020-07-12","MD","Republic of Moldova","EURO",284,19208,5,640
"2020-07-13","MD","Republic of Moldova","EURO",174,19382,2,642
"2020-07-14","MD","Republic of Moldova","EURO",57,19439,10,652
"2020-07-15","MD","Republic of Moldova","EURO",269,19708,6,658
"2020-07-16","MD","Republic of Moldova","EURO",332,20040,4,662
"2020-07-17","MD","Republic of Moldova","EURO",224,20264,4,666
"2020-07-18","MD","Republic of Moldova","EURO",230,20494,9,675
"2020-07-19","MD","Republic of Moldova","EURO",300,20794,5,680
"2020-07-20","MD","Republic of Moldova","EURO",186,20980,8,688
"2020-07-21","MD","Republic of Moldova","EURO",135,21115,9,697
"2020-07-22","MD","Republic of Moldova","EURO",327,21442,11,708
"2020-07-23","MD","Republic of Moldova","EURO",356,21798,5,713
"2020-07-24","MD","Republic of Moldova","EURO",307,22105,8,721
"2020-07-25","MD","Republic of Moldova","EURO",378,22483,5,726
"2020-07-26","MD","Republic of Moldova","EURO",345,22828,7,733
"2020-07-27","MD","Republic of Moldova","EURO",206,23034,7,740
"2020-07-28","MD","Republic of Moldova","EURO",120,23154,11,751
"2020-07-29","MD","Republic of Moldova","EURO",367,23521,6,757
"2020-07-30","MD","Republic of Moldova","EURO",426,23947,5,762
"2020-07-31","MD","Republic of Moldova","EURO",396,24343,9,771
"2020-08-01","MD","Republic of Moldova","EURO",390,24733,7,778
"2020-08-02","MD","Republic of Moldova","EURO",380,25113,11,789
"2020-08-03","MD","Republic of Moldova","EURO",249,25362,3,792
"2020-08-04","MD","Republic of Moldova","EURO",120,25482,8,800
"2020-08-05","MD","Republic of Moldova","EURO",332,25814,10,810
"2020-08-06","MD","Republic of Moldova","EURO",408,26222,13,823
"2020-08-07","MD","Republic of Moldova","EURO",406,26628,5,828
"2020-08-08","MD","Republic of Moldova","EURO",362,26990,7,835
"2020-08-09","MD","Republic of Moldova","EURO",453,27443,6,841
"2020-08-10","MD","Republic of Moldova","EURO",217,27660,4,845
"2020-08-11","MD","Republic of Moldova","EURO",181,27841,5,850
"2020-08-12","MD","Republic of Moldova","EURO",382,28223,7,857
"2020-08-13","MD","Republic of Moldova","EURO",474,28697,6,863
"2020-08-14","MD","Republic of Moldova","EURO",390,29087,15,878
"2020-08-15","MD","Republic of Moldova","EURO",396,29483,6,884
"2020-08-16","MD","Republic of Moldova","EURO",422,29905,11,895
"2020-08-17","MD","Republic of Moldova","EURO",278,30183,1,896
"2020-08-18","MD","Republic of Moldova","EURO",194,30377,12,908
"2020-08-19","MD","Republic of Moldova","EURO",412,30789,0,908
"2020-08-20","MD","Republic of Moldova","EURO",626,31415,6,914
"2020-08-21","MD","Republic of Moldova","EURO",522,31937,7,921
"2020-08-22","MD","Republic of Moldova","EURO",547,32484,8,929
"2020-08-23","MD","Republic of Moldova","EURO",588,33072,6,935
"2020-08-24","MD","Republic of Moldova","EURO",406,33478,5,940
"2020-08-25","MD","Republic of Moldova","EURO",350,33828,5,945
"2020-08-26","MD","Republic of Moldova","EURO",530,34358,15,960
"2020-08-27","MD","Republic of Moldova","EURO",624,34982,7,967
"2020-08-28","MD","Republic of Moldova","EURO",564,35546,10,977
"2020-08-29","MD","Republic of Moldova","EURO",358,35904,4,981
"2020-08-30","MD","Republic of Moldova","EURO",500,36404,9,990
"2020-08-31","MD","Republic of Moldova","EURO",296,36700,2,992
"2020-09-01","MD","Republic of Moldova","EURO",220,36920,3,995
"2020-09-02","MD","Republic of Moldova","EURO",288,37208,13,1008
"2020-09-03","MD","Republic of Moldova","EURO",532,37740,16,1024
"2020-09-04","MD","Republic of Moldova","EURO",632,38372,12,1036
"2020-09-05","MD","Republic of Moldova","EURO",534,38906,11,1047
"2020-09-06","MD","Republic of Moldova","EURO",567,39473,16,1063
"2020-09-07","MD","Republic of Moldova","EURO",324,39797,0,1063
"2020-09-08","MD","Republic of Moldova","EURO",258,40055,11,1074
"2020-09-09","MD","Republic of Moldova","EURO",501,40556,13,1087
"2020-09-10","MD","Republic of Moldova","EURO",588,41144,9,1096
"2020-09-11","MD","Republic of Moldova","EURO",560,41704,10,1106
"2020-09-12","MD","Republic of Moldova","EURO",479,42183,8,1114
"2020-09-13","MD","Republic of Moldova","EURO",531,42714,4,1118
"2020-09-14","MD","Republic of Moldova","EURO",264,42978,5,1123
"2020-09-15","MD","Republic of Moldova","EURO",229,43207,7,1130
"2020-09-16","MD","Republic of Moldova","EURO",527,43734,14,1144
"2020-09-17","MD","Republic of Moldova","EURO",627,44361,15,1159
"2020-09-18","MD","Republic of Moldova","EURO",622,44983,11,1170
"2020-09-19","MD","Republic of Moldova","EURO",665,45648,16,1186
"2020-09-20","MD","Republic of Moldova","EURO",688,46336,15,1201
"2020-09-21","MD","Republic of Moldova","EURO",260,46596,2,1203
"2020-09-22","MD","Republic of Moldova","EURO",200,46796,8,1211
"2020-09-23","MD","Republic of Moldova","EURO",650,47446,19,1230
"2020-09-24","MD","Republic of Moldova","EURO",786,48232,14,1244
"2020-09-25","MD","Republic of Moldova","EURO",721,48953,8,1252
"2020-09-26","MD","Republic of Moldova","EURO",713,49666,12,1264
"2020-09-27","MD","Republic of Moldova","EURO",868,50534,15,1279
"2020-09-28","MD","Republic of Moldova","EURO",341,50875,8,1287
"2020-09-29","MD","Republic of Moldova","EURO",319,51194,14,1301
"2020-09-30","MD","Republic of Moldova","EURO",835,52029,9,1310
"2020-10-01","MD","Republic of Moldova","EURO",1013,53042,10,1320
"2020-10-02","MD","Republic of Moldova","EURO",1022,54064,16,1336
"2020-10-03","MD","Republic of Moldova","EURO",952,55016,8,1344
"2020-10-04","MD","Republic of Moldova","EURO",872,55888,9,1353
"2020-10-05","MD","Republic of Moldova","EURO",691,56579,13,1366
"2020-10-06","MD","Republic of Moldova","EURO",322,56901,9,1375
"2020-10-07","MD","Republic of Moldova","EURO",831,57732,14,1389
"2020-10-08","MD","Republic of Moldova","EURO",1062,58794,17,1406
"2020-10-09","MD","Republic of Moldova","EURO",1121,59915,18,1424
"2020-10-10","MD","Republic of Moldova","EURO",918,60833,18,1442
"2020-10-11","MD","Republic of Moldova","EURO",929,61762,16,1458
"2020-10-12","MD","Republic of Moldova","EURO",389,62151,3,1461
"2020-10-13","MD","Republic of Moldova","EURO",467,62618,17,1478
"2020-10-14","MD","Republic of Moldova","EURO",657,63275,17,1495
"2020-10-15","MD","Republic of Moldova","EURO",1149,64424,19,1514
"2020-10-16","MD","Republic of Moldova","EURO",652,65076,16,1530
"2020-10-17","MD","Republic of Moldova","EURO",784,65860,19,1549
"2020-10-18","MD","Republic of Moldova","EURO",792,66652,20,1569
"2020-10-19","MD","Republic of Moldova","EURO",398,67050,15,1584
"2020-10-20","MD","Republic of Moldova","EURO",252,67302,17,1601
"2020-10-21","MD","Republic of Moldova","EURO",656,67958,16,1617
"2020-10-22","MD","Republic of Moldova","EURO",833,68791,13,1630
"2020-10-23","MD","Republic of Moldova","EURO",777,69568,11,1641
"2020-10-24","MD","Republic of Moldova","EURO",688,70256,14,1655
"2020-10-25","MD","Republic of Moldova","EURO",833,71089,14,1669
"2020-10-26","MD","Republic of Moldova","EURO",414,71503,16,1685
"2020-10-27","MD","Republic of Moldova","EURO",308,71811,15,1700
"2020-10-28","MD","Republic of Moldova","EURO",649,72460,10,1710
"2020-10-29","MD","Republic of Moldova","EURO",861,73321,19,1729
"2020-10-30","MD","Republic of Moldova","EURO",912,74233,18,1747
"2020-10-31","MD","Republic of Moldova","EURO",968,75201,19,1766
"2020-11-01","MD","Republic of Moldova","EURO",839,76040,19,1785
"2020-11-02","MD","Republic of Moldova","EURO",542,76582,15,1800
"2020-11-03","MD","Republic of Moldova","EURO",195,76777,18,1818
"2020-11-04","MD","Republic of Moldova","EURO",710,77487,20,1838
"2020-11-05","MD","Republic of Moldova","EURO",1020,78507,13,1851
"2020-11-06","MD","Republic of Moldova","EURO",1059,79566,15,1866
"2020-11-07","MD","Republic of Moldova","EURO",935,80501,16,1882
"2020-11-08","MD","Republic of Moldova","EURO",1174,81675,9,1891
"2020-11-09","MD","Republic of Moldova","EURO",671,82346,2,1893
"2020-11-10","MD","Republic of Moldova","EURO",331,82677,19,1912
"2020-11-11","MD","Republic of Moldova","EURO",915,83592,18,1930
"2020-11-12","MD","Republic of Moldova","EURO",1115,84707,20,1950
"2020-11-13","MD","Republic of Moldova","EURO",1331,86038,19,1969
"2020-11-14","MD","Republic of Moldova","EURO",1323,87361,18,1987
"2020-11-15","MD","Republic of Moldova","EURO",1411,88772,19,2006
"2020-11-16","MD","Republic of Moldova","EURO",507,89279,13,2019
"2020-11-17","MD","Republic of Moldova","EURO",564,89843,16,2035
"2020-11-18","MD","Republic of Moldova","EURO",1069,90912,19,2054
"2020-11-19","MD","Republic of Moldova","EURO",1607,92519,18,2072
"2020-11-20","MD","Republic of Moldova","EURO",1442,93961,19,2091
"2020-11-21","MD","Republic of Moldova","EURO",1422,95383,20,2111
"2020-11-22","MD","Republic of Moldova","EURO",1306,96689,19,2130
"2020-11-23","MD","Republic of Moldova","EURO",1252,97941,19,2149
"2020-11-24","MD","Republic of Moldova","EURO",477,98418,20,2169
"2020-11-25","MD","Republic of Moldova","EURO",1215,99633,19,2188
"2020-11-26","MD","Republic of Moldova","EURO",1570,101203,21,2209
"2020-11-27","MD","Republic of Moldova","EURO",1691,102894,20,2229
"2020-11-28","MD","Republic of Moldova","EURO",1246,104140,21,2250
"2020-11-29","MD","Republic of Moldova","EURO",1712,105852,19,2269
"2020-11-30","MD","Republic of Moldova","EURO",1165,107017,21,2290
"2020-12-01","MD","Republic of Moldova","EURO",347,107364,14,2304
"2020-12-02","MD","Republic of Moldova","EURO",1499,108863,19,2323
"2020-12-03","MD","Republic of Moldova","EURO",1717,110580,20,2343
"2020-12-04","MD","Republic of Moldova","EURO",1727,112307,20,2363
"2020-12-05","MD","Republic of Moldova","EURO",1522,113829,21,2384
"2020-12-06","MD","Republic of Moldova","EURO",1728,115557,19,2403
"2020-12-07","MD","Republic of Moldova","EURO",1078,116635,16,2419
"2020-12-08","MD","Republic of Moldova","EURO",860,117495,19,2438
"2020-12-09","MD","Republic of Moldova","EURO",1709,119204,22,2460
"2020-12-10","MD","Republic of Moldova","EURO",1766,120970,21,2481
"2020-12-11","MD","Republic of Moldova","EURO",1715,122685,19,2500
"2020-12-12","MD","Republic of Moldova","EURO",1579,124264,21,2521
