"Fecha_de_reporte","Codigo_pais","Paises","Region","Casos_nuevos","Casos_acumulados","defunciones_nuevas","defunciones_acumuladas"
"2020-01-03","RO","Romania","EURO",0,0,0,0
"2020-01-04","RO","Romania","EURO",0,0,0,0
"2020-01-05","RO","Romania","EURO",0,0,0,0
"2020-01-06","RO","Romania","EURO",0,0,0,0
"2020-01-07","RO","Romania","EURO",0,0,0,0
"2020-01-08","RO","Romania","EURO",0,0,0,0
"2020-01-09","RO","Romania","EURO",0,0,0,0
"2020-01-10","RO","Romania","EURO",0,0,0,0
"2020-01-11","RO","Romania","EURO",0,0,0,0
"2020-01-12","RO","Romania","EURO",0,0,0,0
"2020-01-13","RO","Romania","EURO",0,0,0,0
"2020-01-14","RO","Romania","EURO",0,0,0,0
"2020-01-15","RO","Romania","EURO",0,0,0,0
"2020-01-16","RO","Romania","EURO",0,0,0,0
"2020-01-17","RO","Romania","EURO",0,0,0,0
"2020-01-18","RO","Romania","EURO",0,0,0,0
"2020-01-19","RO","Romania","EURO",0,0,0,0
"2020-01-20","RO","Romania","EURO",0,0,0,0
"2020-01-21","RO","Romania","EURO",0,0,0,0
"2020-01-22","RO","Romania","EURO",0,0,0,0
"2020-01-23","RO","Romania","EURO",0,0,0,0
"2020-01-24","RO","Romania","EURO",0,0,0,0
"2020-01-25","RO","Romania","EURO",0,0,0,0
"2020-01-26","RO","Romania","EURO",0,0,0,0
"2020-01-27","RO","Romania","EURO",0,0,0,0
"2020-01-28","RO","Romania","EURO",0,0,0,0
"2020-01-29","RO","Romania","EURO",0,0,0,0
"2020-01-30","RO","Romania","EURO",0,0,0,0
"2020-01-31","RO","Romania","EURO",0,0,0,0
"2020-02-01","RO","Romania","EURO",0,0,0,0
"2020-02-02","RO","Romania","EURO",0,0,0,0
"2020-02-03","RO","Romania","EURO",0,0,0,0
"2020-02-04","RO","Romania","EURO",0,0,0,0
"2020-02-05","RO","Romania","EURO",0,0,0,0
"2020-02-06","RO","Romania","EURO",0,0,0,0
"2020-02-07","RO","Romania","EURO",0,0,0,0
"2020-02-08","RO","Romania","EURO",0,0,0,0
"2020-02-09","RO","Romania","EURO",0,0,0,0
"2020-02-10","RO","Romania","EURO",0,0,0,0
"2020-02-11","RO","Romania","EURO",0,0,0,0
"2020-02-12","RO","Romania","EURO",0,0,0,0
"2020-02-13","RO","Romania","EURO",0,0,0,0
"2020-02-14","RO","Romania","EURO",0,0,0,0
"2020-02-15","RO","Romania","EURO",0,0,0,0
"2020-02-16","RO","Romania","EURO",0,0,0,0
"2020-02-17","RO","Romania","EURO",0,0,0,0
"2020-02-18","RO","Romania","EURO",0,0,0,0
"2020-02-19","RO","Romania","EURO",0,0,0,0
"2020-02-20","RO","Romania","EURO",0,0,0,0
"2020-02-21","RO","Romania","EURO",0,0,0,0
"2020-02-22","RO","Romania","EURO",0,0,0,0
"2020-02-23","RO","Romania","EURO",0,0,0,0
"2020-02-24","RO","Romania","EURO",0,0,0,0
"2020-02-25","RO","Romania","EURO",0,0,0,0
"2020-02-26","RO","Romania","EURO",1,1,0,0
"2020-02-27","RO","Romania","EURO",0,1,0,0
"2020-02-28","RO","Romania","EURO",0,1,0,0
"2020-02-29","RO","Romania","EURO",2,3,0,0
"2020-03-01","RO","Romania","EURO",0,3,0,0
"2020-03-02","RO","Romania","EURO",0,3,0,0
"2020-03-03","RO","Romania","EURO",0,3,0,0
"2020-03-04","RO","Romania","EURO",1,4,0,0
"2020-03-05","RO","Romania","EURO",0,4,0,0
"2020-03-06","RO","Romania","EURO",2,6,0,0
"2020-03-07","RO","Romania","EURO",1,7,0,0
"2020-03-08","RO","Romania","EURO",6,13,0,0
"2020-03-09","RO","Romania","EURO",2,15,0,0
"2020-03-10","RO","Romania","EURO",2,17,0,0
"2020-03-11","RO","Romania","EURO",8,25,0,0
"2020-03-12","RO","Romania","EURO",20,45,0,0
"2020-03-13","RO","Romania","EURO",19,64,0,0
"2020-03-14","RO","Romania","EURO",25,89,0,0
"2020-03-15","RO","Romania","EURO",24,113,0,0
"2020-03-16","RO","Romania","EURO",26,139,0,0
"2020-03-17","RO","Romania","EURO",45,184,0,0
"2020-03-18","RO","Romania","EURO",33,217,0,0
"2020-03-19","RO","Romania","EURO",43,260,0,0
"2020-03-20","RO","Romania","EURO",17,277,0,0
"2020-03-21","RO","Romania","EURO",31,308,0,0
"2020-03-22","RO","Romania","EURO",59,367,0,0
"2020-03-23","RO","Romania","EURO",66,433,2,2
"2020-03-24","RO","Romania","EURO",143,576,5,7
"2020-03-25","RO","Romania","EURO",186,762,4,11
"2020-03-26","RO","Romania","EURO",144,906,2,13
"2020-03-27","RO","Romania","EURO",123,1029,4,17
"2020-03-28","RO","Romania","EURO",263,1292,7,24
"2020-03-29","RO","Romania","EURO",160,1452,5,29
"2020-03-30","RO","Romania","EURO",308,1760,11,40
"2020-03-31","RO","Romania","EURO",192,1952,4,44
"2020-04-01","RO","Romania","EURO",293,2245,25,69
"2020-04-02","RO","Romania","EURO",215,2460,16,85
"2020-04-03","RO","Romania","EURO",278,2738,9,94
"2020-04-04","RO","Romania","EURO",445,3183,39,133
"2020-04-05","RO","Romania","EURO",430,3613,8,141
"2020-04-06","RO","Romania","EURO",251,3864,7,148
"2020-04-07","RO","Romania","EURO",193,4057,9,157
"2020-04-08","RO","Romania","EURO",360,4417,25,182
"2020-04-09","RO","Romania","EURO",344,4761,27,209
"2020-04-10","RO","Romania","EURO",441,5202,20,229
"2020-04-11","RO","Romania","EURO",265,5467,28,257
"2020-04-12","RO","Romania","EURO",523,5990,25,282
"2020-04-13","RO","Romania","EURO",310,6300,24,306
"2020-04-14","RO","Romania","EURO",333,6633,12,318
"2020-04-15","RO","Romania","EURO",246,6879,26,344
"2020-04-16","RO","Romania","EURO",337,7216,28,372
"2020-04-17","RO","Romania","EURO",491,7707,15,387
"2020-04-18","RO","Romania","EURO",360,8067,13,400
"2020-04-19","RO","Romania","EURO",351,8418,17,417
"2020-04-20","RO","Romania","EURO",328,8746,17,434
"2020-04-21","RO","Romania","EURO",190,8936,17,451
"2020-04-22","RO","Romania","EURO",306,9242,32,483
"2020-04-23","RO","Romania","EURO",468,9710,25,508
"2020-04-24","RO","Romania","EURO",386,10096,19,527
"2020-04-25","RO","Romania","EURO",321,10417,25,552
"2020-04-26","RO","Romania","EURO",218,10635,23,575
"2020-04-27","RO","Romania","EURO",401,11036,33,608
"2020-04-28","RO","Romania","EURO",303,11339,23,631
"2020-04-29","RO","Romania","EURO",277,11616,19,650
"2020-04-30","RO","Romania","EURO",362,11978,25,675
"2020-05-01","RO","Romania","EURO",262,12240,42,717
"2020-05-02","RO","Romania","EURO",327,12567,27,744
"2020-05-03","RO","Romania","EURO",165,12732,27,771
"2020-05-04","RO","Romania","EURO",431,13163,9,780
"2020-05-05","RO","Romania","EURO",349,13512,23,803
"2020-05-06","RO","Romania","EURO",325,13837,24,827
"2020-05-07","RO","Romania","EURO",270,14107,31,858
"2020-05-08","RO","Romania","EURO",392,14499,18,876
"2020-05-09","RO","Romania","EURO",312,14811,22,898
"2020-05-10","RO","Romania","EURO",320,15131,28,926
"2020-05-11","RO","Romania","EURO",231,15362,26,952
"2020-05-12","RO","Romania","EURO",226,15588,20,972
"2020-05-13","RO","Romania","EURO",190,15778,30,1002
"2020-05-14","RO","Romania","EURO",224,16002,14,1016
"2020-05-15","RO","Romania","EURO",245,16247,30,1046
"2020-05-16","RO","Romania","EURO",190,16437,10,1056
"2020-05-17","RO","Romania","EURO",267,16704,25,1081
"2020-05-18","RO","Romania","EURO",167,16871,16,1097
"2020-05-19","RO","Romania","EURO",165,17036,10,1107
"2020-05-20","RO","Romania","EURO",155,17191,19,1126
"2020-05-21","RO","Romania","EURO",196,17387,15,1141
"2020-05-22","RO","Romania","EURO",198,17585,10,1151
"2020-05-23","RO","Romania","EURO",127,17712,8,1159
"2020-05-24","RO","Romania","EURO",145,17857,11,1170
"2020-05-25","RO","Romania","EURO",213,18070,9,1179
"2020-05-26","RO","Romania","EURO",213,18283,18,1197
"2020-05-27","RO","Romania","EURO",146,18429,13,1210
"2020-05-28","RO","Romania","EURO",165,18594,9,1219
"2020-05-29","RO","Romania","EURO",197,18791,10,1229
"2020-05-30","RO","Romania","EURO",191,18982,11,1240
"2020-05-31","RO","Romania","EURO",151,19133,13,1253
"2020-06-01","RO","Romania","EURO",124,19257,9,1262
"2020-06-02","RO","Romania","EURO",141,19398,17,1279
"2020-06-03","RO","Romania","EURO",119,19517,0,1279
"2020-06-04","RO","Romania","EURO",152,19669,9,1288
"2020-06-05","RO","Romania","EURO",238,19907,11,1299
"2020-06-06","RO","Romania","EURO",196,20103,9,1308
"2020-06-07","RO","Romania","EURO",187,20290,10,1318
"2020-06-08","RO","Romania","EURO",189,20479,8,1326
"2020-06-09","RO","Romania","EURO",125,20604,8,1334
"2020-06-10","RO","Romania","EURO",145,20749,11,1345
"2020-06-11","RO","Romania","EURO",196,20945,15,1360
"2020-06-12","RO","Romania","EURO",237,21182,9,1369
"2020-06-13","RO","Romania","EURO",222,21404,11,1380
"2020-06-14","RO","Romania","EURO",275,21679,11,1391
"2020-06-15","RO","Romania","EURO",320,21999,19,1410
"2020-06-16","RO","Romania","EURO",166,22165,17,1427
"2020-06-17","RO","Romania","EURO",250,22415,10,1437
"2020-06-18","RO","Romania","EURO",345,22760,14,1451
"2020-06-19","RO","Romania","EURO",320,23080,22,1473
"2020-06-20","RO","Romania","EURO",320,23400,11,1484
"2020-06-21","RO","Romania","EURO",330,23730,16,1500
"2020-06-22","RO","Romania","EURO",315,24045,12,1512
"2020-06-23","RO","Romania","EURO",246,24291,11,1523
"2020-06-24","RO","Romania","EURO",214,24505,16,1539
"2020-06-25","RO","Romania","EURO",321,24826,16,1555
"2020-06-26","RO","Romania","EURO",460,25286,10,1565
"2020-06-27","RO","Romania","EURO",411,25697,14,1579
"2020-06-28","RO","Romania","EURO",325,26022,10,1589
"2020-06-29","RO","Romania","EURO",291,26313,23,1612
"2020-06-30","RO","Romania","EURO",269,26582,22,1634
"2020-07-01","RO","Romania","EURO",388,26970,17,1651
"2020-07-02","RO","Romania","EURO",326,27296,16,1667
"2020-07-03","RO","Romania","EURO",450,27746,20,1687
"2020-07-04","RO","Romania","EURO",420,28166,21,1708
"2020-07-05","RO","Romania","EURO",416,28582,23,1731
"2020-07-06","RO","Romania","EURO",391,28973,19,1750
"2020-07-07","RO","Romania","EURO",250,29223,18,1768
"2020-07-08","RO","Romania","EURO",397,29620,31,1799
"2020-07-09","RO","Romania","EURO",555,30175,18,1817
"2020-07-10","RO","Romania","EURO",614,30789,17,1834
"2020-07-11","RO","Romania","EURO",592,31381,13,1847
"2020-07-12","RO","Romania","EURO",698,32079,24,1871
"2020-07-13","RO","Romania","EURO",456,32535,13,1884
"2020-07-14","RO","Romania","EURO",413,32948,17,1901
"2020-07-15","RO","Romania","EURO",637,33585,30,1931
"2020-07-16","RO","Romania","EURO",641,34226,21,1952
"2020-07-17","RO","Romania","EURO",777,35003,19,1971
"2020-07-18","RO","Romania","EURO",799,35802,17,1988
"2020-07-19","RO","Romania","EURO",889,36691,21,2009
"2020-07-20","RO","Romania","EURO",767,37458,17,2026
"2020-07-21","RO","Romania","EURO",681,38139,12,2038
"2020-07-22","RO","Romania","EURO",994,39133,36,2074
"2020-07-23","RO","Romania","EURO",1030,40163,27,2101
"2020-07-24","RO","Romania","EURO",1112,41275,25,2126
"2020-07-25","RO","Romania","EURO",1119,42394,24,2150
"2020-07-26","RO","Romania","EURO",1284,43678,15,2165
"2020-07-27","RO","Romania","EURO",1120,44798,22,2187
"2020-07-28","RO","Romania","EURO",1104,45902,19,2206
"2020-07-29","RO","Romania","EURO",1151,47053,33,2239
"2020-07-30","RO","Romania","EURO",1182,48235,30,2269
"2020-07-31","RO","Romania","EURO",1356,49591,35,2304
"2020-08-01","RO","Romania","EURO",1295,50886,39,2343
"2020-08-02","RO","Romania","EURO",1225,52111,36,2379
"2020-08-03","RO","Romania","EURO",1075,53186,34,2413
"2020-08-04","RO","Romania","EURO",823,54009,19,2432
"2020-08-05","RO","Romania","EURO",1232,55241,48,2480
"2020-08-06","RO","Romania","EURO",1309,56550,41,2521
"2020-08-07","RO","Romania","EURO",1345,57895,45,2566
"2020-08-08","RO","Romania","EURO",1378,59273,50,2616
"2020-08-09","RO","Romania","EURO",1350,60623,43,2659
"2020-08-10","RO","Romania","EURO",1145,61768,41,2700
"2020-08-11","RO","Romania","EURO",779,62547,29,2729
"2020-08-12","RO","Romania","EURO",1215,63762,35,2764
"2020-08-13","RO","Romania","EURO",1415,65177,43,2807
"2020-08-14","RO","Romania","EURO",1454,66631,53,2860
"2020-08-15","RO","Romania","EURO",1415,68046,44,2904
"2020-08-16","RO","Romania","EURO",1328,69374,50,2954
"2020-08-17","RO","Romania","EURO",1087,70461,37,2991
"2020-08-18","RO","Romania","EURO",733,71194,38,3029
"2020-08-19","RO","Romania","EURO",1014,72208,45,3074
"2020-08-20","RO","Romania","EURO",1409,73617,32,3106
"2020-08-21","RO","Romania","EURO",1346,74963,48,3154
"2020-08-22","RO","Romania","EURO",1392,76355,42,3196
"2020-08-23","RO","Romania","EURO",1189,77544,37,3233
"2020-08-24","RO","Romania","EURO",981,78525,39,3272
"2020-08-25","RO","Romania","EURO",805,79330,37,3309
"2020-08-26","RO","Romania","EURO",1060,80390,58,3367
"2020-08-27","RO","Romania","EURO",1256,81646,54,3421
"2020-08-28","RO","Romania","EURO",1504,83150,38,3459
"2020-08-29","RO","Romania","EURO",1318,84468,48,3507
"2020-08-30","RO","Romania","EURO",1365,85833,32,3539
"2020-08-31","RO","Romania","EURO",952,86785,39,3578
"2020-09-01","RO","Romania","EURO",755,87540,43,3621
"2020-09-02","RO","Romania","EURO",1053,88593,60,3681
"2020-09-03","RO","Romania","EURO",1298,89891,40,3721
"2020-09-04","RO","Romania","EURO",1365,91256,44,3765
"2020-09-05","RO","Romania","EURO",1339,92595,47,3812
"2020-09-06","RO","Romania","EURO",1269,93864,38,3850
"2020-09-07","RO","Romania","EURO",1150,95014,43,3893
"2020-09-08","RO","Romania","EURO",883,95897,33,3926
"2020-09-09","RO","Romania","EURO",1136,97033,41,3967
"2020-09-10","RO","Romania","EURO",1271,98304,51,4018
"2020-09-11","RO","Romania","EURO",1380,99684,47,4065
"2020-09-12","RO","Romania","EURO",1391,101075,35,4100
"2020-09-13","RO","Romania","EURO",1311,102386,27,4127
"2020-09-14","RO","Romania","EURO",1109,103495,36,4163
"2020-09-15","RO","Romania","EURO",692,104187,22,4185
"2020-09-16","RO","Romania","EURO",1111,105298,51,4236
"2020-09-17","RO","Romania","EURO",1713,107011,49,4285
"2020-09-18","RO","Romania","EURO",1679,108690,27,4312
"2020-09-19","RO","Romania","EURO",1527,110217,48,4360
"2020-09-20","RO","Romania","EURO",1333,111550,42,4402
"2020-09-21","RO","Romania","EURO",1231,112781,33,4435
"2020-09-22","RO","Romania","EURO",808,113589,23,4458
"2020-09-23","RO","Romania","EURO",1059,114648,45,4503
"2020-09-24","RO","Romania","EURO",1767,116415,47,4550
"2020-09-25","RO","Romania","EURO",1639,118054,41,4591
"2020-09-26","RO","Romania","EURO",1629,119683,42,4633
"2020-09-27","RO","Romania","EURO",1552,121235,54,4687
"2020-09-28","RO","Romania","EURO",1438,122673,31,4718
"2020-09-29","RO","Romania","EURO",1271,123944,30,4748
"2020-09-30","RO","Romania","EURO",1470,125414,44,4792
"2020-10-01","RO","Romania","EURO",2158,127572,33,4825
"2020-10-02","RO","Romania","EURO",2086,129658,37,4862
"2020-10-03","RO","Romania","EURO",2343,132001,53,4915
"2020-10-04","RO","Romania","EURO",2064,134065,32,4947
"2020-10-05","RO","Romania","EURO",0,134065,0,4947
"2020-10-06","RO","Romania","EURO",3426,137491,101,5048
"2020-10-07","RO","Romania","EURO",2121,139612,73,5121
"2020-10-08","RO","Romania","EURO",2958,142570,82,5203
"2020-10-09","RO","Romania","EURO",3130,145700,44,5247
"2020-10-10","RO","Romania","EURO",3186,148886,52,5299
"2020-10-11","RO","Romania","EURO",3517,152403,59,5358
"2020-10-12","RO","Romania","EURO",2880,155283,53,5411
"2020-10-13","RO","Romania","EURO",2069,157352,56,5467
"2020-10-14","RO","Romania","EURO",3109,160461,68,5535
"2020-10-15","RO","Romania","EURO",4016,164477,66,5601
"2020-10-16","RO","Romania","EURO",4013,168490,73,5674
"2020-10-17","RO","Romania","EURO",4026,172516,75,5749
"2020-10-18","RO","Romania","EURO",3952,176468,63,5812
"2020-10-19","RO","Romania","EURO",3920,180388,60,5872
"2020-10-20","RO","Romania","EURO",2466,182854,59,5931
"2020-10-21","RO","Romania","EURO",3400,186254,65,5996
"2020-10-22","RO","Romania","EURO",4848,191102,69,6065
"2020-10-23","RO","Romania","EURO",4902,196004,98,6163
"2020-10-24","RO","Romania","EURO",5028,201032,82,6245
"2020-10-25","RO","Romania","EURO",4761,205793,73,6318
"2020-10-26","RO","Romania","EURO",3855,209648,73,6391
"2020-10-27","RO","Romania","EURO",2844,212492,79,6470
"2020-10-28","RO","Romania","EURO",4724,217216,104,6574
"2020-10-29","RO","Romania","EURO",5343,222559,107,6681
"2020-10-30","RO","Romania","EURO",6481,229040,83,6764
"2020-10-31","RO","Romania","EURO",6546,235586,103,6867
"2020-11-01","RO","Romania","EURO",5753,241339,101,6968
"2020-11-02","RO","Romania","EURO",5324,246663,99,7067
"2020-11-03","RO","Romania","EURO",4041,250704,86,7153
"2020-11-04","RO","Romania","EURO",7733,258437,120,7273
"2020-11-05","RO","Romania","EURO",8651,267088,146,7419
"2020-11-06","RO","Romania","EURO",9714,276802,121,7540
"2020-11-07","RO","Romania","EURO",10260,287062,123,7663
"2020-11-08","RO","Romania","EURO",9937,296999,130,7793
"2020-11-09","RO","Romania","EURO",6752,303751,86,7879
"2020-11-10","RO","Romania","EURO",3240,306991,130,8009
"2020-11-11","RO","Romania","EURO",7304,314295,177,8186
"2020-11-12","RO","Romania","EURO",9799,324094,203,8389
"2020-11-13","RO","Romania","EURO",10142,334236,121,8510
"2020-11-14","RO","Romania","EURO",9489,343725,174,8684
"2020-11-15","RO","Romania","EURO",9460,353185,129,8813
"2020-11-16","RO","Romania","EURO",7096,360281,113,8926
"2020-11-17","RO","Romania","EURO",4931,365212,149,9075
"2020-11-18","RO","Romania","EURO",8262,373474,186,9261
"2020-11-19","RO","Romania","EURO",10269,383743,168,9429
"2020-11-20","RO","Romania","EURO",10108,393851,167,9596
"2020-11-21","RO","Romania","EURO",9272,403123,160,9756
"2020-11-22","RO","Romania","EURO",9685,412808,160,9916
"2020-11-23","RO","Romania","EURO",5837,418645,131,10047
"2020-11-24","RO","Romania","EURO",4207,422852,130,10177
"2020-11-25","RO","Romania","EURO",7753,430605,196,10373
"2020-11-26","RO","Romania","EURO",9739,440344,168,10541
"2020-11-27","RO","Romania","EURO",9005,449349,171,10712
"2020-11-28","RO","Romania","EURO",8499,457848,172,10884
"2020-11-29","RO","Romania","EURO",8134,465982,161,11045
"2020-11-30","RO","Romania","EURO",5554,471536,148,11193
"2020-12-01","RO","Romania","EURO",3826,475362,138,11331
"2020-12-02","RO","Romania","EURO",4272,479634,199,11530
"2020-12-03","RO","Romania","EURO",4916,484550,135,11665
"2020-12-04","RO","Romania","EURO",7661,492211,211,11876
"2020-12-05","RO","Romania","EURO",8062,500273,176,12052
"2020-12-06","RO","Romania","EURO",8072,508345,134,12186
"2020-12-07","RO","Romania","EURO",5231,513576,134,12320
"2020-12-08","RO","Romania","EURO",3660,517236,127,12447
"2020-12-09","RO","Romania","EURO",7439,524675,213,12660
"2020-12-10","RO","Romania","EURO",7365,532040,161,12821
"2020-12-11","RO","Romania","EURO",7067,539107,127,12948
"2020-12-12","RO","Romania","EURO",6460,545567,168,13116
