"Fecha_de_reporte","Codigo_pais","Paises","Region","Casos_nuevos","Casos_acumulados","defunciones_nuevas","defunciones_acumuladas"
"2020-01-03","RW","Rwanda","AFRO",0,0,0,0
"2020-01-04","RW","Rwanda","AFRO",0,0,0,0
"2020-01-05","RW","Rwanda","AFRO",0,0,0,0
"2020-01-06","RW","Rwanda","AFRO",0,0,0,0
"2020-01-07","RW","Rwanda","AFRO",0,0,0,0
"2020-01-08","RW","Rwanda","AFRO",0,0,0,0
"2020-01-09","RW","Rwanda","AFRO",0,0,0,0
"2020-01-10","RW","Rwanda","AFRO",0,0,0,0
"2020-01-11","RW","Rwanda","AFRO",0,0,0,0
"2020-01-12","RW","Rwanda","AFRO",0,0,0,0
"2020-01-13","RW","Rwanda","AFRO",0,0,0,0
"2020-01-14","RW","Rwanda","AFRO",0,0,0,0
"2020-01-15","RW","Rwanda","AFRO",0,0,0,0
"2020-01-16","RW","Rwanda","AFRO",0,0,0,0
"2020-01-17","RW","Rwanda","AFRO",0,0,0,0
"2020-01-18","RW","Rwanda","AFRO",0,0,0,0
"2020-01-19","RW","Rwanda","AFRO",0,0,0,0
"2020-01-20","RW","Rwanda","AFRO",0,0,0,0
"2020-01-21","RW","Rwanda","AFRO",0,0,0,0
"2020-01-22","RW","Rwanda","AFRO",0,0,0,0
"2020-01-23","RW","Rwanda","AFRO",0,0,0,0
"2020-01-24","RW","Rwanda","AFRO",0,0,0,0
"2020-01-25","RW","Rwanda","AFRO",0,0,0,0
"2020-01-26","RW","Rwanda","AFRO",0,0,0,0
"2020-01-27","RW","Rwanda","AFRO",0,0,0,0
"2020-01-28","RW","Rwanda","AFRO",0,0,0,0
"2020-01-29","RW","Rwanda","AFRO",0,0,0,0
"2020-01-30","RW","Rwanda","AFRO",0,0,0,0
"2020-01-31","RW","Rwanda","AFRO",0,0,0,0
"2020-02-01","RW","Rwanda","AFRO",0,0,0,0
"2020-02-02","RW","Rwanda","AFRO",0,0,0,0
"2020-02-03","RW","Rwanda","AFRO",0,0,0,0
"2020-02-04","RW","Rwanda","AFRO",0,0,0,0
"2020-02-05","RW","Rwanda","AFRO",0,0,0,0
"2020-02-06","RW","Rwanda","AFRO",0,0,0,0
"2020-02-07","RW","Rwanda","AFRO",0,0,0,0
"2020-02-08","RW","Rwanda","AFRO",0,0,0,0
"2020-02-09","RW","Rwanda","AFRO",0,0,0,0
"2020-02-10","RW","Rwanda","AFRO",0,0,0,0
"2020-02-11","RW","Rwanda","AFRO",0,0,0,0
"2020-02-12","RW","Rwanda","AFRO",0,0,0,0
"2020-02-13","RW","Rwanda","AFRO",0,0,0,0
"2020-02-14","RW","Rwanda","AFRO",0,0,0,0
"2020-02-15","RW","Rwanda","AFRO",0,0,0,0
"2020-02-16","RW","Rwanda","AFRO",0,0,0,0
"2020-02-17","RW","Rwanda","AFRO",0,0,0,0
"2020-02-18","RW","Rwanda","AFRO",0,0,0,0
"2020-02-19","RW","Rwanda","AFRO",0,0,0,0
"2020-02-20","RW","Rwanda","AFRO",0,0,0,0
"2020-02-21","RW","Rwanda","AFRO",0,0,0,0
"2020-02-22","RW","Rwanda","AFRO",0,0,0,0
"2020-02-23","RW","Rwanda","AFRO",0,0,0,0
"2020-02-24","RW","Rwanda","AFRO",0,0,0,0
"2020-02-25","RW","Rwanda","AFRO",0,0,0,0
"2020-02-26","RW","Rwanda","AFRO",0,0,0,0
"2020-02-27","RW","Rwanda","AFRO",0,0,0,0
"2020-02-28","RW","Rwanda","AFRO",0,0,0,0
"2020-02-29","RW","Rwanda","AFRO",0,0,0,0
"2020-03-01","RW","Rwanda","AFRO",0,0,0,0
"2020-03-02","RW","Rwanda","AFRO",0,0,0,0
"2020-03-03","RW","Rwanda","AFRO",0,0,0,0
"2020-03-04","RW","Rwanda","AFRO",0,0,0,0
"2020-03-05","RW","Rwanda","AFRO",0,0,0,0
"2020-03-06","RW","Rwanda","AFRO",0,0,0,0
"2020-03-07","RW","Rwanda","AFRO",0,0,0,0
"2020-03-08","RW","Rwanda","AFRO",0,0,0,0
"2020-03-09","RW","Rwanda","AFRO",0,0,0,0
"2020-03-10","RW","Rwanda","AFRO",0,0,0,0
"2020-03-11","RW","Rwanda","AFRO",0,0,0,0
"2020-03-12","RW","Rwanda","AFRO",0,0,0,0
"2020-03-13","RW","Rwanda","AFRO",0,0,0,0
"2020-03-14","RW","Rwanda","AFRO",0,0,0,0
"2020-03-15","RW","Rwanda","AFRO",9,9,0,0
"2020-03-16","RW","Rwanda","AFRO",0,9,0,0
"2020-03-17","RW","Rwanda","AFRO",2,11,0,0
"2020-03-18","RW","Rwanda","AFRO",4,15,0,0
"2020-03-19","RW","Rwanda","AFRO",0,15,0,0
"2020-03-20","RW","Rwanda","AFRO",0,15,0,0
"2020-03-21","RW","Rwanda","AFRO",2,17,0,0
"2020-03-22","RW","Rwanda","AFRO",0,17,0,0
"2020-03-23","RW","Rwanda","AFRO",0,17,0,0
"2020-03-24","RW","Rwanda","AFRO",19,36,0,0
"2020-03-25","RW","Rwanda","AFRO",4,40,0,0
"2020-03-26","RW","Rwanda","AFRO",1,41,0,0
"2020-03-27","RW","Rwanda","AFRO",9,50,0,0
"2020-03-28","RW","Rwanda","AFRO",4,54,0,0
"2020-03-29","RW","Rwanda","AFRO",6,60,0,0
"2020-03-30","RW","Rwanda","AFRO",10,70,0,0
"2020-03-31","RW","Rwanda","AFRO",0,70,0,0
"2020-04-01","RW","Rwanda","AFRO",5,75,0,0
"2020-04-02","RW","Rwanda","AFRO",7,82,0,0
"2020-04-03","RW","Rwanda","AFRO",2,84,0,0
"2020-04-04","RW","Rwanda","AFRO",5,89,0,0
"2020-04-05","RW","Rwanda","AFRO",13,102,0,0
"2020-04-06","RW","Rwanda","AFRO",0,102,0,0
"2020-04-07","RW","Rwanda","AFRO",2,104,0,0
"2020-04-08","RW","Rwanda","AFRO",1,105,0,0
"2020-04-09","RW","Rwanda","AFRO",5,110,0,0
"2020-04-10","RW","Rwanda","AFRO",3,113,0,0
"2020-04-11","RW","Rwanda","AFRO",5,118,0,0
"2020-04-12","RW","Rwanda","AFRO",2,120,0,0
"2020-04-13","RW","Rwanda","AFRO",6,126,0,0
"2020-04-14","RW","Rwanda","AFRO",1,127,0,0
"2020-04-15","RW","Rwanda","AFRO",7,134,0,0
"2020-04-16","RW","Rwanda","AFRO",2,136,0,0
"2020-04-17","RW","Rwanda","AFRO",2,138,0,0
"2020-04-18","RW","Rwanda","AFRO",0,138,0,0
"2020-04-19","RW","Rwanda","AFRO",6,144,0,0
"2020-04-20","RW","Rwanda","AFRO",3,147,0,0
"2020-04-21","RW","Rwanda","AFRO",0,147,0,0
"2020-04-22","RW","Rwanda","AFRO",3,150,0,0
"2020-04-23","RW","Rwanda","AFRO",3,153,0,0
"2020-04-24","RW","Rwanda","AFRO",1,154,0,0
"2020-04-25","RW","Rwanda","AFRO",22,176,0,0
"2020-04-26","RW","Rwanda","AFRO",7,183,0,0
"2020-04-27","RW","Rwanda","AFRO",8,191,0,0
"2020-04-28","RW","Rwanda","AFRO",16,207,0,0
"2020-04-29","RW","Rwanda","AFRO",5,212,0,0
"2020-04-30","RW","Rwanda","AFRO",13,225,0,0
"2020-05-01","RW","Rwanda","AFRO",18,243,0,0
"2020-05-02","RW","Rwanda","AFRO",6,249,0,0
"2020-05-03","RW","Rwanda","AFRO",6,255,0,0
"2020-05-04","RW","Rwanda","AFRO",4,259,0,0
"2020-05-05","RW","Rwanda","AFRO",2,261,0,0
"2020-05-06","RW","Rwanda","AFRO",0,261,0,0
"2020-05-07","RW","Rwanda","AFRO",7,268,0,0
"2020-05-08","RW","Rwanda","AFRO",3,271,0,0
"2020-05-09","RW","Rwanda","AFRO",2,273,0,0
"2020-05-10","RW","Rwanda","AFRO",7,280,0,0
"2020-05-11","RW","Rwanda","AFRO",4,284,0,0
"2020-05-12","RW","Rwanda","AFRO",1,285,0,0
"2020-05-13","RW","Rwanda","AFRO",1,286,0,0
"2020-05-14","RW","Rwanda","AFRO",1,287,0,0
"2020-05-15","RW","Rwanda","AFRO",0,287,0,0
"2020-05-16","RW","Rwanda","AFRO",0,287,0,0
"2020-05-17","RW","Rwanda","AFRO",2,289,0,0
"2020-05-18","RW","Rwanda","AFRO",3,292,0,0
"2020-05-19","RW","Rwanda","AFRO",5,297,0,0
"2020-05-20","RW","Rwanda","AFRO",11,308,0,0
"2020-05-21","RW","Rwanda","AFRO",6,314,0,0
"2020-05-22","RW","Rwanda","AFRO",6,320,0,0
"2020-05-23","RW","Rwanda","AFRO",1,321,0,0
"2020-05-24","RW","Rwanda","AFRO",4,325,0,0
"2020-05-25","RW","Rwanda","AFRO",2,327,0,0
"2020-05-26","RW","Rwanda","AFRO",9,336,0,0
"2020-05-27","RW","Rwanda","AFRO",3,339,0,0
"2020-05-28","RW","Rwanda","AFRO",7,346,0,0
"2020-05-29","RW","Rwanda","AFRO",3,349,0,0
"2020-05-30","RW","Rwanda","AFRO",6,355,0,0
"2020-05-31","RW","Rwanda","AFRO",4,359,1,1
"2020-06-01","RW","Rwanda","AFRO",11,370,0,1
"2020-06-02","RW","Rwanda","AFRO",7,377,0,1
"2020-06-03","RW","Rwanda","AFRO",7,384,1,2
"2020-06-04","RW","Rwanda","AFRO",13,397,0,2
"2020-06-05","RW","Rwanda","AFRO",13,410,0,2
"2020-06-06","RW","Rwanda","AFRO",10,420,0,2
"2020-06-07","RW","Rwanda","AFRO",11,431,0,2
"2020-06-08","RW","Rwanda","AFRO",8,439,0,2
"2020-06-09","RW","Rwanda","AFRO",12,451,0,2
"2020-06-10","RW","Rwanda","AFRO",12,463,0,2
"2020-06-11","RW","Rwanda","AFRO",13,476,0,2
"2020-06-12","RW","Rwanda","AFRO",18,494,0,2
"2020-06-13","RW","Rwanda","AFRO",16,510,0,2
"2020-06-14","RW","Rwanda","AFRO",31,541,0,2
"2020-06-15","RW","Rwanda","AFRO",41,582,0,2
"2020-06-16","RW","Rwanda","AFRO",30,612,0,2
"2020-06-17","RW","Rwanda","AFRO",24,636,0,2
"2020-06-18","RW","Rwanda","AFRO",3,639,0,2
"2020-06-19","RW","Rwanda","AFRO",7,646,0,2
"2020-06-20","RW","Rwanda","AFRO",15,661,0,2
"2020-06-21","RW","Rwanda","AFRO",41,702,0,2
"2020-06-22","RW","Rwanda","AFRO",26,728,0,2
"2020-06-23","RW","Rwanda","AFRO",59,787,0,2
"2020-06-24","RW","Rwanda","AFRO",11,798,0,2
"2020-06-25","RW","Rwanda","AFRO",32,830,0,2
"2020-06-26","RW","Rwanda","AFRO",20,850,0,2
"2020-06-27","RW","Rwanda","AFRO",8,858,0,2
"2020-06-28","RW","Rwanda","AFRO",20,878,0,2
"2020-06-29","RW","Rwanda","AFRO",22,900,0,2
"2020-06-30","RW","Rwanda","AFRO",101,1001,0,2
"2020-07-01","RW","Rwanda","AFRO",24,1025,0,2
"2020-07-02","RW","Rwanda","AFRO",17,1042,1,3
"2020-07-03","RW","Rwanda","AFRO",21,1063,0,3
"2020-07-04","RW","Rwanda","AFRO",18,1081,0,3
"2020-07-05","RW","Rwanda","AFRO",11,1092,0,3
"2020-07-06","RW","Rwanda","AFRO",13,1105,0,3
"2020-07-07","RW","Rwanda","AFRO",8,1113,0,3
"2020-07-08","RW","Rwanda","AFRO",59,1172,0,3
"2020-07-09","RW","Rwanda","AFRO",22,1194,0,3
"2020-07-10","RW","Rwanda","AFRO",16,1210,0,3
"2020-07-11","RW","Rwanda","AFRO",42,1252,0,3
"2020-07-12","RW","Rwanda","AFRO",47,1299,0,3
"2020-07-13","RW","Rwanda","AFRO",38,1337,1,4
"2020-07-14","RW","Rwanda","AFRO",41,1378,0,4
"2020-07-15","RW","Rwanda","AFRO",38,1416,0,4
"2020-07-16","RW","Rwanda","AFRO",19,1435,0,4
"2020-07-17","RW","Rwanda","AFRO",38,1473,0,4
"2020-07-18","RW","Rwanda","AFRO",12,1485,0,4
"2020-07-19","RW","Rwanda","AFRO",54,1539,1,5
"2020-07-20","RW","Rwanda","AFRO",43,1582,0,5
"2020-07-21","RW","Rwanda","AFRO",47,1629,0,5
"2020-07-22","RW","Rwanda","AFRO",26,1655,0,5
"2020-07-23","RW","Rwanda","AFRO",34,1689,0,5
"2020-07-24","RW","Rwanda","AFRO",21,1710,0,5
"2020-07-25","RW","Rwanda","AFRO",19,1729,0,5
"2020-07-26","RW","Rwanda","AFRO",23,1752,0,5
"2020-07-27","RW","Rwanda","AFRO",71,1823,0,5
"2020-07-28","RW","Rwanda","AFRO",56,1879,0,5
"2020-07-29","RW","Rwanda","AFRO",47,1926,0,5
"2020-07-30","RW","Rwanda","AFRO",37,1963,0,5
"2020-07-31","RW","Rwanda","AFRO",31,1994,0,5
"2020-08-01","RW","Rwanda","AFRO",28,2022,0,5
"2020-08-02","RW","Rwanda","AFRO",20,2042,0,5
"2020-08-03","RW","Rwanda","AFRO",20,2062,0,5
"2020-08-04","RW","Rwanda","AFRO",30,2092,0,5
"2020-08-05","RW","Rwanda","AFRO",7,2099,0,5
"2020-08-06","RW","Rwanda","AFRO",5,2104,0,5
"2020-08-07","RW","Rwanda","AFRO",7,2111,0,5
"2020-08-08","RW","Rwanda","AFRO",17,2128,0,5
"2020-08-09","RW","Rwanda","AFRO",6,2134,1,6
"2020-08-10","RW","Rwanda","AFRO",6,2140,1,7
"2020-08-11","RW","Rwanda","AFRO",12,2152,0,7
"2020-08-12","RW","Rwanda","AFRO",19,2171,0,7
"2020-08-13","RW","Rwanda","AFRO",18,2189,1,8
"2020-08-14","RW","Rwanda","AFRO",11,2200,0,8
"2020-08-15","RW","Rwanda","AFRO",0,2200,0,8
"2020-08-16","RW","Rwanda","AFRO",152,2352,0,8
"2020-08-17","RW","Rwanda","AFRO",101,2453,0,8
"2020-08-18","RW","Rwanda","AFRO",87,2540,0,8
"2020-08-19","RW","Rwanda","AFRO",37,2577,2,10
"2020-08-20","RW","Rwanda","AFRO",67,2644,0,10
"2020-08-21","RW","Rwanda","AFRO",73,2717,1,11
"2020-08-22","RW","Rwanda","AFRO",63,2780,0,11
"2020-08-23","RW","Rwanda","AFRO",109,2889,0,11
"2020-08-24","RW","Rwanda","AFRO",200,3089,1,12
"2020-08-25","RW","Rwanda","AFRO",217,3306,2,14
"2020-08-26","RW","Rwanda","AFRO",231,3537,1,15
"2020-08-27","RW","Rwanda","AFRO",88,3625,0,15
"2020-08-28","RW","Rwanda","AFRO",47,3672,0,15
"2020-08-29","RW","Rwanda","AFRO",70,3742,1,16
"2020-08-30","RW","Rwanda","AFRO",101,3843,0,16
"2020-08-31","RW","Rwanda","AFRO",177,4020,0,16
"2020-09-01","RW","Rwanda","AFRO",43,4063,0,16
"2020-09-02","RW","Rwanda","AFRO",79,4142,0,16
"2020-09-03","RW","Rwanda","AFRO",76,4218,1,17
"2020-09-04","RW","Rwanda","AFRO",37,4255,1,18
"2020-09-05","RW","Rwanda","AFRO",49,4304,0,18
"2020-09-06","RW","Rwanda","AFRO",45,4349,0,18
"2020-09-07","RW","Rwanda","AFRO",25,4374,1,19
"2020-09-08","RW","Rwanda","AFRO",35,4409,0,19
"2020-09-09","RW","Rwanda","AFRO",30,4439,1,20
"2020-09-10","RW","Rwanda","AFRO",21,4460,1,21
"2020-09-11","RW","Rwanda","AFRO",19,4479,1,22
"2020-09-12","RW","Rwanda","AFRO",55,4534,0,22
"2020-09-13","RW","Rwanda","AFRO",31,4565,0,22
"2020-09-14","RW","Rwanda","AFRO",26,4591,0,22
"2020-09-15","RW","Rwanda","AFRO",11,4602,0,22
"2020-09-16","RW","Rwanda","AFRO",22,4624,0,22
"2020-09-17","RW","Rwanda","AFRO",10,4634,0,22
"2020-09-18","RW","Rwanda","AFRO",19,4653,1,23
"2020-09-19","RW","Rwanda","AFRO",18,4671,2,25
"2020-09-20","RW","Rwanda","AFRO",0,4671,0,25
"2020-09-21","RW","Rwanda","AFRO",40,4711,1,26
"2020-09-22","RW","Rwanda","AFRO",11,4722,1,27
"2020-09-23","RW","Rwanda","AFRO",16,4738,0,27
"2020-09-24","RW","Rwanda","AFRO",41,4779,0,27
"2020-09-25","RW","Rwanda","AFRO",10,4789,0,27
"2020-09-26","RW","Rwanda","AFRO",9,4798,2,29
"2020-09-27","RW","Rwanda","AFRO",13,4811,0,29
"2020-09-28","RW","Rwanda","AFRO",9,4820,0,29
"2020-09-29","RW","Rwanda","AFRO",12,4832,0,29
"2020-09-30","RW","Rwanda","AFRO",4,4836,0,29
"2020-10-01","RW","Rwanda","AFRO",4,4840,0,29
"2020-10-02","RW","Rwanda","AFRO",3,4843,0,29
"2020-10-03","RW","Rwanda","AFRO",4,4847,0,29
"2020-10-04","RW","Rwanda","AFRO",5,4852,0,29
"2020-10-05","RW","Rwanda","AFRO",14,4866,0,29
"2020-10-06","RW","Rwanda","AFRO",1,4867,0,29
"2020-10-07","RW","Rwanda","AFRO",6,4873,0,29
"2020-10-08","RW","Rwanda","AFRO",10,4883,0,29
"2020-10-09","RW","Rwanda","AFRO",2,4885,0,29
"2020-10-10","RW","Rwanda","AFRO",5,4890,0,29
"2020-10-11","RW","Rwanda","AFRO",2,4892,1,30
"2020-10-12","RW","Rwanda","AFRO",4,4896,1,31
"2020-10-13","RW","Rwanda","AFRO",9,4905,1,32
"2020-10-14","RW","Rwanda","AFRO",3,4908,0,32
"2020-10-15","RW","Rwanda","AFRO",32,4940,1,33
"2020-10-16","RW","Rwanda","AFRO",13,4953,0,33
"2020-10-17","RW","Rwanda","AFRO",12,4965,1,34
"2020-10-18","RW","Rwanda","AFRO",6,4971,0,34
"2020-10-19","RW","Rwanda","AFRO",3,4974,0,34
"2020-10-20","RW","Rwanda","AFRO",18,4992,0,34
"2020-10-21","RW","Rwanda","AFRO",4,4996,0,34
"2020-10-22","RW","Rwanda","AFRO",16,5012,0,34
"2020-10-23","RW","Rwanda","AFRO",5,5017,0,34
"2020-10-24","RW","Rwanda","AFRO",35,5052,0,34
"2020-10-25","RW","Rwanda","AFRO",8,5060,0,34
"2020-10-26","RW","Rwanda","AFRO",6,5066,0,34
"2020-10-27","RW","Rwanda","AFRO",7,5073,0,34
"2020-10-28","RW","Rwanda","AFRO",11,5084,1,35
"2020-10-29","RW","Rwanda","AFRO",45,5129,0,35
"2020-10-30","RW","Rwanda","AFRO",2,5131,0,35
"2020-10-31","RW","Rwanda","AFRO",3,5134,0,35
"2020-11-01","RW","Rwanda","AFRO",3,5137,0,35
"2020-11-02","RW","Rwanda","AFRO",9,5146,0,35
"2020-11-03","RW","Rwanda","AFRO",9,5155,0,35
"2020-11-04","RW","Rwanda","AFRO",7,5162,0,35
"2020-11-05","RW","Rwanda","AFRO",12,5174,0,35
"2020-11-06","RW","Rwanda","AFRO",18,5192,1,36
"2020-11-07","RW","Rwanda","AFRO",16,5208,0,36
"2020-11-08","RW","Rwanda","AFRO",5,5213,0,36
"2020-11-09","RW","Rwanda","AFRO",9,5222,0,36
"2020-11-10","RW","Rwanda","AFRO",20,5242,2,38
"2020-11-11","RW","Rwanda","AFRO",20,5262,2,40
"2020-11-12","RW","Rwanda","AFRO",50,5312,1,41
"2020-11-13","RW","Rwanda","AFRO",7,5319,0,41
"2020-11-14","RW","Rwanda","AFRO",43,5362,1,42
"2020-11-15","RW","Rwanda","AFRO",32,5394,0,42
"2020-11-16","RW","Rwanda","AFRO",61,5455,0,42
"2020-11-17","RW","Rwanda","AFRO",36,5491,3,45
"2020-11-18","RW","Rwanda","AFRO",16,5507,1,46
"2020-11-19","RW","Rwanda","AFRO",36,5543,0,46
"2020-11-20","RW","Rwanda","AFRO",0,5543,0,46
"2020-11-21","RW","Rwanda","AFRO",43,5586,0,46
"2020-11-22","RW","Rwanda","AFRO",34,5620,0,46
"2020-11-23","RW","Rwanda","AFRO",45,5665,1,47
"2020-11-24","RW","Rwanda","AFRO",61,5726,0,47
"2020-11-25","RW","Rwanda","AFRO",24,5750,0,47
"2020-11-26","RW","Rwanda","AFRO",29,5779,0,47
"2020-11-27","RW","Rwanda","AFRO",72,5851,0,47
"2020-11-28","RW","Rwanda","AFRO",21,5872,0,47
"2020-11-29","RW","Rwanda","AFRO",0,5872,0,47
"2020-11-30","RW","Rwanda","AFRO",47,5919,1,48
"2020-12-01","RW","Rwanda","AFRO",15,5934,1,49
"2020-12-02","RW","Rwanda","AFRO",14,5948,0,49
"2020-12-03","RW","Rwanda","AFRO",46,5994,1,50
"2020-12-04","RW","Rwanda","AFRO",17,6011,0,50
"2020-12-05","RW","Rwanda","AFRO",32,6043,1,51
"2020-12-06","RW","Rwanda","AFRO",41,6084,0,51
"2020-12-07","RW","Rwanda","AFRO",45,6129,0,51
"2020-12-08","RW","Rwanda","AFRO",62,6191,0,51
"2020-12-09","RW","Rwanda","AFRO",46,6237,0,51
"2020-12-10","RW","Rwanda","AFRO",41,6278,2,53
"2020-12-11","RW","Rwanda","AFRO",71,6349,0,53
"2020-12-12","RW","Rwanda","AFRO",79,6428,1,54
