"Fecha_de_reporte","Codigo_pais","Paises","Region","Casos_nuevos","Casos_acumulados","defunciones_nuevas","defunciones_acumuladas"
"2020-01-03","RE","Réunion","AFRO",0,0,0,0
"2020-01-04","RE","Réunion","AFRO",0,0,0,0
"2020-01-05","RE","Réunion","AFRO",0,0,0,0
"2020-01-06","RE","Réunion","AFRO",0,0,0,0
"2020-01-07","RE","Réunion","AFRO",0,0,0,0
"2020-01-08","RE","Réunion","AFRO",0,0,0,0
"2020-01-09","RE","Réunion","AFRO",0,0,0,0
"2020-01-10","RE","Réunion","AFRO",0,0,0,0
"2020-01-11","RE","Réunion","AFRO",0,0,0,0
"2020-01-12","RE","Réunion","AFRO",0,0,0,0
"2020-01-13","RE","Réunion","AFRO",0,0,0,0
"2020-01-14","RE","Réunion","AFRO",0,0,0,0
"2020-01-15","RE","Réunion","AFRO",0,0,0,0
"2020-01-16","RE","Réunion","AFRO",0,0,0,0
"2020-01-17","RE","Réunion","AFRO",0,0,0,0
"2020-01-18","RE","Réunion","AFRO",0,0,0,0
"2020-01-19","RE","Réunion","AFRO",0,0,0,0
"2020-01-20","RE","Réunion","AFRO",0,0,0,0
"2020-01-21","RE","Réunion","AFRO",0,0,0,0
"2020-01-22","RE","Réunion","AFRO",0,0,0,0
"2020-01-23","RE","Réunion","AFRO",0,0,0,0
"2020-01-24","RE","Réunion","AFRO",0,0,0,0
"2020-01-25","RE","Réunion","AFRO",0,0,0,0
"2020-01-26","RE","Réunion","AFRO",0,0,0,0
"2020-01-27","RE","Réunion","AFRO",0,0,0,0
"2020-01-28","RE","Réunion","AFRO",0,0,0,0
"2020-01-29","RE","Réunion","AFRO",0,0,0,0
"2020-01-30","RE","Réunion","AFRO",0,0,0,0
"2020-01-31","RE","Réunion","AFRO",0,0,0,0
"2020-02-01","RE","Réunion","AFRO",0,0,0,0
"2020-02-02","RE","Réunion","AFRO",0,0,0,0
"2020-02-03","RE","Réunion","AFRO",0,0,0,0
"2020-02-04","RE","Réunion","AFRO",0,0,0,0
"2020-02-05","RE","Réunion","AFRO",0,0,0,0
"2020-02-06","RE","Réunion","AFRO",0,0,0,0
"2020-02-07","RE","Réunion","AFRO",0,0,0,0
"2020-02-08","RE","Réunion","AFRO",0,0,0,0
"2020-02-09","RE","Réunion","AFRO",0,0,0,0
"2020-02-10","RE","Réunion","AFRO",0,0,0,0
"2020-02-11","RE","Réunion","AFRO",0,0,0,0
"2020-02-12","RE","Réunion","AFRO",0,0,0,0
"2020-02-13","RE","Réunion","AFRO",0,0,0,0
"2020-02-14","RE","Réunion","AFRO",0,0,0,0
"2020-02-15","RE","Réunion","AFRO",0,0,0,0
"2020-02-16","RE","Réunion","AFRO",0,0,0,0
"2020-02-17","RE","Réunion","AFRO",0,0,0,0
"2020-02-18","RE","Réunion","AFRO",0,0,0,0
"2020-02-19","RE","Réunion","AFRO",0,0,0,0
"2020-02-20","RE","Réunion","AFRO",0,0,0,0
"2020-02-21","RE","Réunion","AFRO",0,0,0,0
"2020-02-22","RE","Réunion","AFRO",0,0,0,0
"2020-02-23","RE","Réunion","AFRO",0,0,0,0
"2020-02-24","RE","Réunion","AFRO",0,0,0,0
"2020-02-25","RE","Réunion","AFRO",0,0,0,0
"2020-02-26","RE","Réunion","AFRO",0,0,0,0
"2020-02-27","RE","Réunion","AFRO",0,0,0,0
"2020-02-28","RE","Réunion","AFRO",0,0,0,0
"2020-02-29","RE","Réunion","AFRO",0,0,0,0
"2020-03-01","RE","Réunion","AFRO",0,0,0,0
"2020-03-02","RE","Réunion","AFRO",0,0,0,0
"2020-03-03","RE","Réunion","AFRO",0,0,0,0
"2020-03-04","RE","Réunion","AFRO",0,0,0,0
"2020-03-05","RE","Réunion","AFRO",0,0,0,0
"2020-03-06","RE","Réunion","AFRO",0,0,0,0
"2020-03-07","RE","Réunion","AFRO",0,0,0,0
"2020-03-08","RE","Réunion","AFRO",0,0,0,0
"2020-03-09","RE","Réunion","AFRO",0,0,0,0
"2020-03-10","RE","Réunion","AFRO",0,0,0,0
"2020-03-11","RE","Réunion","AFRO",0,0,0,0
"2020-03-12","RE","Réunion","AFRO",0,0,0,0
"2020-03-13","RE","Réunion","AFRO",7,7,0,0
"2020-03-14","RE","Réunion","AFRO",3,10,0,0
"2020-03-15","RE","Réunion","AFRO",3,13,0,0
"2020-03-16","RE","Réunion","AFRO",0,13,0,0
"2020-03-17","RE","Réunion","AFRO",0,13,0,0
"2020-03-18","RE","Réunion","AFRO",3,16,0,0
"2020-03-19","RE","Réunion","AFRO",3,19,0,0
"2020-03-20","RE","Réunion","AFRO",9,28,0,0
"2020-03-21","RE","Réunion","AFRO",19,47,0,0
"2020-03-22","RE","Réunion","AFRO",0,47,0,0
"2020-03-23","RE","Réunion","AFRO",17,64,0,0
"2020-03-24","RE","Réunion","AFRO",7,71,0,0
"2020-03-25","RE","Réunion","AFRO",12,83,0,0
"2020-03-26","RE","Réunion","AFRO",11,94,0,0
"2020-03-27","RE","Réunion","AFRO",41,135,0,0
"2020-03-28","RE","Réunion","AFRO",8,143,0,0
"2020-03-29","RE","Réunion","AFRO",0,143,0,0
"2020-03-30","RE","Réunion","AFRO",64,207,0,0
"2020-03-31","RE","Réunion","AFRO",0,207,0,0
"2020-04-01","RE","Réunion","AFRO",40,247,0,0
"2020-04-02","RE","Réunion","AFRO",34,281,0,0
"2020-04-03","RE","Réunion","AFRO",27,308,0,0
"2020-04-04","RE","Réunion","AFRO",13,321,0,0
"2020-04-05","RE","Réunion","AFRO",13,334,0,0
"2020-04-06","RE","Réunion","AFRO",10,344,0,0
"2020-04-07","RE","Réunion","AFRO",5,349,0,0
"2020-04-08","RE","Réunion","AFRO",9,358,0,0
"2020-04-09","RE","Réunion","AFRO",4,362,0,0
"2020-04-10","RE","Réunion","AFRO",14,376,0,0
"2020-04-11","RE","Réunion","AFRO",6,382,0,0
"2020-04-12","RE","Réunion","AFRO",6,388,0,0
"2020-04-13","RE","Réunion","AFRO",1,389,0,0
"2020-04-14","RE","Réunion","AFRO",1,390,0,0
"2020-04-15","RE","Réunion","AFRO",0,390,0,0
"2020-04-16","RE","Réunion","AFRO",0,390,0,0
"2020-04-17","RE","Réunion","AFRO",4,394,0,0
"2020-04-18","RE","Réunion","AFRO",8,402,0,0
"2020-04-19","RE","Réunion","AFRO",5,407,0,0
"2020-04-20","RE","Réunion","AFRO",1,408,0,0
"2020-04-21","RE","Réunion","AFRO",0,408,0,0
"2020-04-22","RE","Réunion","AFRO",2,410,0,0
"2020-04-23","RE","Réunion","AFRO",0,410,0,0
"2020-04-24","RE","Réunion","AFRO",1,411,0,0
"2020-04-25","RE","Réunion","AFRO",0,411,0,0
"2020-04-26","RE","Réunion","AFRO",0,411,0,0
"2020-04-27","RE","Réunion","AFRO",5,416,0,0
"2020-04-28","RE","Réunion","AFRO",1,417,0,0
"2020-04-29","RE","Réunion","AFRO",0,417,0,0
"2020-04-30","RE","Réunion","AFRO",3,420,0,0
"2020-05-01","RE","Réunion","AFRO",0,420,0,0
"2020-05-02","RE","Réunion","AFRO",0,420,0,0
"2020-05-03","RE","Réunion","AFRO",0,420,0,0
"2020-05-04","RE","Réunion","AFRO",3,423,0,0
"2020-05-05","RE","Réunion","AFRO",1,424,0,0
"2020-05-06","RE","Réunion","AFRO",1,425,0,0
"2020-05-07","RE","Réunion","AFRO",0,425,0,0
"2020-05-08","RE","Réunion","AFRO",2,427,0,0
"2020-05-09","RE","Réunion","AFRO",3,430,0,0
"2020-05-10","RE","Réunion","AFRO",0,430,0,0
"2020-05-11","RE","Réunion","AFRO",6,436,0,0
"2020-05-12","RE","Réunion","AFRO",0,436,0,0
"2020-05-13","RE","Réunion","AFRO",1,437,0,0
"2020-05-14","RE","Réunion","AFRO",2,439,0,0
"2020-05-15","RE","Réunion","AFRO",1,440,0,0
"2020-05-16","RE","Réunion","AFRO",1,441,0,0
"2020-05-17","RE","Réunion","AFRO",2,443,0,0
"2020-05-18","RE","Réunion","AFRO",0,443,0,0
"2020-05-19","RE","Réunion","AFRO",3,446,0,0
"2020-05-20","RE","Réunion","AFRO",0,446,0,0
"2020-05-21","RE","Réunion","AFRO",1,447,1,1
"2020-05-22","RE","Réunion","AFRO",2,449,0,1
"2020-05-23","RE","Réunion","AFRO",0,449,0,1
"2020-05-24","RE","Réunion","AFRO",3,452,0,1
"2020-05-25","RE","Réunion","AFRO",0,452,0,1
"2020-05-26","RE","Réunion","AFRO",4,456,0,1
"2020-05-27","RE","Réunion","AFRO",3,459,0,1
"2020-05-28","RE","Réunion","AFRO",1,460,0,1
"2020-05-29","RE","Réunion","AFRO",5,465,0,1
"2020-05-30","RE","Réunion","AFRO",5,470,0,1
"2020-05-31","RE","Réunion","AFRO",1,471,0,1
"2020-06-01","RE","Réunion","AFRO",0,471,0,1
"2020-06-02","RE","Réunion","AFRO",2,473,0,1
"2020-06-03","RE","Réunion","AFRO",4,477,0,1
"2020-06-04","RE","Réunion","AFRO",1,478,0,1
"2020-06-05","RE","Réunion","AFRO",1,479,0,1
"2020-06-06","RE","Réunion","AFRO",1,480,0,1
"2020-06-07","RE","Réunion","AFRO",0,480,0,1
"2020-06-08","RE","Réunion","AFRO",0,480,0,1
"2020-06-09","RE","Réunion","AFRO",1,481,0,1
"2020-06-10","RE","Réunion","AFRO",0,481,0,1
"2020-06-11","RE","Réunion","AFRO",5,486,0,1
"2020-06-12","RE","Réunion","AFRO",1,487,0,1
"2020-06-13","RE","Réunion","AFRO",1,488,0,1
"2020-06-14","RE","Réunion","AFRO",1,489,0,1
"2020-06-15","RE","Réunion","AFRO",6,495,0,1
"2020-06-16","RE","Réunion","AFRO",1,496,0,1
"2020-06-17","RE","Réunion","AFRO",-1,495,0,1
"2020-06-18","RE","Réunion","AFRO",2,497,0,1
"2020-06-19","RE","Réunion","AFRO",5,502,0,1
"2020-06-20","RE","Réunion","AFRO",2,504,0,1
"2020-06-21","RE","Réunion","AFRO",1,505,0,1
"2020-06-22","RE","Réunion","AFRO",1,506,0,1
"2020-06-23","RE","Réunion","AFRO",1,507,0,1
"2020-06-24","RE","Réunion","AFRO",0,507,0,1
"2020-06-25","RE","Réunion","AFRO",1,508,1,2
"2020-06-26","RE","Réunion","AFRO",8,516,0,2
"2020-06-27","RE","Réunion","AFRO",1,517,0,2
"2020-06-28","RE","Réunion","AFRO",3,520,0,2
"2020-06-29","RE","Réunion","AFRO",1,521,0,2
"2020-06-30","RE","Réunion","AFRO",1,522,0,2
"2020-07-01","RE","Réunion","AFRO",4,526,0,2
"2020-07-02","RE","Réunion","AFRO",2,528,0,2
"2020-07-03","RE","Réunion","AFRO",3,531,0,2
"2020-07-04","RE","Réunion","AFRO",2,533,0,2
"2020-07-05","RE","Réunion","AFRO",3,536,0,2
"2020-07-06","RE","Réunion","AFRO",11,547,0,2
"2020-07-07","RE","Réunion","AFRO",3,550,0,2
"2020-07-08","RE","Réunion","AFRO",1,551,1,3
"2020-07-09","RE","Réunion","AFRO",12,563,0,3
"2020-07-10","RE","Réunion","AFRO",3,566,0,3
"2020-07-11","RE","Réunion","AFRO",5,571,0,3
"2020-07-12","RE","Réunion","AFRO",6,577,0,3
"2020-07-13","RE","Réunion","AFRO",16,593,0,3
"2020-07-14","RE","Réunion","AFRO",3,596,0,3
"2020-07-15","RE","Réunion","AFRO",3,599,0,3
"2020-07-16","RE","Réunion","AFRO",9,608,0,3
"2020-07-17","RE","Réunion","AFRO",6,614,0,3
"2020-07-18","RE","Réunion","AFRO",10,624,0,3
"2020-07-19","RE","Réunion","AFRO",0,624,0,3
"2020-07-20","RE","Réunion","AFRO",4,628,0,3
"2020-07-21","RE","Réunion","AFRO",3,631,0,3
"2020-07-22","RE","Réunion","AFRO",8,639,0,3
"2020-07-23","RE","Réunion","AFRO",6,645,0,3
"2020-07-24","RE","Réunion","AFRO",1,646,0,3
"2020-07-25","RE","Réunion","AFRO",8,654,0,3
"2020-07-26","RE","Réunion","AFRO",3,657,0,3
"2020-07-27","RE","Réunion","AFRO",0,657,0,3
"2020-07-28","RE","Réunion","AFRO",0,657,1,4
"2020-07-29","RE","Réunion","AFRO",0,657,0,4
"2020-07-30","RE","Réunion","AFRO",0,657,0,4
"2020-07-31","RE","Réunion","AFRO",0,657,0,4
"2020-08-01","RE","Réunion","AFRO",3,660,0,4
"2020-08-02","RE","Réunion","AFRO",4,664,0,4
"2020-08-03","RE","Réunion","AFRO",3,667,0,4
"2020-08-04","RE","Réunion","AFRO",0,667,0,4
"2020-08-05","RE","Réunion","AFRO",2,669,0,4
"2020-08-06","RE","Réunion","AFRO",1,670,1,5
"2020-08-07","RE","Réunion","AFRO",1,671,0,5
"2020-08-08","RE","Réunion","AFRO",4,675,0,5
"2020-08-09","RE","Réunion","AFRO",6,681,0,5
"2020-08-10","RE","Réunion","AFRO",6,687,0,5
"2020-08-11","RE","Réunion","AFRO",3,690,0,5
"2020-08-12","RE","Réunion","AFRO",12,702,0,5
"2020-08-13","RE","Réunion","AFRO",32,734,0,5
"2020-08-14","RE","Réunion","AFRO",20,754,0,5
"2020-08-15","RE","Réunion","AFRO",22,776,0,5
"2020-08-16","RE","Réunion","AFRO",12,788,0,5
"2020-08-17","RE","Réunion","AFRO",67,855,0,5
"2020-08-18","RE","Réunion","AFRO",25,880,0,5
"2020-08-19","RE","Réunion","AFRO",23,903,0,5
"2020-08-20","RE","Réunion","AFRO",42,945,0,5
"2020-08-21","RE","Réunion","AFRO",51,996,0,5
"2020-08-22","RE","Réunion","AFRO",79,1075,0,5
"2020-08-23","RE","Réunion","AFRO",42,1117,1,6
"2020-08-24","RE","Réunion","AFRO",92,1209,0,6
"2020-08-25","RE","Réunion","AFRO",35,1244,-4,2
"2020-08-26","RE","Réunion","AFRO",48,1292,0,2
"2020-08-27","RE","Réunion","AFRO",80,1372,0,2
"2020-08-28","RE","Réunion","AFRO",38,1410,0,2
"2020-08-29","RE","Réunion","AFRO",77,1487,0,2
"2020-08-30","RE","Réunion","AFRO",70,1557,1,3
"2020-08-31","RE","Réunion","AFRO",77,1634,1,4
"2020-09-01","RE","Réunion","AFRO",45,1679,1,5
"2020-09-02","RE","Réunion","AFRO",35,1714,0,5
"2020-09-03","RE","Réunion","AFRO",82,1796,0,5
"2020-09-04","RE","Réunion","AFRO",116,1912,0,5
"2020-09-05","RE","Réunion","AFRO",90,2002,0,5
"2020-09-06","RE","Réunion","AFRO",113,2115,1,6
"2020-09-07","RE","Réunion","AFRO",107,2222,2,8
"2020-09-08","RE","Réunion","AFRO",55,2277,0,8
"2020-09-09","RE","Réunion","AFRO",69,2346,0,8
"2020-09-10","RE","Réunion","AFRO",70,2416,1,9
"2020-09-11","RE","Réunion","AFRO",94,2510,0,9
"2020-09-12","RE","Réunion","AFRO",113,2623,0,9
"2020-09-13","RE","Réunion","AFRO",100,2723,1,10
"2020-09-14","RE","Réunion","AFRO",82,2805,0,10
"2020-09-15","RE","Réunion","AFRO",67,2872,0,10
"2020-09-16","RE","Réunion","AFRO",30,2902,0,10
"2020-09-17","RE","Réunion","AFRO",100,3002,0,10
"2020-09-18","RE","Réunion","AFRO",97,3099,0,10
"2020-09-19","RE","Réunion","AFRO",95,3194,0,10
"2020-09-20","RE","Réunion","AFRO",0,3194,0,10
"2020-09-21","RE","Réunion","AFRO",0,3194,0,10
"2020-09-22","RE","Réunion","AFRO",221,3415,1,11
"2020-09-23","RE","Réunion","AFRO",0,3415,0,11
"2020-09-24","RE","Réunion","AFRO",86,3501,0,11
"2020-09-25","RE","Réunion","AFRO",0,3501,0,11
"2020-09-26","RE","Réunion","AFRO",184,3685,0,11
"2020-09-27","RE","Réunion","AFRO",0,3685,0,11
"2020-09-28","RE","Réunion","AFRO",0,3685,0,11
"2020-09-29","RE","Réunion","AFRO",197,3882,3,14
"2020-09-30","RE","Réunion","AFRO",0,3882,0,14
"2020-10-01","RE","Réunion","AFRO",111,3993,2,16
"2020-10-02","RE","Réunion","AFRO",0,3993,0,16
"2020-10-03","RE","Réunion","AFRO",185,4178,0,16
"2020-10-04","RE","Réunion","AFRO",0,4178,0,16
"2020-10-05","RE","Réunion","AFRO",0,4178,0,16
"2020-10-06","RE","Réunion","AFRO",150,4328,0,16
"2020-10-07","RE","Réunion","AFRO",0,4328,0,16
"2020-10-08","RE","Réunion","AFRO",57,4385,0,16
"2020-10-09","RE","Réunion","AFRO",0,4385,0,16
"2020-10-10","RE","Réunion","AFRO",106,4491,0,16
"2020-10-11","RE","Réunion","AFRO",0,4491,0,16
"2020-10-12","RE","Réunion","AFRO",0,4491,0,16
"2020-10-13","RE","Réunion","AFRO",133,4624,1,17
"2020-10-14","RE","Réunion","AFRO",0,4624,0,17
"2020-10-15","RE","Réunion","AFRO",54,4678,0,17
"2020-10-16","RE","Réunion","AFRO",0,4678,0,17
"2020-10-17","RE","Réunion","AFRO",98,4776,0,17
"2020-10-18","RE","Réunion","AFRO",0,4776,0,17
"2020-10-19","RE","Réunion","AFRO",0,4776,0,17
"2020-10-20","RE","Réunion","AFRO",145,4921,0,17
"2020-10-21","RE","Réunion","AFRO",0,4921,0,17
"2020-10-22","RE","Réunion","AFRO",94,5015,2,19
"2020-10-23","RE","Réunion","AFRO",0,5015,0,19
"2020-10-24","RE","Réunion","AFRO",134,5149,1,20
"2020-10-25","RE","Réunion","AFRO",0,5149,0,20
"2020-10-26","RE","Réunion","AFRO",0,5149,0,20
"2020-10-27","RE","Réunion","AFRO",212,5361,2,22
"2020-10-28","RE","Réunion","AFRO",0,5361,0,22
"2020-10-29","RE","Réunion","AFRO",111,5472,0,22
"2020-10-30","RE","Réunion","AFRO",0,5472,0,22
"2020-10-31","RE","Réunion","AFRO",187,5659,0,22
"2020-11-01","RE","Réunion","AFRO",0,5659,0,22
"2020-11-02","RE","Réunion","AFRO",0,5659,0,22
"2020-11-03","RE","Réunion","AFRO",239,5898,4,26
"2020-11-04","RE","Réunion","AFRO",0,5898,0,26
"2020-11-05","RE","Réunion","AFRO",139,6037,0,26
"2020-11-06","RE","Réunion","AFRO",0,6037,0,26
"2020-11-07","RE","Réunion","AFRO",227,6264,1,27
"2020-11-08","RE","Réunion","AFRO",0,6264,0,27
"2020-11-09","RE","Réunion","AFRO",0,6264,0,27
"2020-11-10","RE","Réunion","AFRO",308,6572,1,28
"2020-11-11","RE","Réunion","AFRO",0,6572,0,28
"2020-11-12","RE","Réunion","AFRO",163,6735,0,28
"2020-11-13","RE","Réunion","AFRO",0,6735,0,28
"2020-11-14","RE","Réunion","AFRO",146,6881,1,29
"2020-11-15","RE","Réunion","AFRO",0,6881,0,29
"2020-11-16","RE","Réunion","AFRO",0,6881,0,29
"2020-11-17","RE","Réunion","AFRO",280,7161,2,31
"2020-11-18","RE","Réunion","AFRO",0,7161,0,31
"2020-11-19","RE","Réunion","AFRO",137,7298,3,34
"2020-11-20","RE","Réunion","AFRO",0,7298,0,34
"2020-11-21","RE","Réunion","AFRO",203,7501,1,35
"2020-11-22","RE","Réunion","AFRO",0,7501,0,35
"2020-11-23","RE","Réunion","AFRO",0,7501,0,35
"2020-11-24","RE","Réunion","AFRO",188,7689,0,35
"2020-11-25","RE","Réunion","AFRO",0,7689,0,35
"2020-11-26","RE","Réunion","AFRO",147,7836,4,39
"2020-11-27","RE","Réunion","AFRO",0,7836,0,39
"2020-11-28","RE","Réunion","AFRO",104,7940,1,40
"2020-11-29","RE","Réunion","AFRO",0,7940,0,40
"2020-11-30","RE","Réunion","AFRO",114,8054,0,40
"2020-12-01","RE","Réunion","AFRO",0,8054,0,40
"2020-12-02","RE","Réunion","AFRO",48,8102,0,40
"2020-12-03","RE","Réunion","AFRO",0,8102,0,40
"2020-12-04","RE","Réunion","AFRO",0,8102,0,40
"2020-12-05","RE","Réunion","AFRO",98,8200,1,41
"2020-12-06","RE","Réunion","AFRO",0,8200,0,41
"2020-12-07","RE","Réunion","AFRO",0,8200,0,41
"2020-12-08","RE","Réunion","AFRO",94,8294,0,41
"2020-12-09","RE","Réunion","AFRO",0,8294,0,41
"2020-12-10","RE","Réunion","AFRO",51,8345,0,41
"2020-12-11","RE","Réunion","AFRO",0,8345,0,41
"2020-12-12","RE","Réunion","AFRO",0,8345,0,41
