"Fecha_de_reporte","Codigo_pais","Paises","Region","Casos_nuevos","Casos_acumulados","defunciones_nuevas","defunciones_acumuladas"
"2020-01-03","SA","Saudi Arabia","EMRO",0,0,0,0
"2020-01-04","SA","Saudi Arabia","EMRO",0,0,0,0
"2020-01-05","SA","Saudi Arabia","EMRO",0,0,0,0
"2020-01-06","SA","Saudi Arabia","EMRO",0,0,0,0
"2020-01-07","SA","Saudi Arabia","EMRO",0,0,0,0
"2020-01-08","SA","Saudi Arabia","EMRO",0,0,0,0
"2020-01-09","SA","Saudi Arabia","EMRO",0,0,0,0
"2020-01-10","SA","Saudi Arabia","EMRO",0,0,0,0
"2020-01-11","SA","Saudi Arabia","EMRO",0,0,0,0
"2020-01-12","SA","Saudi Arabia","EMRO",0,0,0,0
"2020-01-13","SA","Saudi Arabia","EMRO",0,0,0,0
"2020-01-14","SA","Saudi Arabia","EMRO",0,0,0,0
"2020-01-15","SA","Saudi Arabia","EMRO",0,0,0,0
"2020-01-16","SA","Saudi Arabia","EMRO",0,0,0,0
"2020-01-17","SA","Saudi Arabia","EMRO",0,0,0,0
"2020-01-18","SA","Saudi Arabia","EMRO",0,0,0,0
"2020-01-19","SA","Saudi Arabia","EMRO",0,0,0,0
"2020-01-20","SA","Saudi Arabia","EMRO",0,0,0,0
"2020-01-21","SA","Saudi Arabia","EMRO",0,0,0,0
"2020-01-22","SA","Saudi Arabia","EMRO",0,0,0,0
"2020-01-23","SA","Saudi Arabia","EMRO",0,0,0,0
"2020-01-24","SA","Saudi Arabia","EMRO",0,0,0,0
"2020-01-25","SA","Saudi Arabia","EMRO",0,0,0,0
"2020-01-26","SA","Saudi Arabia","EMRO",0,0,0,0
"2020-01-27","SA","Saudi Arabia","EMRO",0,0,0,0
"2020-01-28","SA","Saudi Arabia","EMRO",0,0,0,0
"2020-01-29","SA","Saudi Arabia","EMRO",0,0,0,0
"2020-01-30","SA","Saudi Arabia","EMRO",0,0,0,0
"2020-01-31","SA","Saudi Arabia","EMRO",0,0,0,0
"2020-02-01","SA","Saudi Arabia","EMRO",0,0,0,0
"2020-02-02","SA","Saudi Arabia","EMRO",0,0,0,0
"2020-02-03","SA","Saudi Arabia","EMRO",0,0,0,0
"2020-02-04","SA","Saudi Arabia","EMRO",0,0,0,0
"2020-02-05","SA","Saudi Arabia","EMRO",0,0,0,0
"2020-02-06","SA","Saudi Arabia","EMRO",0,0,0,0
"2020-02-07","SA","Saudi Arabia","EMRO",0,0,0,0
"2020-02-08","SA","Saudi Arabia","EMRO",0,0,0,0
"2020-02-09","SA","Saudi Arabia","EMRO",0,0,0,0
"2020-02-10","SA","Saudi Arabia","EMRO",0,0,0,0
"2020-02-11","SA","Saudi Arabia","EMRO",0,0,0,0
"2020-02-12","SA","Saudi Arabia","EMRO",0,0,0,0
"2020-02-13","SA","Saudi Arabia","EMRO",0,0,0,0
"2020-02-14","SA","Saudi Arabia","EMRO",0,0,0,0
"2020-02-15","SA","Saudi Arabia","EMRO",0,0,0,0
"2020-02-16","SA","Saudi Arabia","EMRO",0,0,0,0
"2020-02-17","SA","Saudi Arabia","EMRO",0,0,0,0
"2020-02-18","SA","Saudi Arabia","EMRO",0,0,0,0
"2020-02-19","SA","Saudi Arabia","EMRO",0,0,0,0
"2020-02-20","SA","Saudi Arabia","EMRO",0,0,0,0
"2020-02-21","SA","Saudi Arabia","EMRO",0,0,0,0
"2020-02-22","SA","Saudi Arabia","EMRO",0,0,0,0
"2020-02-23","SA","Saudi Arabia","EMRO",0,0,0,0
"2020-02-24","SA","Saudi Arabia","EMRO",0,0,0,0
"2020-02-25","SA","Saudi Arabia","EMRO",0,0,0,0
"2020-02-26","SA","Saudi Arabia","EMRO",0,0,0,0
"2020-02-27","SA","Saudi Arabia","EMRO",0,0,0,0
"2020-02-28","SA","Saudi Arabia","EMRO",0,0,0,0
"2020-02-29","SA","Saudi Arabia","EMRO",0,0,0,0
"2020-03-01","SA","Saudi Arabia","EMRO",0,0,0,0
"2020-03-02","SA","Saudi Arabia","EMRO",5,5,0,0
"2020-03-03","SA","Saudi Arabia","EMRO",0,5,0,0
"2020-03-04","SA","Saudi Arabia","EMRO",1,6,0,0
"2020-03-05","SA","Saudi Arabia","EMRO",3,9,0,0
"2020-03-06","SA","Saudi Arabia","EMRO",0,9,0,0
"2020-03-07","SA","Saudi Arabia","EMRO",2,11,0,0
"2020-03-08","SA","Saudi Arabia","EMRO",4,15,0,0
"2020-03-09","SA","Saudi Arabia","EMRO",4,19,0,0
"2020-03-10","SA","Saudi Arabia","EMRO",5,24,0,0
"2020-03-11","SA","Saudi Arabia","EMRO",1,25,0,0
"2020-03-12","SA","Saudi Arabia","EMRO",0,25,0,0
"2020-03-13","SA","Saudi Arabia","EMRO",0,25,0,0
"2020-03-14","SA","Saudi Arabia","EMRO",82,107,0,0
"2020-03-15","SA","Saudi Arabia","EMRO",0,107,0,0
"2020-03-16","SA","Saudi Arabia","EMRO",30,137,0,0
"2020-03-17","SA","Saudi Arabia","EMRO",38,175,0,0
"2020-03-18","SA","Saudi Arabia","EMRO",67,242,0,0
"2020-03-19","SA","Saudi Arabia","EMRO",0,242,0,0
"2020-03-20","SA","Saudi Arabia","EMRO",32,274,0,0
"2020-03-21","SA","Saudi Arabia","EMRO",118,392,0,0
"2020-03-22","SA","Saudi Arabia","EMRO",119,511,0,0
"2020-03-23","SA","Saudi Arabia","EMRO",51,562,0,0
"2020-03-24","SA","Saudi Arabia","EMRO",205,767,1,1
"2020-03-25","SA","Saudi Arabia","EMRO",133,900,1,2
"2020-03-26","SA","Saudi Arabia","EMRO",112,1012,1,3
"2020-03-27","SA","Saudi Arabia","EMRO",92,1104,0,3
"2020-03-28","SA","Saudi Arabia","EMRO",99,1203,1,4
"2020-03-29","SA","Saudi Arabia","EMRO",96,1299,4,8
"2020-03-30","SA","Saudi Arabia","EMRO",154,1453,0,8
"2020-03-31","SA","Saudi Arabia","EMRO",110,1563,2,10
"2020-04-01","SA","Saudi Arabia","EMRO",157,1720,6,16
"2020-04-02","SA","Saudi Arabia","EMRO",165,1885,5,21
"2020-04-03","SA","Saudi Arabia","EMRO",154,2039,4,25
"2020-04-04","SA","Saudi Arabia","EMRO",140,2179,4,29
"2020-04-05","SA","Saudi Arabia","EMRO",206,2385,5,34
"2020-04-06","SA","Saudi Arabia","EMRO",138,2523,4,38
"2020-04-07","SA","Saudi Arabia","EMRO",272,2795,3,41
"2020-04-08","SA","Saudi Arabia","EMRO",137,2932,0,41
"2020-04-09","SA","Saudi Arabia","EMRO",355,3287,3,44
"2020-04-10","SA","Saudi Arabia","EMRO",364,3651,3,47
"2020-04-11","SA","Saudi Arabia","EMRO",382,4033,5,52
"2020-04-12","SA","Saudi Arabia","EMRO",429,4462,7,59
"2020-04-13","SA","Saudi Arabia","EMRO",472,4934,6,65
"2020-04-14","SA","Saudi Arabia","EMRO",435,5369,8,73
"2020-04-15","SA","Saudi Arabia","EMRO",493,5862,6,79
"2020-04-16","SA","Saudi Arabia","EMRO",518,6380,4,83
"2020-04-17","SA","Saudi Arabia","EMRO",762,7142,4,87
"2020-04-18","SA","Saudi Arabia","EMRO",1132,8274,5,92
"2020-04-19","SA","Saudi Arabia","EMRO",1088,9362,5,97
"2020-04-20","SA","Saudi Arabia","EMRO",1122,10484,6,103
"2020-04-21","SA","Saudi Arabia","EMRO",1147,11631,6,109
"2020-04-22","SA","Saudi Arabia","EMRO",1141,12772,5,114
"2020-04-23","SA","Saudi Arabia","EMRO",1158,13930,7,121
"2020-04-24","SA","Saudi Arabia","EMRO",1172,15102,6,127
"2020-04-25","SA","Saudi Arabia","EMRO",1197,16299,9,136
"2020-04-26","SA","Saudi Arabia","EMRO",1223,17522,3,139
"2020-04-27","SA","Saudi Arabia","EMRO",1289,18811,5,144
"2020-04-28","SA","Saudi Arabia","EMRO",1266,20077,8,152
"2020-04-29","SA","Saudi Arabia","EMRO",1325,21402,5,157
"2020-04-30","SA","Saudi Arabia","EMRO",1351,22753,5,162
"2020-05-01","SA","Saudi Arabia","EMRO",1344,24097,7,169
"2020-05-02","SA","Saudi Arabia","EMRO",1362,25459,7,176
"2020-05-03","SA","Saudi Arabia","EMRO",1552,27011,8,184
"2020-05-04","SA","Saudi Arabia","EMRO",1645,28656,7,191
"2020-05-05","SA","Saudi Arabia","EMRO",1595,30251,9,200
"2020-05-06","SA","Saudi Arabia","EMRO",1687,31938,9,209
"2020-05-07","SA","Saudi Arabia","EMRO",1793,33731,10,219
"2020-05-08","SA","Saudi Arabia","EMRO",1701,35432,10,229
"2020-05-09","SA","Saudi Arabia","EMRO",1704,37136,10,239
"2020-05-10","SA","Saudi Arabia","EMRO",1912,39048,7,246
"2020-05-11","SA","Saudi Arabia","EMRO",1966,41014,9,255
"2020-05-12","SA","Saudi Arabia","EMRO",1911,42925,9,264
"2020-05-13","SA","Saudi Arabia","EMRO",1905,44830,9,273
"2020-05-14","SA","Saudi Arabia","EMRO",2039,46869,10,283
"2020-05-15","SA","Saudi Arabia","EMRO",2307,49176,9,292
"2020-05-16","SA","Saudi Arabia","EMRO",2840,52016,10,302
"2020-05-17","SA","Saudi Arabia","EMRO",2736,54752,10,312
"2020-05-18","SA","Saudi Arabia","EMRO",2593,57345,8,320
"2020-05-19","SA","Saudi Arabia","EMRO",2509,59854,9,329
"2020-05-20","SA","Saudi Arabia","EMRO",2691,62545,10,339
"2020-05-21","SA","Saudi Arabia","EMRO",2532,65077,12,351
"2020-05-22","SA","Saudi Arabia","EMRO",0,65077,0,351
"2020-05-23","SA","Saudi Arabia","EMRO",2642,67719,13,364
"2020-05-24","SA","Saudi Arabia","EMRO",2442,70161,15,379
"2020-05-25","SA","Saudi Arabia","EMRO",2399,72560,11,390
"2020-05-26","SA","Saudi Arabia","EMRO",2235,74795,9,399
"2020-05-27","SA","Saudi Arabia","EMRO",1931,76726,12,411
"2020-05-28","SA","Saudi Arabia","EMRO",1815,78541,14,425
"2020-05-29","SA","Saudi Arabia","EMRO",1644,80185,16,441
"2020-05-30","SA","Saudi Arabia","EMRO",1581,81766,17,458
"2020-05-31","SA","Saudi Arabia","EMRO",1618,83384,22,480
"2020-06-01","SA","Saudi Arabia","EMRO",1877,85261,23,503
"2020-06-02","SA","Saudi Arabia","EMRO",1881,87142,22,525
"2020-06-03","SA","Saudi Arabia","EMRO",1869,89011,24,549
"2020-06-04","SA","Saudi Arabia","EMRO",2171,91182,30,579
"2020-06-05","SA","Saudi Arabia","EMRO",1975,93157,32,611
"2020-06-06","SA","Saudi Arabia","EMRO",2591,95748,31,642
"2020-06-07","SA","Saudi Arabia","EMRO",3121,98869,34,676
"2020-06-08","SA","Saudi Arabia","EMRO",3045,101914,36,712
"2020-06-09","SA","Saudi Arabia","EMRO",3369,105283,34,746
"2020-06-10","SA","Saudi Arabia","EMRO",3288,108571,37,783
"2020-06-11","SA","Saudi Arabia","EMRO",3717,112288,36,819
"2020-06-12","SA","Saudi Arabia","EMRO",3733,116021,38,857
"2020-06-13","SA","Saudi Arabia","EMRO",3921,119942,36,893
"2020-06-14","SA","Saudi Arabia","EMRO",3366,123308,39,932
"2020-06-15","SA","Saudi Arabia","EMRO",4233,127541,40,972
"2020-06-16","SA","Saudi Arabia","EMRO",4507,132048,39,1011
"2020-06-17","SA","Saudi Arabia","EMRO",4267,136315,41,1052
"2020-06-18","SA","Saudi Arabia","EMRO",4919,141234,39,1091
"2020-06-19","SA","Saudi Arabia","EMRO",4757,145991,48,1139
"2020-06-20","SA","Saudi Arabia","EMRO",4301,150292,45,1184
"2020-06-21","SA","Saudi Arabia","EMRO",3941,154233,46,1230
"2020-06-22","SA","Saudi Arabia","EMRO",3379,157612,37,1267
"2020-06-23","SA","Saudi Arabia","EMRO",3393,161005,40,1307
"2020-06-24","SA","Saudi Arabia","EMRO",3139,164144,39,1346
"2020-06-25","SA","Saudi Arabia","EMRO",3123,167267,41,1387
"2020-06-26","SA","Saudi Arabia","EMRO",3372,170639,41,1428
"2020-06-27","SA","Saudi Arabia","EMRO",3938,174577,46,1474
"2020-06-28","SA","Saudi Arabia","EMRO",3927,178504,37,1511
"2020-06-29","SA","Saudi Arabia","EMRO",3989,182493,40,1551
"2020-06-30","SA","Saudi Arabia","EMRO",3943,186436,48,1599
"2020-07-01","SA","Saudi Arabia","EMRO",4387,190823,50,1649
"2020-07-02","SA","Saudi Arabia","EMRO",3402,194225,49,1698
"2020-07-03","SA","Saudi Arabia","EMRO",3383,197608,54,1752
"2020-07-04","SA","Saudi Arabia","EMRO",4193,201801,50,1802
"2020-07-05","SA","Saudi Arabia","EMRO",4128,205929,56,1858
"2020-07-06","SA","Saudi Arabia","EMRO",3580,209509,58,1916
"2020-07-07","SA","Saudi Arabia","EMRO",4207,213716,52,1968
"2020-07-08","SA","Saudi Arabia","EMRO",3392,217108,49,2017
"2020-07-09","SA","Saudi Arabia","EMRO",3036,220144,42,2059
"2020-07-10","SA","Saudi Arabia","EMRO",3183,223327,41,2100
"2020-07-11","SA","Saudi Arabia","EMRO",3159,226486,51,2151
"2020-07-12","SA","Saudi Arabia","EMRO",2994,229480,30,2181
"2020-07-13","SA","Saudi Arabia","EMRO",2779,232259,42,2223
"2020-07-14","SA","Saudi Arabia","EMRO",2852,235111,20,2243
"2020-07-15","SA","Saudi Arabia","EMRO",2692,237803,40,2283
"2020-07-16","SA","Saudi Arabia","EMRO",2671,240474,42,2325
"2020-07-17","SA","Saudi Arabia","EMRO",2764,243238,45,2370
"2020-07-18","SA","Saudi Arabia","EMRO",2613,245851,37,2407
"2020-07-19","SA","Saudi Arabia","EMRO",2565,248416,40,2447
"2020-07-20","SA","Saudi Arabia","EMRO",2504,250920,39,2486
"2020-07-21","SA","Saudi Arabia","EMRO",2429,253349,37,2523
"2020-07-22","SA","Saudi Arabia","EMRO",2476,255825,34,2557
"2020-07-23","SA","Saudi Arabia","EMRO",2331,258156,44,2601
"2020-07-24","SA","Saudi Arabia","EMRO",2238,260394,34,2635
"2020-07-25","SA","Saudi Arabia","EMRO",2378,262772,37,2672
"2020-07-26","SA","Saudi Arabia","EMRO",2201,264973,31,2703
"2020-07-27","SA","Saudi Arabia","EMRO",1968,266941,30,2733
"2020-07-28","SA","Saudi Arabia","EMRO",1993,268934,27,2760
"2020-07-29","SA","Saudi Arabia","EMRO",1897,270831,29,2789
"2020-07-30","SA","Saudi Arabia","EMRO",1759,272590,27,2816
"2020-07-31","SA","Saudi Arabia","EMRO",1629,274219,26,2842
"2020-08-01","SA","Saudi Arabia","EMRO",1686,275905,24,2866
"2020-08-02","SA","Saudi Arabia","EMRO",1573,277478,21,2887
"2020-08-03","SA","Saudi Arabia","EMRO",1357,278835,30,2917
"2020-08-04","SA","Saudi Arabia","EMRO",1258,280093,32,2949
"2020-08-05","SA","Saudi Arabia","EMRO",1342,281435,35,2984
"2020-08-06","SA","Saudi Arabia","EMRO",1389,282824,36,3020
"2020-08-07","SA","Saudi Arabia","EMRO",1402,284226,35,3055
"2020-08-08","SA","Saudi Arabia","EMRO",1567,285793,38,3093
"2020-08-09","SA","Saudi Arabia","EMRO",1469,287262,37,3130
"2020-08-10","SA","Saudi Arabia","EMRO",1428,288690,37,3167
"2020-08-11","SA","Saudi Arabia","EMRO",1257,289947,32,3199
"2020-08-12","SA","Saudi Arabia","EMRO",1521,291468,34,3233
"2020-08-13","SA","Saudi Arabia","EMRO",1569,293037,36,3269
"2020-08-14","SA","Saudi Arabia","EMRO",1482,294519,34,3303
"2020-08-15","SA","Saudi Arabia","EMRO",1383,295902,35,3338
"2020-08-16","SA","Saudi Arabia","EMRO",1413,297315,31,3369
"2020-08-17","SA","Saudi Arabia","EMRO",1227,298542,39,3408
"2020-08-18","SA","Saudi Arabia","EMRO",1372,299914,28,3436
"2020-08-19","SA","Saudi Arabia","EMRO",1409,301323,34,3470
"2020-08-20","SA","Saudi Arabia","EMRO",1363,302686,36,3506
"2020-08-21","SA","Saudi Arabia","EMRO",1287,303973,42,3548
"2020-08-22","SA","Saudi Arabia","EMRO",1213,305186,32,3580
"2020-08-23","SA","Saudi Arabia","EMRO",1184,306370,39,3619
"2020-08-24","SA","Saudi Arabia","EMRO",1109,307479,30,3649
"2020-08-25","SA","Saudi Arabia","EMRO",1175,308654,42,3691
"2020-08-26","SA","Saudi Arabia","EMRO",1114,309768,31,3722
"2020-08-27","SA","Saudi Arabia","EMRO",1068,310836,33,3755
"2020-08-28","SA","Saudi Arabia","EMRO",1019,311855,30,3785
"2020-08-29","SA","Saudi Arabia","EMRO",1069,312924,28,3813
"2020-08-30","SA","Saudi Arabia","EMRO",987,313911,27,3840
"2020-08-31","SA","Saudi Arabia","EMRO",910,314821,30,3870
"2020-09-01","SA","Saudi Arabia","EMRO",951,315772,27,3897
"2020-09-02","SA","Saudi Arabia","EMRO",898,316670,32,3929
"2020-09-03","SA","Saudi Arabia","EMRO",816,317486,27,3956
"2020-09-04","SA","Saudi Arabia","EMRO",833,318319,26,3982
"2020-09-05","SA","Saudi Arabia","EMRO",822,319141,33,4015
"2020-09-06","SA","Saudi Arabia","EMRO",791,319932,34,4049
"2020-09-07","SA","Saudi Arabia","EMRO",895,320827,32,4081
"2020-09-08","SA","Saudi Arabia","EMRO",629,321456,26,4107
"2020-09-09","SA","Saudi Arabia","EMRO",781,322237,30,4137
"2020-09-10","SA","Saudi Arabia","EMRO",775,323012,28,4165
"2020-09-11","SA","Saudi Arabia","EMRO",708,323720,24,4189
"2020-09-12","SA","Saudi Arabia","EMRO",687,324407,24,4213
"2020-09-13","SA","Saudi Arabia","EMRO",643,325050,27,4240
"2020-09-14","SA","Saudi Arabia","EMRO",601,325651,28,4268
"2020-09-15","SA","Saudi Arabia","EMRO",607,326258,37,4305
"2020-09-16","SA","Saudi Arabia","EMRO",672,326930,33,4338
"2020-09-17","SA","Saudi Arabia","EMRO",621,327551,31,4369
"2020-09-18","SA","Saudi Arabia","EMRO",593,328144,30,4399
"2020-09-19","SA","Saudi Arabia","EMRO",576,328720,31,4430
"2020-09-20","SA","Saudi Arabia","EMRO",551,329271,28,4458
"2020-09-21","SA","Saudi Arabia","EMRO",483,329754,27,4485
"2020-09-22","SA","Saudi Arabia","EMRO",492,330246,27,4512
"2020-09-23","SA","Saudi Arabia","EMRO",552,330798,30,4542
"2020-09-24","SA","Saudi Arabia","EMRO",561,331359,27,4569
"2020-09-25","SA","Saudi Arabia","EMRO",498,331857,30,4599
"2020-09-26","SA","Saudi Arabia","EMRO",472,332329,26,4625
"2020-09-27","SA","Saudi Arabia","EMRO",461,332790,30,4655
"2020-09-28","SA","Saudi Arabia","EMRO",403,333193,28,4683
"2020-09-29","SA","Saudi Arabia","EMRO",455,333648,29,4712
"2020-09-30","SA","Saudi Arabia","EMRO",539,334187,27,4739
"2020-10-01","SA","Saudi Arabia","EMRO",418,334605,29,4768
"2020-10-02","SA","Saudi Arabia","EMRO",492,335097,26,4794
"2020-10-03","SA","Saudi Arabia","EMRO",481,335578,29,4823
"2020-10-04","SA","Saudi Arabia","EMRO",419,335997,27,4850
"2020-10-05","SA","Saudi Arabia","EMRO",390,336387,25,4875
"2020-10-06","SA","Saudi Arabia","EMRO",379,336766,23,4898
"2020-10-07","SA","Saudi Arabia","EMRO",477,337243,25,4923
"2020-10-08","SA","Saudi Arabia","EMRO",468,337711,24,4947
"2020-10-09","SA","Saudi Arabia","EMRO",421,338132,25,4972
"2020-10-10","SA","Saudi Arabia","EMRO",407,338539,24,4996
"2020-10-11","SA","Saudi Arabia","EMRO",405,338944,22,5018
"2020-10-12","SA","Saudi Arabia","EMRO",323,339267,25,5043
"2020-10-13","SA","Saudi Arabia","EMRO",348,339615,25,5068
"2020-10-14","SA","Saudi Arabia","EMRO",474,340089,19,5087
"2020-10-15","SA","Saudi Arabia","EMRO",501,340590,21,5108
"2020-10-16","SA","Saudi Arabia","EMRO",472,341062,19,5127
"2020-10-17","SA","Saudi Arabia","EMRO",433,341495,17,5144
"2020-10-18","SA","Saudi Arabia","EMRO",359,341854,21,5165
"2020-10-19","SA","Saudi Arabia","EMRO",348,342202,20,5185
"2020-10-20","SA","Saudi Arabia","EMRO",381,342583,16,5201
"2020-10-21","SA","Saudi Arabia","EMRO",385,342968,16,5217
"2020-10-22","SA","Saudi Arabia","EMRO",405,343373,18,5235
"2020-10-23","SA","Saudi Arabia","EMRO",401,343774,15,5250
"2020-10-24","SA","Saudi Arabia","EMRO",383,344157,14,5264
"2020-10-25","SA","Saudi Arabia","EMRO",395,344552,17,5281
"2020-10-26","SA","Saudi Arabia","EMRO",323,344875,15,5296
"2020-10-27","SA","Saudi Arabia","EMRO",357,345232,17,5313
"2020-10-28","SA","Saudi Arabia","EMRO",399,345631,16,5329
"2020-10-29","SA","Saudi Arabia","EMRO",416,346047,19,5348
"2020-10-30","SA","Saudi Arabia","EMRO",435,346482,15,5363
"2020-10-31","SA","Saudi Arabia","EMRO",398,346880,20,5383
"2020-11-01","SA","Saudi Arabia","EMRO",402,347282,19,5402
"2020-11-02","SA","Saudi Arabia","EMRO",374,347656,18,5420
"2020-11-03","SA","Saudi Arabia","EMRO",381,348037,17,5437
"2020-11-04","SA","Saudi Arabia","EMRO",473,348510,19,5456
"2020-11-05","SA","Saudi Arabia","EMRO",426,348936,15,5471
"2020-11-06","SA","Saudi Arabia","EMRO",450,349386,18,5489
"2020-11-07","SA","Saudi Arabia","EMRO",436,349822,17,5506
"2020-11-08","SA","Saudi Arabia","EMRO",407,350229,19,5525
"2020-11-09","SA","Saudi Arabia","EMRO",363,350592,15,5540
"2020-11-10","SA","Saudi Arabia","EMRO",392,350984,19,5559
"2020-11-11","SA","Saudi Arabia","EMRO",471,351455,17,5576
"2020-11-12","SA","Saudi Arabia","EMRO",394,351849,14,5590
"2020-11-13","SA","Saudi Arabia","EMRO",311,352160,15,5605
"2020-11-14","SA","Saudi Arabia","EMRO",441,352601,20,5625
"2020-11-15","SA","Saudi Arabia","EMRO",349,352950,16,5641
"2020-11-16","SA","Saudi Arabia","EMRO",305,353255,16,5657
"2020-11-17","SA","Saudi Arabia","EMRO",301,353556,19,5676
"2020-11-18","SA","Saudi Arabia","EMRO",362,353918,16,5692
"2020-11-19","SA","Saudi Arabia","EMRO",290,354208,18,5710
"2020-11-20","SA","Saudi Arabia","EMRO",319,354527,19,5729
"2020-11-21","SA","Saudi Arabia","EMRO",286,354813,16,5745
"2020-11-22","SA","Saudi Arabia","EMRO",221,355034,16,5761
"2020-11-23","SA","Saudi Arabia","EMRO",224,355258,19,5780
"2020-11-24","SA","Saudi Arabia","EMRO",231,355489,16,5796
"2020-11-25","SA","Saudi Arabia","EMRO",252,355741,15,5811
"2020-11-26","SA","Saudi Arabia","EMRO",326,356067,14,5825
"2020-11-27","SA","Saudi Arabia","EMRO",322,356389,15,5840
"2020-11-28","SA","Saudi Arabia","EMRO",302,356691,17,5857
"2020-11-29","SA","Saudi Arabia","EMRO",220,356911,13,5870
"2020-11-30","SA","Saudi Arabia","EMRO",217,357128,14,5884
"2020-12-01","SA","Saudi Arabia","EMRO",232,357360,12,5896
"2020-12-02","SA","Saudi Arabia","EMRO",263,357623,11,5907
"2020-12-03","SA","Saudi Arabia","EMRO",249,357872,12,5919
"2020-12-04","SA","Saudi Arabia","EMRO",230,358102,11,5930
"2020-12-05","SA","Saudi Arabia","EMRO",234,358336,10,5940
"2020-12-06","SA","Saudi Arabia","EMRO",190,358526,14,5954
"2020-12-07","SA","Saudi Arabia","EMRO",187,358713,11,5965
"2020-12-08","SA","Saudi Arabia","EMRO",209,358922,12,5977
"2020-12-09","SA","Saudi Arabia","EMRO",193,359115,12,5989
"2020-12-10","SA","Saudi Arabia","EMRO",159,359274,13,6002
"2020-12-11","SA","Saudi Arabia","EMRO",141,359415,10,6012
"2020-12-12","SA","Saudi Arabia","EMRO",168,359583,11,6023
