"Fecha_de_reporte","Codigo_pais","Paises","Region","Casos_nuevos","Casos_acumulados","defunciones_nuevas","defunciones_acumuladas"
"2020-01-03","SN","Senegal","AFRO",0,0,0,0
"2020-01-04","SN","Senegal","AFRO",0,0,0,0
"2020-01-05","SN","Senegal","AFRO",0,0,0,0
"2020-01-06","SN","Senegal","AFRO",0,0,0,0
"2020-01-07","SN","Senegal","AFRO",0,0,0,0
"2020-01-08","SN","Senegal","AFRO",0,0,0,0
"2020-01-09","SN","Senegal","AFRO",0,0,0,0
"2020-01-10","SN","Senegal","AFRO",0,0,0,0
"2020-01-11","SN","Senegal","AFRO",0,0,0,0
"2020-01-12","SN","Senegal","AFRO",0,0,0,0
"2020-01-13","SN","Senegal","AFRO",0,0,0,0
"2020-01-14","SN","Senegal","AFRO",0,0,0,0
"2020-01-15","SN","Senegal","AFRO",0,0,0,0
"2020-01-16","SN","Senegal","AFRO",0,0,0,0
"2020-01-17","SN","Senegal","AFRO",0,0,0,0
"2020-01-18","SN","Senegal","AFRO",0,0,0,0
"2020-01-19","SN","Senegal","AFRO",0,0,0,0
"2020-01-20","SN","Senegal","AFRO",0,0,0,0
"2020-01-21","SN","Senegal","AFRO",0,0,0,0
"2020-01-22","SN","Senegal","AFRO",0,0,0,0
"2020-01-23","SN","Senegal","AFRO",0,0,0,0
"2020-01-24","SN","Senegal","AFRO",0,0,0,0
"2020-01-25","SN","Senegal","AFRO",0,0,0,0
"2020-01-26","SN","Senegal","AFRO",0,0,0,0
"2020-01-27","SN","Senegal","AFRO",0,0,0,0
"2020-01-28","SN","Senegal","AFRO",0,0,0,0
"2020-01-29","SN","Senegal","AFRO",0,0,0,0
"2020-01-30","SN","Senegal","AFRO",0,0,0,0
"2020-01-31","SN","Senegal","AFRO",0,0,0,0
"2020-02-01","SN","Senegal","AFRO",0,0,0,0
"2020-02-02","SN","Senegal","AFRO",0,0,0,0
"2020-02-03","SN","Senegal","AFRO",0,0,0,0
"2020-02-04","SN","Senegal","AFRO",0,0,0,0
"2020-02-05","SN","Senegal","AFRO",0,0,0,0
"2020-02-06","SN","Senegal","AFRO",0,0,0,0
"2020-02-07","SN","Senegal","AFRO",0,0,0,0
"2020-02-08","SN","Senegal","AFRO",0,0,0,0
"2020-02-09","SN","Senegal","AFRO",0,0,0,0
"2020-02-10","SN","Senegal","AFRO",0,0,0,0
"2020-02-11","SN","Senegal","AFRO",0,0,0,0
"2020-02-12","SN","Senegal","AFRO",0,0,0,0
"2020-02-13","SN","Senegal","AFRO",0,0,0,0
"2020-02-14","SN","Senegal","AFRO",0,0,0,0
"2020-02-15","SN","Senegal","AFRO",0,0,0,0
"2020-02-16","SN","Senegal","AFRO",0,0,0,0
"2020-02-17","SN","Senegal","AFRO",0,0,0,0
"2020-02-18","SN","Senegal","AFRO",0,0,0,0
"2020-02-19","SN","Senegal","AFRO",0,0,0,0
"2020-02-20","SN","Senegal","AFRO",0,0,0,0
"2020-02-21","SN","Senegal","AFRO",0,0,0,0
"2020-02-22","SN","Senegal","AFRO",0,0,0,0
"2020-02-23","SN","Senegal","AFRO",0,0,0,0
"2020-02-24","SN","Senegal","AFRO",0,0,0,0
"2020-02-25","SN","Senegal","AFRO",0,0,0,0
"2020-02-26","SN","Senegal","AFRO",0,0,0,0
"2020-02-27","SN","Senegal","AFRO",0,0,0,0
"2020-02-28","SN","Senegal","AFRO",0,0,0,0
"2020-02-29","SN","Senegal","AFRO",0,0,0,0
"2020-03-01","SN","Senegal","AFRO",0,0,0,0
"2020-03-02","SN","Senegal","AFRO",5,5,0,0
"2020-03-03","SN","Senegal","AFRO",0,5,0,0
"2020-03-04","SN","Senegal","AFRO",3,8,0,0
"2020-03-05","SN","Senegal","AFRO",0,8,0,0
"2020-03-06","SN","Senegal","AFRO",0,8,0,0
"2020-03-07","SN","Senegal","AFRO",0,8,0,0
"2020-03-08","SN","Senegal","AFRO",0,8,0,0
"2020-03-09","SN","Senegal","AFRO",0,8,0,0
"2020-03-10","SN","Senegal","AFRO",0,8,0,0
"2020-03-11","SN","Senegal","AFRO",0,8,0,0
"2020-03-12","SN","Senegal","AFRO",6,14,0,0
"2020-03-13","SN","Senegal","AFRO",0,14,0,0
"2020-03-14","SN","Senegal","AFRO",11,25,0,0
"2020-03-15","SN","Senegal","AFRO",5,30,0,0
"2020-03-16","SN","Senegal","AFRO",0,30,0,0
"2020-03-17","SN","Senegal","AFRO",1,31,0,0
"2020-03-18","SN","Senegal","AFRO",9,40,0,0
"2020-03-19","SN","Senegal","AFRO",2,42,0,0
"2020-03-20","SN","Senegal","AFRO",0,42,0,0
"2020-03-21","SN","Senegal","AFRO",14,56,0,0
"2020-03-22","SN","Senegal","AFRO",0,56,0,0
"2020-03-23","SN","Senegal","AFRO",11,67,0,0
"2020-03-24","SN","Senegal","AFRO",12,79,0,0
"2020-03-25","SN","Senegal","AFRO",7,86,0,0
"2020-03-26","SN","Senegal","AFRO",13,99,0,0
"2020-03-27","SN","Senegal","AFRO",6,105,0,0
"2020-03-28","SN","Senegal","AFRO",14,119,0,0
"2020-03-29","SN","Senegal","AFRO",11,130,0,0
"2020-03-30","SN","Senegal","AFRO",12,142,0,0
"2020-03-31","SN","Senegal","AFRO",20,162,0,0
"2020-04-01","SN","Senegal","AFRO",13,175,0,0
"2020-04-02","SN","Senegal","AFRO",15,190,1,1
"2020-04-03","SN","Senegal","AFRO",5,195,0,1
"2020-04-04","SN","Senegal","AFRO",24,219,1,2
"2020-04-05","SN","Senegal","AFRO",0,219,0,2
"2020-04-06","SN","Senegal","AFRO",7,226,0,2
"2020-04-07","SN","Senegal","AFRO",0,226,0,2
"2020-04-08","SN","Senegal","AFRO",11,237,0,2
"2020-04-09","SN","Senegal","AFRO",7,244,0,2
"2020-04-10","SN","Senegal","AFRO",6,250,0,2
"2020-04-11","SN","Senegal","AFRO",15,265,0,2
"2020-04-12","SN","Senegal","AFRO",13,278,0,2
"2020-04-13","SN","Senegal","AFRO",2,280,0,2
"2020-04-14","SN","Senegal","AFRO",11,291,0,2
"2020-04-15","SN","Senegal","AFRO",8,299,0,2
"2020-04-16","SN","Senegal","AFRO",15,314,0,2
"2020-04-17","SN","Senegal","AFRO",21,335,0,2
"2020-04-18","SN","Senegal","AFRO",7,342,1,3
"2020-04-19","SN","Senegal","AFRO",8,350,0,3
"2020-04-20","SN","Senegal","AFRO",17,367,0,3
"2020-04-21","SN","Senegal","AFRO",10,377,2,5
"2020-04-22","SN","Senegal","AFRO",35,412,0,5
"2020-04-23","SN","Senegal","AFRO",30,442,1,6
"2020-04-24","SN","Senegal","AFRO",37,479,0,6
"2020-04-25","SN","Senegal","AFRO",66,545,1,7
"2020-04-26","SN","Senegal","AFRO",69,614,0,7
"2020-04-27","SN","Senegal","AFRO",57,671,2,9
"2020-04-28","SN","Senegal","AFRO",64,735,0,9
"2020-04-29","SN","Senegal","AFRO",88,823,0,9
"2020-04-30","SN","Senegal","AFRO",59,882,0,9
"2020-05-01","SN","Senegal","AFRO",51,933,0,9
"2020-05-02","SN","Senegal","AFRO",91,1024,0,9
"2020-05-03","SN","Senegal","AFRO",89,1113,0,9
"2020-05-04","SN","Senegal","AFRO",158,1271,0,9
"2020-05-05","SN","Senegal","AFRO",0,1271,1,10
"2020-05-06","SN","Senegal","AFRO",58,1329,1,11
"2020-05-07","SN","Senegal","AFRO",104,1433,1,12
"2020-05-08","SN","Senegal","AFRO",59,1492,1,13
"2020-05-09","SN","Senegal","AFRO",59,1551,0,13
"2020-05-10","SN","Senegal","AFRO",83,1634,4,17
"2020-05-11","SN","Senegal","AFRO",75,1709,2,19
"2020-05-12","SN","Senegal","AFRO",177,1886,0,19
"2020-05-13","SN","Senegal","AFRO",109,1995,0,19
"2020-05-14","SN","Senegal","AFRO",110,2105,3,22
"2020-05-15","SN","Senegal","AFRO",84,2189,1,23
"2020-05-16","SN","Senegal","AFRO",121,2310,0,23
"2020-05-17","SN","Senegal","AFRO",119,2429,2,25
"2020-05-18","SN","Senegal","AFRO",51,2480,0,25
"2020-05-19","SN","Senegal","AFRO",64,2544,1,26
"2020-05-20","SN","Senegal","AFRO",73,2617,4,30
"2020-05-21","SN","Senegal","AFRO",97,2714,0,30
"2020-05-22","SN","Senegal","AFRO",101,2815,3,33
"2020-05-23","SN","Senegal","AFRO",94,2909,0,33
"2020-05-24","SN","Senegal","AFRO",67,2976,1,34
"2020-05-25","SN","Senegal","AFRO",71,3047,1,35
"2020-05-26","SN","Senegal","AFRO",83,3130,0,35
"2020-05-27","SN","Senegal","AFRO",31,3161,2,37
"2020-05-28","SN","Senegal","AFRO",92,3253,2,39
"2020-05-29","SN","Senegal","AFRO",95,3348,2,41
"2020-05-30","SN","Senegal","AFRO",81,3429,0,41
"2020-05-31","SN","Senegal","AFRO",106,3535,1,42
"2020-06-01","SN","Senegal","AFRO",110,3645,0,42
"2020-06-02","SN","Senegal","AFRO",94,3739,0,42
"2020-06-03","SN","Senegal","AFRO",97,3836,1,43
"2020-06-04","SN","Senegal","AFRO",96,3932,2,45
"2020-06-05","SN","Senegal","AFRO",89,4021,0,45
"2020-06-06","SN","Senegal","AFRO",134,4155,0,45
"2020-06-07","SN","Senegal","AFRO",94,4249,2,47
"2020-06-08","SN","Senegal","AFRO",79,4328,2,49
"2020-06-09","SN","Senegal","AFRO",102,4430,0,49
"2020-06-10","SN","Senegal","AFRO",86,4516,3,52
"2020-06-11","SN","Senegal","AFRO",124,4640,2,54
"2020-06-12","SN","Senegal","AFRO",119,4759,1,55
"2020-06-13","SN","Senegal","AFRO",92,4851,1,56
"2020-06-14","SN","Senegal","AFRO",145,4996,4,60
"2020-06-15","SN","Senegal","AFRO",94,5090,0,60
"2020-06-16","SN","Senegal","AFRO",0,5090,0,60
"2020-06-17","SN","Senegal","AFRO",157,5247,10,70
"2020-06-18","SN","Senegal","AFRO",122,5369,3,73
"2020-06-19","SN","Senegal","AFRO",106,5475,3,76
"2020-06-20","SN","Senegal","AFRO",164,5639,3,79
"2020-06-21","SN","Senegal","AFRO",144,5783,3,82
"2020-06-22","SN","Senegal","AFRO",105,5888,2,84
"2020-06-23","SN","Senegal","AFRO",82,5970,2,86
"2020-06-24","SN","Senegal","AFRO",64,6034,3,89
"2020-06-25","SN","Senegal","AFRO",95,6129,4,93
"2020-06-26","SN","Senegal","AFRO",104,6233,1,94
"2020-06-27","SN","Senegal","AFRO",121,6354,4,98
"2020-06-28","SN","Senegal","AFRO",105,6459,4,102
"2020-06-29","SN","Senegal","AFRO",127,6586,3,105
"2020-06-30","SN","Senegal","AFRO",112,6698,3,108
"2020-07-01","SN","Senegal","AFRO",95,6793,4,112
"2020-07-02","SN","Senegal","AFRO",132,6925,4,116
"2020-07-03","SN","Senegal","AFRO",129,7054,5,121
"2020-07-04","SN","Senegal","AFRO",110,7164,4,125
"2020-07-05","SN","Senegal","AFRO",108,7272,4,129
"2020-07-06","SN","Senegal","AFRO",128,7400,4,133
"2020-07-07","SN","Senegal","AFRO",78,7478,3,136
"2020-07-08","SN","Senegal","AFRO",69,7547,1,137
"2020-07-09","SN","Senegal","AFRO",110,7657,4,141
"2020-07-10","SN","Senegal","AFRO",127,7784,2,143
"2020-07-11","SN","Senegal","AFRO",98,7882,2,145
"2020-07-12","SN","Senegal","AFRO",132,8014,0,145
"2020-07-13","SN","Senegal","AFRO",121,8135,3,148
"2020-07-14","SN","Senegal","AFRO",63,8198,2,150
"2020-07-15","SN","Senegal","AFRO",45,8243,0,150
"2020-07-16","SN","Senegal","AFRO",126,8369,3,153
"2020-07-17","SN","Senegal","AFRO",112,8481,3,156
"2020-07-18","SN","Senegal","AFRO",63,8544,4,160
"2020-07-19","SN","Senegal","AFRO",125,8669,3,163
"2020-07-20","SN","Senegal","AFRO",141,8810,4,167
"2020-07-21","SN","Senegal","AFRO",138,8948,3,170
"2020-07-22","SN","Senegal","AFRO",37,8985,4,174
"2020-07-23","SN","Senegal","AFRO",136,9121,3,177
"2020-07-24","SN","Senegal","AFRO",145,9266,1,178
"2020-07-25","SN","Senegal","AFRO",156,9422,4,182
"2020-07-26","SN","Senegal","AFRO",130,9552,5,187
"2020-07-27","SN","Senegal","AFRO",129,9681,4,191
"2020-07-28","SN","Senegal","AFRO",83,9764,3,194
"2020-07-29","SN","Senegal","AFRO",41,9805,4,198
"2020-07-30","SN","Senegal","AFRO",156,9961,2,200
"2020-07-31","SN","Senegal","AFRO",145,10106,4,204
"2020-08-01","SN","Senegal","AFRO",126,10232,1,205
"2020-08-02","SN","Senegal","AFRO",52,10284,4,209
"2020-08-03","SN","Senegal","AFRO",60,10344,0,209
"2020-08-04","SN","Senegal","AFRO",42,10386,2,211
"2020-08-05","SN","Senegal","AFRO",46,10432,3,214
"2020-08-06","SN","Senegal","AFRO",106,10538,4,218
"2020-08-07","SN","Senegal","AFRO",177,10715,5,223
"2020-08-08","SN","Senegal","AFRO",172,10887,2,225
"2020-08-09","SN","Senegal","AFRO",116,11003,4,229
"2020-08-10","SN","Senegal","AFRO",172,11175,3,232
"2020-08-11","SN","Senegal","AFRO",137,11312,4,236
"2020-08-12","SN","Senegal","AFRO",68,11380,2,238
"2020-08-13","SN","Senegal","AFRO",207,11587,4,242
"2020-08-14","SN","Senegal","AFRO",153,11740,2,244
"2020-08-15","SN","Senegal","AFRO",132,11872,5,249
"2020-08-16","SN","Senegal","AFRO",160,12032,2,251
"2020-08-17","SN","Senegal","AFRO",130,12162,2,253
"2020-08-18","SN","Senegal","AFRO",75,12237,3,256
"2020-08-19","SN","Senegal","AFRO",68,12305,0,256
"2020-08-20","SN","Senegal","AFRO",141,12446,2,258
"2020-08-21","SN","Senegal","AFRO",113,12559,3,261
"2020-08-22","SN","Senegal","AFRO",130,12689,1,262
"2020-08-23","SN","Senegal","AFRO",161,12850,4,266
"2020-08-24","SN","Senegal","AFRO",99,12949,3,269
"2020-08-25","SN","Senegal","AFRO",64,13013,3,272
"2020-08-26","SN","Senegal","AFRO",43,13056,2,274
"2020-08-27","SN","Senegal","AFRO",130,13186,1,275
"2020-08-28","SN","Senegal","AFRO",108,13294,2,277
"2020-08-29","SN","Senegal","AFRO",90,13384,2,279
"2020-08-30","SN","Senegal","AFRO",72,13456,3,282
"2020-08-31","SN","Senegal","AFRO",100,13556,2,284
"2020-09-01","SN","Senegal","AFRO",55,13611,0,284
"2020-09-02","SN","Senegal","AFRO",44,13655,0,284
"2020-09-03","SN","Senegal","AFRO",88,13743,3,287
"2020-09-04","SN","Senegal","AFRO",83,13826,0,287
"2020-09-05","SN","Senegal","AFRO",55,13881,2,289
"2020-09-06","SN","Senegal","AFRO",0,13881,0,289
"2020-09-07","SN","Senegal","AFRO",106,13987,1,290
"2020-09-08","SN","Senegal","AFRO",0,13987,0,290
"2020-09-09","SN","Senegal","AFRO",27,14014,1,291
"2020-09-10","SN","Senegal","AFRO",88,14102,2,293
"2020-09-11","SN","Senegal","AFRO",48,14150,0,293
"2020-09-12","SN","Senegal","AFRO",43,14193,0,293
"2020-09-13","SN","Senegal","AFRO",0,14193,0,293
"2020-09-14","SN","Senegal","AFRO",0,14193,0,293
"2020-09-15","SN","Senegal","AFRO",113,14306,4,297
"2020-09-16","SN","Senegal","AFRO",223,14529,1,298
"2020-09-17","SN","Senegal","AFRO",39,14568,1,299
"2020-09-18","SN","Senegal","AFRO",50,14618,1,300
"2020-09-19","SN","Senegal","AFRO",27,14645,1,301
"2020-09-20","SN","Senegal","AFRO",43,14688,1,302
"2020-09-21","SN","Senegal","AFRO",26,14714,0,302
"2020-09-22","SN","Senegal","AFRO",24,14738,0,302
"2020-09-23","SN","Senegal","AFRO",21,14759,0,302
"2020-09-24","SN","Senegal","AFRO",36,14795,1,303
"2020-09-25","SN","Senegal","AFRO",21,14816,1,304
"2020-09-26","SN","Senegal","AFRO",0,14816,0,304
"2020-09-27","SN","Senegal","AFRO",53,14869,2,306
"2020-09-28","SN","Senegal","AFRO",40,14909,2,308
"2020-09-29","SN","Senegal","AFRO",10,14919,1,309
"2020-09-30","SN","Senegal","AFRO",0,14919,0,309
"2020-10-01","SN","Senegal","AFRO",63,14982,2,311
"2020-10-02","SN","Senegal","AFRO",37,15019,0,311
"2020-10-03","SN","Senegal","AFRO",0,15019,0,311
"2020-10-04","SN","Senegal","AFRO",32,15051,1,312
"2020-10-05","SN","Senegal","AFRO",43,15094,0,312
"2020-10-06","SN","Senegal","AFRO",28,15122,0,312
"2020-10-07","SN","Senegal","AFRO",19,15141,0,312
"2020-10-08","SN","Senegal","AFRO",0,15141,0,312
"2020-10-09","SN","Senegal","AFRO",49,15190,1,313
"2020-10-10","SN","Senegal","AFRO",23,15213,0,313
"2020-10-11","SN","Senegal","AFRO",0,15213,0,313
"2020-10-12","SN","Senegal","AFRO",0,15213,0,313
"2020-10-13","SN","Senegal","AFRO",79,15292,2,315
"2020-10-14","SN","Senegal","AFRO",15,15307,0,315
"2020-10-15","SN","Senegal","AFRO",24,15331,1,316
"2020-10-16","SN","Senegal","AFRO",17,15348,0,316
"2020-10-17","SN","Senegal","AFRO",20,15368,1,317
"2020-10-18","SN","Senegal","AFRO",0,15368,0,317
"2020-10-19","SN","Senegal","AFRO",50,15418,0,317
"2020-10-20","SN","Senegal","AFRO",14,15432,2,319
"2020-10-21","SN","Senegal","AFRO",27,15459,1,320
"2020-10-22","SN","Senegal","AFRO",25,15484,1,321
"2020-10-23","SN","Senegal","AFRO",24,15508,0,321
"2020-10-24","SN","Senegal","AFRO",17,15525,0,321
"2020-10-25","SN","Senegal","AFRO",18,15543,0,321
"2020-10-26","SN","Senegal","AFRO",8,15551,0,321
"2020-10-27","SN","Senegal","AFRO",14,15565,1,322
"2020-10-28","SN","Senegal","AFRO",6,15571,0,322
"2020-10-29","SN","Senegal","AFRO",11,15582,0,322
"2020-10-30","SN","Senegal","AFRO",11,15593,1,323
"2020-10-31","SN","Senegal","AFRO",0,15593,0,323
"2020-11-01","SN","Senegal","AFRO",23,15616,1,324
"2020-11-02","SN","Senegal","AFRO",0,15616,0,324
"2020-11-03","SN","Senegal","AFRO",14,15630,1,325
"2020-11-04","SN","Senegal","AFRO",10,15640,1,326
"2020-11-05","SN","Senegal","AFRO",10,15650,0,326
"2020-11-06","SN","Senegal","AFRO",18,15668,0,326
"2020-11-07","SN","Senegal","AFRO",0,15668,0,326
"2020-11-08","SN","Senegal","AFRO",0,15668,0,326
"2020-11-09","SN","Senegal","AFRO",40,15708,0,326
"2020-11-10","SN","Senegal","AFRO",3,15711,0,326
"2020-11-11","SN","Senegal","AFRO",9,15720,0,326
"2020-11-12","SN","Senegal","AFRO",15,15735,0,326
"2020-11-13","SN","Senegal","AFRO",9,15744,0,326
"2020-11-14","SN","Senegal","AFRO",11,15755,0,326
"2020-11-15","SN","Senegal","AFRO",24,15779,1,327
"2020-11-16","SN","Senegal","AFRO",14,15793,1,328
"2020-11-17","SN","Senegal","AFRO",0,15793,0,328
"2020-11-18","SN","Senegal","AFRO",13,15806,1,329
"2020-11-19","SN","Senegal","AFRO",17,15823,0,329
"2020-11-20","SN","Senegal","AFRO",12,15835,0,329
"2020-11-21","SN","Senegal","AFRO",13,15848,1,330
"2020-11-22","SN","Senegal","AFRO",17,15865,0,330
"2020-11-23","SN","Senegal","AFRO",17,15882,0,330
"2020-11-24","SN","Senegal","AFRO",15,15897,0,330
"2020-11-25","SN","Senegal","AFRO",11,15908,1,331
"2020-11-26","SN","Senegal","AFRO",19,15927,0,331
"2020-11-27","SN","Senegal","AFRO",33,15960,0,331
"2020-11-28","SN","Senegal","AFRO",21,15981,1,332
"2020-11-29","SN","Senegal","AFRO",46,16027,0,332
"2020-11-30","SN","Senegal","AFRO",48,16075,1,333
"2020-12-01","SN","Senegal","AFRO",14,16089,0,333
"2020-12-02","SN","Senegal","AFRO",18,16107,0,333
"2020-12-03","SN","Senegal","AFRO",66,16173,1,334
"2020-12-04","SN","Senegal","AFRO",44,16217,1,335
"2020-12-05","SN","Senegal","AFRO",80,16297,1,336
"2020-12-06","SN","Senegal","AFRO",100,16397,1,337
"2020-12-07","SN","Senegal","AFRO",80,16477,1,338
"2020-12-08","SN","Senegal","AFRO",76,16553,2,340
"2020-12-09","SN","Senegal","AFRO",43,16596,0,340
"2020-12-10","SN","Senegal","AFRO",69,16665,1,341
"2020-12-11","SN","Senegal","AFRO",101,16766,2,343
"2020-12-12","SN","Senegal","AFRO",127,16893,2,345
