"Fecha_de_reporte","Codigo_pais","Paises","Region","Casos_nuevos","Casos_acumulados","defunciones_nuevas","defunciones_acumuladas"
"2020-01-03","SG","Singapore","WPRO",0,0,0,0
"2020-01-04","SG","Singapore","WPRO",0,0,0,0
"2020-01-05","SG","Singapore","WPRO",0,0,0,0
"2020-01-06","SG","Singapore","WPRO",0,0,0,0
"2020-01-07","SG","Singapore","WPRO",0,0,0,0
"2020-01-08","SG","Singapore","WPRO",0,0,0,0
"2020-01-09","SG","Singapore","WPRO",0,0,0,0
"2020-01-10","SG","Singapore","WPRO",0,0,0,0
"2020-01-11","SG","Singapore","WPRO",0,0,0,0
"2020-01-12","SG","Singapore","WPRO",0,0,0,0
"2020-01-13","SG","Singapore","WPRO",0,0,0,0
"2020-01-14","SG","Singapore","WPRO",0,0,0,0
"2020-01-15","SG","Singapore","WPRO",0,0,0,0
"2020-01-16","SG","Singapore","WPRO",0,0,0,0
"2020-01-17","SG","Singapore","WPRO",0,0,0,0
"2020-01-18","SG","Singapore","WPRO",0,0,0,0
"2020-01-19","SG","Singapore","WPRO",0,0,0,0
"2020-01-20","SG","Singapore","WPRO",0,0,0,0
"2020-01-21","SG","Singapore","WPRO",0,0,0,0
"2020-01-22","SG","Singapore","WPRO",0,0,0,0
"2020-01-23","SG","Singapore","WPRO",5,5,0,0
"2020-01-24","SG","Singapore","WPRO",2,7,0,0
"2020-01-25","SG","Singapore","WPRO",0,7,0,0
"2020-01-26","SG","Singapore","WPRO",1,8,0,0
"2020-01-27","SG","Singapore","WPRO",1,9,0,0
"2020-01-28","SG","Singapore","WPRO",2,11,0,0
"2020-01-29","SG","Singapore","WPRO",3,14,0,0
"2020-01-30","SG","Singapore","WPRO",3,17,0,0
"2020-01-31","SG","Singapore","WPRO",3,20,0,0
"2020-02-01","SG","Singapore","WPRO",2,22,0,0
"2020-02-02","SG","Singapore","WPRO",0,22,0,0
"2020-02-03","SG","Singapore","WPRO",0,22,0,0
"2020-02-04","SG","Singapore","WPRO",6,28,0,0
"2020-02-05","SG","Singapore","WPRO",4,32,0,0
"2020-02-06","SG","Singapore","WPRO",2,34,0,0
"2020-02-07","SG","Singapore","WPRO",3,37,0,0
"2020-02-08","SG","Singapore","WPRO",7,44,0,0
"2020-02-09","SG","Singapore","WPRO",3,47,0,0
"2020-02-10","SG","Singapore","WPRO",2,49,0,0
"2020-02-11","SG","Singapore","WPRO",2,51,0,0
"2020-02-12","SG","Singapore","WPRO",3,54,0,0
"2020-02-13","SG","Singapore","WPRO",8,62,0,0
"2020-02-14","SG","Singapore","WPRO",9,71,0,0
"2020-02-15","SG","Singapore","WPRO",5,76,0,0
"2020-02-16","SG","Singapore","WPRO",3,79,0,0
"2020-02-17","SG","Singapore","WPRO",2,81,0,0
"2020-02-18","SG","Singapore","WPRO",4,85,0,0
"2020-02-19","SG","Singapore","WPRO",3,88,0,0
"2020-02-20","SG","Singapore","WPRO",1,89,0,0
"2020-02-21","SG","Singapore","WPRO",1,90,0,0
"2020-02-22","SG","Singapore","WPRO",3,93,0,0
"2020-02-23","SG","Singapore","WPRO",0,93,0,0
"2020-02-24","SG","Singapore","WPRO",1,94,0,0
"2020-02-25","SG","Singapore","WPRO",1,95,0,0
"2020-02-26","SG","Singapore","WPRO",2,97,0,0
"2020-02-27","SG","Singapore","WPRO",3,100,0,0
"2020-02-28","SG","Singapore","WPRO",2,102,0,0
"2020-02-29","SG","Singapore","WPRO",4,106,0,0
"2020-03-01","SG","Singapore","WPRO",4,110,0,0
"2020-03-02","SG","Singapore","WPRO",2,112,0,0
"2020-03-03","SG","Singapore","WPRO",2,114,0,0
"2020-03-04","SG","Singapore","WPRO",0,114,0,0
"2020-03-05","SG","Singapore","WPRO",7,121,0,0
"2020-03-06","SG","Singapore","WPRO",13,134,0,0
"2020-03-07","SG","Singapore","WPRO",8,142,0,0
"2020-03-08","SG","Singapore","WPRO",12,154,0,0
"2020-03-09","SG","Singapore","WPRO",10,164,0,0
"2020-03-10","SG","Singapore","WPRO",6,170,0,0
"2020-03-11","SG","Singapore","WPRO",12,182,0,0
"2020-03-12","SG","Singapore","WPRO",9,191,0,0
"2020-03-13","SG","Singapore","WPRO",13,204,0,0
"2020-03-14","SG","Singapore","WPRO",12,216,0,0
"2020-03-15","SG","Singapore","WPRO",14,230,0,0
"2020-03-16","SG","Singapore","WPRO",17,247,0,0
"2020-03-17","SG","Singapore","WPRO",23,270,0,0
"2020-03-18","SG","Singapore","WPRO",47,317,0,0
"2020-03-19","SG","Singapore","WPRO",28,345,0,0
"2020-03-20","SG","Singapore","WPRO",40,385,2,2
"2020-03-21","SG","Singapore","WPRO",47,432,0,2
"2020-03-22","SG","Singapore","WPRO",0,432,0,2
"2020-03-23","SG","Singapore","WPRO",23,455,0,2
"2020-03-24","SG","Singapore","WPRO",52,507,0,2
"2020-03-25","SG","Singapore","WPRO",51,558,0,2
"2020-03-26","SG","Singapore","WPRO",73,631,0,2
"2020-03-27","SG","Singapore","WPRO",52,683,0,2
"2020-03-28","SG","Singapore","WPRO",49,732,0,2
"2020-03-29","SG","Singapore","WPRO",70,802,0,2
"2020-03-30","SG","Singapore","WPRO",42,844,1,3
"2020-03-31","SG","Singapore","WPRO",35,879,0,3
"2020-04-01","SG","Singapore","WPRO",47,926,0,3
"2020-04-02","SG","Singapore","WPRO",74,1000,0,3
"2020-04-03","SG","Singapore","WPRO",49,1049,1,4
"2020-04-04","SG","Singapore","WPRO",65,1114,1,5
"2020-04-05","SG","Singapore","WPRO",75,1189,0,5
"2020-04-06","SG","Singapore","WPRO",120,1309,1,6
"2020-04-07","SG","Singapore","WPRO",66,1375,0,6
"2020-04-08","SG","Singapore","WPRO",106,1481,0,6
"2020-04-09","SG","Singapore","WPRO",142,1623,0,6
"2020-04-10","SG","Singapore","WPRO",287,1910,1,7
"2020-04-11","SG","Singapore","WPRO",198,2108,0,7
"2020-04-12","SG","Singapore","WPRO",191,2299,1,8
"2020-04-13","SG","Singapore","WPRO",233,2532,0,8
"2020-04-14","SG","Singapore","WPRO",386,2918,1,9
"2020-04-15","SG","Singapore","WPRO",334,3252,1,10
"2020-04-16","SG","Singapore","WPRO",447,3699,0,10
"2020-04-17","SG","Singapore","WPRO",728,4427,0,10
"2020-04-18","SG","Singapore","WPRO",623,5050,1,11
"2020-04-19","SG","Singapore","WPRO",942,5992,0,11
"2020-04-20","SG","Singapore","WPRO",596,6588,0,11
"2020-04-21","SG","Singapore","WPRO",1426,8014,0,11
"2020-04-22","SG","Singapore","WPRO",1111,9125,0,11
"2020-04-23","SG","Singapore","WPRO",1016,10141,1,12
"2020-04-24","SG","Singapore","WPRO",1037,11178,0,12
"2020-04-25","SG","Singapore","WPRO",897,12075,0,12
"2020-04-26","SG","Singapore","WPRO",618,12693,0,12
"2020-04-27","SG","Singapore","WPRO",931,13624,0,12
"2020-04-28","SG","Singapore","WPRO",799,14423,2,14
"2020-04-29","SG","Singapore","WPRO",528,14951,0,14
"2020-04-30","SG","Singapore","WPRO",690,15641,0,14
"2020-05-01","SG","Singapore","WPRO",528,16169,1,15
"2020-05-02","SG","Singapore","WPRO",932,17101,1,16
"2020-05-03","SG","Singapore","WPRO",447,17548,1,17
"2020-05-04","SG","Singapore","WPRO",657,18205,1,18
"2020-05-05","SG","Singapore","WPRO",573,18778,0,18
"2020-05-06","SG","Singapore","WPRO",632,19410,0,18
"2020-05-07","SG","Singapore","WPRO",788,20198,2,20
"2020-05-08","SG","Singapore","WPRO",741,20939,0,20
"2020-05-09","SG","Singapore","WPRO",768,21707,0,20
"2020-05-10","SG","Singapore","WPRO",753,22460,0,20
"2020-05-11","SG","Singapore","WPRO",876,23336,0,20
"2020-05-12","SG","Singapore","WPRO",486,23822,1,21
"2020-05-13","SG","Singapore","WPRO",849,24671,0,21
"2020-05-14","SG","Singapore","WPRO",675,25346,0,21
"2020-05-15","SG","Singapore","WPRO",752,26098,0,21
"2020-05-16","SG","Singapore","WPRO",793,26891,0,21
"2020-05-17","SG","Singapore","WPRO",465,27356,1,22
"2020-05-18","SG","Singapore","WPRO",682,28038,0,22
"2020-05-19","SG","Singapore","WPRO",305,28343,0,22
"2020-05-20","SG","Singapore","WPRO",451,28794,0,22
"2020-05-21","SG","Singapore","WPRO",570,29364,0,22
"2020-05-22","SG","Singapore","WPRO",448,29812,1,23
"2020-05-23","SG","Singapore","WPRO",614,30426,0,23
"2020-05-24","SG","Singapore","WPRO",642,31068,0,23
"2020-05-25","SG","Singapore","WPRO",548,31616,0,23
"2020-05-26","SG","Singapore","WPRO",344,31960,0,23
"2020-05-27","SG","Singapore","WPRO",383,32343,0,23
"2020-05-28","SG","Singapore","WPRO",533,32876,0,23
"2020-05-29","SG","Singapore","WPRO",373,33249,0,23
"2020-05-30","SG","Singapore","WPRO",611,33860,0,23
"2020-05-31","SG","Singapore","WPRO",506,34366,0,23
"2020-06-01","SG","Singapore","WPRO",518,34884,0,23
"2020-06-02","SG","Singapore","WPRO",408,35292,1,24
"2020-06-03","SG","Singapore","WPRO",544,35836,0,24
"2020-06-04","SG","Singapore","WPRO",569,36405,0,24
"2020-06-05","SG","Singapore","WPRO",517,36922,0,24
"2020-06-06","SG","Singapore","WPRO",261,37183,0,24
"2020-06-07","SG","Singapore","WPRO",344,37527,1,25
"2020-06-08","SG","Singapore","WPRO",383,37910,0,25
"2020-06-09","SG","Singapore","WPRO",386,38296,0,25
"2020-06-10","SG","Singapore","WPRO",218,38514,0,25
"2020-06-11","SG","Singapore","WPRO",451,38965,0,25
"2020-06-12","SG","Singapore","WPRO",422,39387,0,25
"2020-06-13","SG","Singapore","WPRO",463,39850,0,25
"2020-06-14","SG","Singapore","WPRO",347,40197,1,26
"2020-06-15","SG","Singapore","WPRO",407,40604,0,26
"2020-06-16","SG","Singapore","WPRO",214,40818,0,26
"2020-06-17","SG","Singapore","WPRO",151,40969,0,26
"2020-06-18","SG","Singapore","WPRO",247,41216,0,26
"2020-06-19","SG","Singapore","WPRO",257,41473,0,26
"2020-06-20","SG","Singapore","WPRO",142,41615,0,26
"2020-06-21","SG","Singapore","WPRO",218,41833,0,26
"2020-06-22","SG","Singapore","WPRO",262,42095,0,26
"2020-06-23","SG","Singapore","WPRO",218,42313,0,26
"2020-06-24","SG","Singapore","WPRO",119,42432,0,26
"2020-06-25","SG","Singapore","WPRO",191,42623,0,26
"2020-06-26","SG","Singapore","WPRO",113,42736,0,26
"2020-06-27","SG","Singapore","WPRO",219,42955,0,26
"2020-06-28","SG","Singapore","WPRO",291,43246,0,26
"2020-06-29","SG","Singapore","WPRO",213,43459,0,26
"2020-06-30","SG","Singapore","WPRO",202,43661,0,26
"2020-07-01","SG","Singapore","WPRO",246,43907,0,26
"2020-07-02","SG","Singapore","WPRO",215,44122,0,26
"2020-07-03","SG","Singapore","WPRO",188,44310,0,26
"2020-07-04","SG","Singapore","WPRO",169,44479,0,26
"2020-07-05","SG","Singapore","WPRO",185,44664,0,26
"2020-07-06","SG","Singapore","WPRO",136,44800,0,26
"2020-07-07","SG","Singapore","WPRO",183,44983,0,26
"2020-07-08","SG","Singapore","WPRO",157,45140,0,26
"2020-07-09","SG","Singapore","WPRO",158,45298,0,26
"2020-07-10","SG","Singapore","WPRO",125,45423,0,26
"2020-07-11","SG","Singapore","WPRO",191,45614,0,26
"2020-07-12","SG","Singapore","WPRO",169,45783,0,26
"2020-07-13","SG","Singapore","WPRO",178,45961,0,26
"2020-07-14","SG","Singapore","WPRO",322,46283,0,26
"2020-07-15","SG","Singapore","WPRO",347,46630,1,27
"2020-07-16","SG","Singapore","WPRO",249,46879,0,27
"2020-07-17","SG","Singapore","WPRO",248,47127,0,27
"2020-07-18","SG","Singapore","WPRO",327,47454,0,27
"2020-07-19","SG","Singapore","WPRO",202,47656,0,27
"2020-07-20","SG","Singapore","WPRO",257,47913,0,27
"2020-07-21","SG","Singapore","WPRO",123,48036,0,27
"2020-07-22","SG","Singapore","WPRO",398,48434,0,27
"2020-07-23","SG","Singapore","WPRO",310,48744,0,27
"2020-07-24","SG","Singapore","WPRO",354,49098,0,27
"2020-07-25","SG","Singapore","WPRO",277,49375,0,27
"2020-07-26","SG","Singapore","WPRO",513,49888,0,27
"2020-07-27","SG","Singapore","WPRO",481,50369,0,27
"2020-07-28","SG","Singapore","WPRO",469,50838,0,27
"2020-07-29","SG","Singapore","WPRO",359,51197,0,27
"2020-07-30","SG","Singapore","WPRO",334,51531,0,27
"2020-07-31","SG","Singapore","WPRO",278,51809,0,27
"2020-08-01","SG","Singapore","WPRO",396,52205,0,27
"2020-08-02","SG","Singapore","WPRO",307,52512,0,27
"2020-08-03","SG","Singapore","WPRO",313,52825,0,27
"2020-08-04","SG","Singapore","WPRO",226,53051,0,27
"2020-08-05","SG","Singapore","WPRO",295,53346,0,27
"2020-08-06","SG","Singapore","WPRO",908,54254,0,27
"2020-08-07","SG","Singapore","WPRO",301,54555,0,27
"2020-08-08","SG","Singapore","WPRO",242,54797,0,27
"2020-08-09","SG","Singapore","WPRO",132,54929,0,27
"2020-08-10","SG","Singapore","WPRO",175,55104,0,27
"2020-08-11","SG","Singapore","WPRO",188,55292,0,27
"2020-08-12","SG","Singapore","WPRO",61,55353,0,27
"2020-08-13","SG","Singapore","WPRO",42,55395,0,27
"2020-08-14","SG","Singapore","WPRO",102,55497,0,27
"2020-08-15","SG","Singapore","WPRO",83,55580,0,27
"2020-08-16","SG","Singapore","WPRO",81,55661,0,27
"2020-08-17","SG","Singapore","WPRO",86,55747,0,27
"2020-08-18","SG","Singapore","WPRO",91,55838,0,27
"2020-08-19","SG","Singapore","WPRO",100,55938,0,27
"2020-08-20","SG","Singapore","WPRO",93,56031,0,27
"2020-08-21","SG","Singapore","WPRO",68,56099,0,27
"2020-08-22","SG","Singapore","WPRO",117,56216,0,27
"2020-08-23","SG","Singapore","WPRO",50,56266,0,27
"2020-08-24","SG","Singapore","WPRO",87,56353,0,27
"2020-08-25","SG","Singapore","WPRO",51,56404,0,27
"2020-08-26","SG","Singapore","WPRO",31,56435,0,27
"2020-08-27","SG","Singapore","WPRO",60,56495,0,27
"2020-08-28","SG","Singapore","WPRO",77,56572,0,27
"2020-08-29","SG","Singapore","WPRO",94,56666,0,27
"2020-08-30","SG","Singapore","WPRO",51,56717,0,27
"2020-08-31","SG","Singapore","WPRO",54,56771,0,27
"2020-09-01","SG","Singapore","WPRO",41,56812,0,27
"2020-09-02","SG","Singapore","WPRO",40,56852,0,27
"2020-09-03","SG","Singapore","WPRO",8,56860,0,27
"2020-09-04","SG","Singapore","WPRO",48,56908,0,27
"2020-09-05","SG","Singapore","WPRO",40,56948,0,27
"2020-09-06","SG","Singapore","WPRO",34,56982,0,27
"2020-09-07","SG","Singapore","WPRO",40,57022,0,27
"2020-09-08","SG","Singapore","WPRO",22,57044,0,27
"2020-09-09","SG","Singapore","WPRO",47,57091,0,27
"2020-09-10","SG","Singapore","WPRO",75,57166,0,27
"2020-09-11","SG","Singapore","WPRO",63,57229,0,27
"2020-09-12","SG","Singapore","WPRO",86,57315,0,27
"2020-09-13","SG","Singapore","WPRO",42,57357,0,27
"2020-09-14","SG","Singapore","WPRO",49,57406,0,27
"2020-09-15","SG","Singapore","WPRO",48,57454,0,27
"2020-09-16","SG","Singapore","WPRO",34,57488,0,27
"2020-09-17","SG","Singapore","WPRO",26,57514,0,27
"2020-09-18","SG","Singapore","WPRO",18,57532,0,27
"2020-09-19","SG","Singapore","WPRO",11,57543,0,27
"2020-09-20","SG","Singapore","WPRO",15,57558,0,27
"2020-09-21","SG","Singapore","WPRO",18,57576,0,27
"2020-09-22","SG","Singapore","WPRO",30,57606,0,27
"2020-09-23","SG","Singapore","WPRO",21,57627,0,27
"2020-09-24","SG","Singapore","WPRO",12,57639,0,27
"2020-09-25","SG","Singapore","WPRO",15,57654,0,27
"2020-09-26","SG","Singapore","WPRO",11,57665,0,27
"2020-09-27","SG","Singapore","WPRO",20,57685,0,27
"2020-09-28","SG","Singapore","WPRO",15,57700,0,27
"2020-09-29","SG","Singapore","WPRO",15,57715,0,27
"2020-09-30","SG","Singapore","WPRO",27,57742,0,27
"2020-10-01","SG","Singapore","WPRO",23,57765,0,27
"2020-10-02","SG","Singapore","WPRO",19,57784,0,27
"2020-10-03","SG","Singapore","WPRO",10,57794,0,27
"2020-10-04","SG","Singapore","WPRO",6,57800,0,27
"2020-10-05","SG","Singapore","WPRO",12,57812,0,27
"2020-10-06","SG","Singapore","WPRO",7,57819,0,27
"2020-10-07","SG","Singapore","WPRO",11,57830,0,27
"2020-10-08","SG","Singapore","WPRO",10,57840,0,27
"2020-10-09","SG","Singapore","WPRO",9,57849,0,27
"2020-10-10","SG","Singapore","WPRO",10,57859,0,27
"2020-10-11","SG","Singapore","WPRO",7,57866,0,27
"2020-10-12","SG","Singapore","WPRO",10,57876,0,27
"2020-10-13","SG","Singapore","WPRO",4,57880,1,28
"2020-10-14","SG","Singapore","WPRO",4,57884,0,28
"2020-10-15","SG","Singapore","WPRO",5,57889,0,28
"2020-10-16","SG","Singapore","WPRO",3,57892,0,28
"2020-10-17","SG","Singapore","WPRO",9,57901,0,28
"2020-10-18","SG","Singapore","WPRO",3,57904,0,28
"2020-10-19","SG","Singapore","WPRO",7,57911,0,28
"2020-10-20","SG","Singapore","WPRO",4,57915,0,28
"2020-10-21","SG","Singapore","WPRO",6,57921,0,28
"2020-10-22","SG","Singapore","WPRO",12,57933,0,28
"2020-10-23","SG","Singapore","WPRO",8,57941,0,28
"2020-10-24","SG","Singapore","WPRO",10,57951,0,28
"2020-10-25","SG","Singapore","WPRO",14,57965,0,28
"2020-10-26","SG","Singapore","WPRO",5,57970,0,28
"2020-10-27","SG","Singapore","WPRO",3,57973,0,28
"2020-10-28","SG","Singapore","WPRO",7,57980,0,28
"2020-10-29","SG","Singapore","WPRO",7,57987,0,28
"2020-10-30","SG","Singapore","WPRO",7,57994,0,28
"2020-10-31","SG","Singapore","WPRO",9,58003,0,28
"2020-11-01","SG","Singapore","WPRO",12,58015,0,28
"2020-11-02","SG","Singapore","WPRO",4,58019,0,28
"2020-11-03","SG","Singapore","WPRO",1,58020,0,28
"2020-11-04","SG","Singapore","WPRO",9,58029,0,28
"2020-11-05","SG","Singapore","WPRO",7,58036,0,28
"2020-11-06","SG","Singapore","WPRO",7,58043,0,28
"2020-11-07","SG","Singapore","WPRO",4,58047,0,28
"2020-11-08","SG","Singapore","WPRO",7,58054,0,28
"2020-11-09","SG","Singapore","WPRO",2,58056,0,28
"2020-11-10","SG","Singapore","WPRO",8,58064,0,28
"2020-11-11","SG","Singapore","WPRO",9,58073,0,28
"2020-11-12","SG","Singapore","WPRO",18,58091,0,28
"2020-11-13","SG","Singapore","WPRO",11,58102,0,28
"2020-11-14","SG","Singapore","WPRO",12,58114,0,28
"2020-11-15","SG","Singapore","WPRO",2,58116,0,28
"2020-11-16","SG","Singapore","WPRO",3,58119,0,28
"2020-11-17","SG","Singapore","WPRO",5,58124,0,28
"2020-11-18","SG","Singapore","WPRO",6,58130,0,28
"2020-11-19","SG","Singapore","WPRO",5,58135,0,28
"2020-11-20","SG","Singapore","WPRO",4,58139,0,28
"2020-11-21","SG","Singapore","WPRO",4,58143,0,28
"2020-11-22","SG","Singapore","WPRO",5,58148,0,28
"2020-11-23","SG","Singapore","WPRO",12,58160,0,28
"2020-11-24","SG","Singapore","WPRO",5,58165,0,28
"2020-11-25","SG","Singapore","WPRO",18,58183,0,28
"2020-11-26","SG","Singapore","WPRO",7,58190,0,28
"2020-11-27","SG","Singapore","WPRO",5,58195,0,28
"2020-11-28","SG","Singapore","WPRO",4,58199,0,28
"2020-11-29","SG","Singapore","WPRO",6,58205,1,29
"2020-11-30","SG","Singapore","WPRO",8,58213,0,29
"2020-12-01","SG","Singapore","WPRO",5,58218,0,29
"2020-12-02","SG","Singapore","WPRO",10,58228,0,29
"2020-12-03","SG","Singapore","WPRO",2,58230,0,29
"2020-12-04","SG","Singapore","WPRO",9,58239,0,29
"2020-12-05","SG","Singapore","WPRO",3,58242,0,29
"2020-12-06","SG","Singapore","WPRO",13,58255,0,29
"2020-12-07","SG","Singapore","WPRO",5,58260,0,29
"2020-12-08","SG","Singapore","WPRO",13,58273,0,29
"2020-12-09","SG","Singapore","WPRO",12,58285,0,29
"2020-12-10","SG","Singapore","WPRO",6,58291,0,29
"2020-12-11","SG","Singapore","WPRO",6,58297,0,29
"2020-12-12","SG","Singapore","WPRO",8,58305,0,29
