"Fecha_de_reporte","Codigo_pais","Paises","Region","Casos_nuevos","Casos_acumulados","defunciones_nuevas","defunciones_acumuladas"
"2020-01-03","SK","Slovakia","EURO",0,0,0,0
"2020-01-04","SK","Slovakia","EURO",0,0,0,0
"2020-01-05","SK","Slovakia","EURO",0,0,0,0
"2020-01-06","SK","Slovakia","EURO",0,0,0,0
"2020-01-07","SK","Slovakia","EURO",0,0,0,0
"2020-01-08","SK","Slovakia","EURO",0,0,0,0
"2020-01-09","SK","Slovakia","EURO",0,0,0,0
"2020-01-10","SK","Slovakia","EURO",0,0,0,0
"2020-01-11","SK","Slovakia","EURO",0,0,0,0
"2020-01-12","SK","Slovakia","EURO",0,0,0,0
"2020-01-13","SK","Slovakia","EURO",0,0,0,0
"2020-01-14","SK","Slovakia","EURO",0,0,0,0
"2020-01-15","SK","Slovakia","EURO",0,0,0,0
"2020-01-16","SK","Slovakia","EURO",0,0,0,0
"2020-01-17","SK","Slovakia","EURO",0,0,0,0
"2020-01-18","SK","Slovakia","EURO",0,0,0,0
"2020-01-19","SK","Slovakia","EURO",0,0,0,0
"2020-01-20","SK","Slovakia","EURO",0,0,0,0
"2020-01-21","SK","Slovakia","EURO",0,0,0,0
"2020-01-22","SK","Slovakia","EURO",0,0,0,0
"2020-01-23","SK","Slovakia","EURO",0,0,0,0
"2020-01-24","SK","Slovakia","EURO",0,0,0,0
"2020-01-25","SK","Slovakia","EURO",0,0,0,0
"2020-01-26","SK","Slovakia","EURO",0,0,0,0
"2020-01-27","SK","Slovakia","EURO",0,0,0,0
"2020-01-28","SK","Slovakia","EURO",0,0,0,0
"2020-01-29","SK","Slovakia","EURO",0,0,0,0
"2020-01-30","SK","Slovakia","EURO",0,0,0,0
"2020-01-31","SK","Slovakia","EURO",0,0,0,0
"2020-02-01","SK","Slovakia","EURO",0,0,0,0
"2020-02-02","SK","Slovakia","EURO",0,0,0,0
"2020-02-03","SK","Slovakia","EURO",0,0,0,0
"2020-02-04","SK","Slovakia","EURO",0,0,0,0
"2020-02-05","SK","Slovakia","EURO",0,0,0,0
"2020-02-06","SK","Slovakia","EURO",0,0,0,0
"2020-02-07","SK","Slovakia","EURO",0,0,0,0
"2020-02-08","SK","Slovakia","EURO",0,0,0,0
"2020-02-09","SK","Slovakia","EURO",0,0,0,0
"2020-02-10","SK","Slovakia","EURO",0,0,0,0
"2020-02-11","SK","Slovakia","EURO",0,0,0,0
"2020-02-12","SK","Slovakia","EURO",0,0,0,0
"2020-02-13","SK","Slovakia","EURO",0,0,0,0
"2020-02-14","SK","Slovakia","EURO",0,0,0,0
"2020-02-15","SK","Slovakia","EURO",0,0,0,0
"2020-02-16","SK","Slovakia","EURO",0,0,0,0
"2020-02-17","SK","Slovakia","EURO",0,0,0,0
"2020-02-18","SK","Slovakia","EURO",0,0,0,0
"2020-02-19","SK","Slovakia","EURO",0,0,0,0
"2020-02-20","SK","Slovakia","EURO",0,0,0,0
"2020-02-21","SK","Slovakia","EURO",0,0,0,0
"2020-02-22","SK","Slovakia","EURO",0,0,0,0
"2020-02-23","SK","Slovakia","EURO",0,0,0,0
"2020-02-24","SK","Slovakia","EURO",0,0,0,0
"2020-02-25","SK","Slovakia","EURO",0,0,0,0
"2020-02-26","SK","Slovakia","EURO",0,0,0,0
"2020-02-27","SK","Slovakia","EURO",0,0,0,0
"2020-02-28","SK","Slovakia","EURO",0,0,0,0
"2020-02-29","SK","Slovakia","EURO",0,0,0,0
"2020-03-01","SK","Slovakia","EURO",0,0,0,0
"2020-03-02","SK","Slovakia","EURO",0,0,0,0
"2020-03-03","SK","Slovakia","EURO",0,0,0,0
"2020-03-04","SK","Slovakia","EURO",0,0,0,0
"2020-03-05","SK","Slovakia","EURO",0,0,0,0
"2020-03-06","SK","Slovakia","EURO",1,1,0,0
"2020-03-07","SK","Slovakia","EURO",0,1,0,0
"2020-03-08","SK","Slovakia","EURO",2,3,0,0
"2020-03-09","SK","Slovakia","EURO",2,5,0,0
"2020-03-10","SK","Slovakia","EURO",0,5,0,0
"2020-03-11","SK","Slovakia","EURO",2,7,0,0
"2020-03-12","SK","Slovakia","EURO",3,10,0,0
"2020-03-13","SK","Slovakia","EURO",11,21,0,0
"2020-03-14","SK","Slovakia","EURO",9,30,0,0
"2020-03-15","SK","Slovakia","EURO",14,44,0,0
"2020-03-16","SK","Slovakia","EURO",17,61,0,0
"2020-03-17","SK","Slovakia","EURO",23,84,0,0
"2020-03-18","SK","Slovakia","EURO",13,97,0,0
"2020-03-19","SK","Slovakia","EURO",10,107,0,0
"2020-03-20","SK","Slovakia","EURO",16,123,0,0
"2020-03-21","SK","Slovakia","EURO",14,137,0,0
"2020-03-22","SK","Slovakia","EURO",41,178,0,0
"2020-03-23","SK","Slovakia","EURO",7,185,0,0
"2020-03-24","SK","Slovakia","EURO",6,191,0,0
"2020-03-25","SK","Slovakia","EURO",13,204,0,0
"2020-03-26","SK","Slovakia","EURO",12,216,0,0
"2020-03-27","SK","Slovakia","EURO",10,226,0,0
"2020-03-28","SK","Slovakia","EURO",69,295,0,0
"2020-03-29","SK","Slovakia","EURO",0,295,0,0
"2020-03-30","SK","Slovakia","EURO",41,336,0,0
"2020-03-31","SK","Slovakia","EURO",0,336,0,0
"2020-04-01","SK","Slovakia","EURO",27,363,0,0
"2020-04-02","SK","Slovakia","EURO",37,400,0,0
"2020-04-03","SK","Slovakia","EURO",26,426,0,0
"2020-04-04","SK","Slovakia","EURO",24,450,0,0
"2020-04-05","SK","Slovakia","EURO",21,471,0,0
"2020-04-06","SK","Slovakia","EURO",14,485,0,0
"2020-04-07","SK","Slovakia","EURO",49,534,2,2
"2020-04-08","SK","Slovakia","EURO",47,581,0,2
"2020-04-09","SK","Slovakia","EURO",101,682,0,2
"2020-04-10","SK","Slovakia","EURO",19,701,0,2
"2020-04-11","SK","Slovakia","EURO",14,715,0,2
"2020-04-12","SK","Slovakia","EURO",13,728,0,2
"2020-04-13","SK","Slovakia","EURO",14,742,0,2
"2020-04-14","SK","Slovakia","EURO",27,769,0,2
"2020-04-15","SK","Slovakia","EURO",66,835,0,2
"2020-04-16","SK","Slovakia","EURO",28,863,4,6
"2020-04-17","SK","Slovakia","EURO",114,977,2,8
"2020-04-18","SK","Slovakia","EURO",72,1049,1,9
"2020-04-19","SK","Slovakia","EURO",40,1089,2,11
"2020-04-20","SK","Slovakia","EURO",72,1161,1,12
"2020-04-21","SK","Slovakia","EURO",12,1173,1,13
"2020-04-22","SK","Slovakia","EURO",26,1199,1,14
"2020-04-23","SK","Slovakia","EURO",45,1244,0,14
"2020-04-24","SK","Slovakia","EURO",81,1325,1,15
"2020-04-25","SK","Slovakia","EURO",35,1360,2,17
"2020-04-26","SK","Slovakia","EURO",13,1373,0,17
"2020-04-27","SK","Slovakia","EURO",6,1379,1,18
"2020-04-28","SK","Slovakia","EURO",2,1381,0,18
"2020-04-29","SK","Slovakia","EURO",3,1384,2,20
"2020-04-30","SK","Slovakia","EURO",7,1391,2,22
"2020-05-01","SK","Slovakia","EURO",5,1396,1,23
"2020-05-02","SK","Slovakia","EURO",7,1403,0,23
"2020-05-03","SK","Slovakia","EURO",4,1407,1,24
"2020-05-04","SK","Slovakia","EURO",1,1408,0,24
"2020-05-05","SK","Slovakia","EURO",5,1413,1,25
"2020-05-06","SK","Slovakia","EURO",8,1421,0,25
"2020-05-07","SK","Slovakia","EURO",8,1429,0,25
"2020-05-08","SK","Slovakia","EURO",16,1445,1,26
"2020-05-09","SK","Slovakia","EURO",10,1455,0,26
"2020-05-10","SK","Slovakia","EURO",0,1455,0,26
"2020-05-11","SK","Slovakia","EURO",2,1457,0,26
"2020-05-12","SK","Slovakia","EURO",0,1457,0,26
"2020-05-13","SK","Slovakia","EURO",8,1465,1,27
"2020-05-14","SK","Slovakia","EURO",4,1469,0,27
"2020-05-15","SK","Slovakia","EURO",8,1477,0,27
"2020-05-16","SK","Slovakia","EURO",3,1480,0,27
"2020-05-17","SK","Slovakia","EURO",13,1493,1,28
"2020-05-18","SK","Slovakia","EURO",1,1494,0,28
"2020-05-19","SK","Slovakia","EURO",1,1495,0,28
"2020-05-20","SK","Slovakia","EURO",0,1495,0,28
"2020-05-21","SK","Slovakia","EURO",1,1496,0,28
"2020-05-22","SK","Slovakia","EURO",6,1502,0,28
"2020-05-23","SK","Slovakia","EURO",1,1503,0,28
"2020-05-24","SK","Slovakia","EURO",1,1504,0,28
"2020-05-25","SK","Slovakia","EURO",5,1509,0,28
"2020-05-26","SK","Slovakia","EURO",2,1511,0,28
"2020-05-27","SK","Slovakia","EURO",2,1513,0,28
"2020-05-28","SK","Slovakia","EURO",2,1515,0,28
"2020-05-29","SK","Slovakia","EURO",5,1520,0,28
"2020-05-30","SK","Slovakia","EURO",0,1520,0,28
"2020-05-31","SK","Slovakia","EURO",1,1521,0,28
"2020-06-01","SK","Slovakia","EURO",1,1522,0,28
"2020-06-02","SK","Slovakia","EURO",0,1522,0,28
"2020-06-03","SK","Slovakia","EURO",0,1522,0,28
"2020-06-04","SK","Slovakia","EURO",3,1525,0,28
"2020-06-05","SK","Slovakia","EURO",1,1526,0,28
"2020-06-06","SK","Slovakia","EURO",0,1526,0,28
"2020-06-07","SK","Slovakia","EURO",2,1528,0,28
"2020-06-08","SK","Slovakia","EURO",0,1528,0,28
"2020-06-09","SK","Slovakia","EURO",2,1530,0,28
"2020-06-10","SK","Slovakia","EURO",1,1531,0,28
"2020-06-11","SK","Slovakia","EURO",2,1533,0,28
"2020-06-12","SK","Slovakia","EURO",8,1541,0,28
"2020-06-13","SK","Slovakia","EURO",1,1542,0,28
"2020-06-14","SK","Slovakia","EURO",3,1545,0,28
"2020-06-15","SK","Slovakia","EURO",3,1548,0,28
"2020-06-16","SK","Slovakia","EURO",4,1552,0,28
"2020-06-17","SK","Slovakia","EURO",0,1552,0,28
"2020-06-18","SK","Slovakia","EURO",9,1561,0,28
"2020-06-19","SK","Slovakia","EURO",1,1562,0,28
"2020-06-20","SK","Slovakia","EURO",14,1576,0,28
"2020-06-21","SK","Slovakia","EURO",10,1586,0,28
"2020-06-22","SK","Slovakia","EURO",1,1587,0,28
"2020-06-23","SK","Slovakia","EURO",1,1588,0,28
"2020-06-24","SK","Slovakia","EURO",1,1589,0,28
"2020-06-25","SK","Slovakia","EURO",18,1607,0,28
"2020-06-26","SK","Slovakia","EURO",23,1630,0,28
"2020-06-27","SK","Slovakia","EURO",13,1643,0,28
"2020-06-28","SK","Slovakia","EURO",14,1657,0,28
"2020-06-29","SK","Slovakia","EURO",7,1664,0,28
"2020-06-30","SK","Slovakia","EURO",1,1665,0,28
"2020-07-01","SK","Slovakia","EURO",2,1667,0,28
"2020-07-02","SK","Slovakia","EURO",20,1687,0,28
"2020-07-03","SK","Slovakia","EURO",13,1700,0,28
"2020-07-04","SK","Slovakia","EURO",20,1720,0,28
"2020-07-05","SK","Slovakia","EURO",29,1749,0,28
"2020-07-06","SK","Slovakia","EURO",15,1764,0,28
"2020-07-07","SK","Slovakia","EURO",1,1765,0,28
"2020-07-08","SK","Slovakia","EURO",2,1767,0,28
"2020-07-09","SK","Slovakia","EURO",31,1798,0,28
"2020-07-10","SK","Slovakia","EURO",53,1851,0,28
"2020-07-11","SK","Slovakia","EURO",19,1870,0,28
"2020-07-12","SK","Slovakia","EURO",23,1893,0,28
"2020-07-13","SK","Slovakia","EURO",8,1901,0,28
"2020-07-14","SK","Slovakia","EURO",1,1902,0,28
"2020-07-15","SK","Slovakia","EURO",6,1908,0,28
"2020-07-16","SK","Slovakia","EURO",19,1927,0,28
"2020-07-17","SK","Slovakia","EURO",24,1951,0,28
"2020-07-18","SK","Slovakia","EURO",14,1965,0,28
"2020-07-19","SK","Slovakia","EURO",11,1976,0,28
"2020-07-20","SK","Slovakia","EURO",3,1979,0,28
"2020-07-21","SK","Slovakia","EURO",1,1980,0,28
"2020-07-22","SK","Slovakia","EURO",41,2021,0,28
"2020-07-23","SK","Slovakia","EURO",37,2058,0,28
"2020-07-24","SK","Slovakia","EURO",31,2089,0,28
"2020-07-25","SK","Slovakia","EURO",29,2118,0,28
"2020-07-26","SK","Slovakia","EURO",23,2141,0,28
"2020-07-27","SK","Slovakia","EURO",38,2179,0,28
"2020-07-28","SK","Slovakia","EURO",2,2181,0,28
"2020-07-29","SK","Slovakia","EURO",23,2204,0,28
"2020-07-30","SK","Slovakia","EURO",41,2245,0,28
"2020-07-31","SK","Slovakia","EURO",20,2265,0,28
"2020-08-01","SK","Slovakia","EURO",27,2292,1,29
"2020-08-02","SK","Slovakia","EURO",45,2337,0,29
"2020-08-03","SK","Slovakia","EURO",7,2344,0,29
"2020-08-04","SK","Slovakia","EURO",10,2354,0,29
"2020-08-05","SK","Slovakia","EURO",14,2368,0,29
"2020-08-06","SK","Slovakia","EURO",49,2417,0,29
"2020-08-07","SK","Slovakia","EURO",63,2480,0,29
"2020-08-08","SK","Slovakia","EURO",43,2523,2,31
"2020-08-09","SK","Slovakia","EURO",43,2566,0,31
"2020-08-10","SK","Slovakia","EURO",30,2596,0,31
"2020-08-11","SK","Slovakia","EURO",3,2599,0,31
"2020-08-12","SK","Slovakia","EURO",16,2615,0,31
"2020-08-13","SK","Slovakia","EURO",75,2690,0,31
"2020-08-14","SK","Slovakia","EURO",49,2739,0,31
"2020-08-15","SK","Slovakia","EURO",62,2801,0,31
"2020-08-16","SK","Slovakia","EURO",54,2855,0,31
"2020-08-17","SK","Slovakia","EURO",47,2902,0,31
"2020-08-18","SK","Slovakia","EURO",5,2907,0,31
"2020-08-19","SK","Slovakia","EURO",15,2922,0,31
"2020-08-20","SK","Slovakia","EURO",100,3022,2,33
"2020-08-21","SK","Slovakia","EURO",80,3102,0,33
"2020-08-22","SK","Slovakia","EURO",123,3225,0,33
"2020-08-23","SK","Slovakia","EURO",91,3316,0,33
"2020-08-24","SK","Slovakia","EURO",40,3356,0,33
"2020-08-25","SK","Slovakia","EURO",68,3424,0,33
"2020-08-26","SK","Slovakia","EURO",28,3452,0,33
"2020-08-27","SK","Slovakia","EURO",84,3536,0,33
"2020-08-28","SK","Slovakia","EURO",90,3626,0,33
"2020-08-29","SK","Slovakia","EURO",102,3728,0,33
"2020-08-30","SK","Slovakia","EURO",114,3842,0,33
"2020-08-31","SK","Slovakia","EURO",34,3876,0,33
"2020-09-01","SK","Slovakia","EURO",41,3917,0,33
"2020-09-02","SK","Slovakia","EURO",72,3989,0,33
"2020-09-03","SK","Slovakia","EURO",53,4042,0,33
"2020-09-04","SK","Slovakia","EURO",121,4163,4,37
"2020-09-05","SK","Slovakia","EURO",137,4300,0,37
"2020-09-06","SK","Slovakia","EURO",226,4526,0,37
"2020-09-07","SK","Slovakia","EURO",88,4614,0,37
"2020-09-08","SK","Slovakia","EURO",22,4636,0,37
"2020-09-09","SK","Slovakia","EURO",91,4727,0,37
"2020-09-10","SK","Slovakia","EURO",161,4888,0,37
"2020-09-11","SK","Slovakia","EURO",133,5021,0,37
"2020-09-12","SK","Slovakia","EURO",231,5252,0,37
"2020-09-13","SK","Slovakia","EURO",201,5453,1,38
"2020-09-14","SK","Slovakia","EURO",79,5532,0,38
"2020-09-15","SK","Slovakia","EURO",48,5580,0,38
"2020-09-16","SK","Slovakia","EURO",188,5768,0,38
"2020-09-17","SK","Slovakia","EURO",92,5860,0,38
"2020-09-18","SK","Slovakia","EURO",161,6021,1,39
"2020-09-19","SK","Slovakia","EURO",235,6256,0,39
"2020-09-20","SK","Slovakia","EURO",290,6546,0,39
"2020-09-21","SK","Slovakia","EURO",131,6677,0,39
"2020-09-22","SK","Slovakia","EURO",79,6756,0,39
"2020-09-23","SK","Slovakia","EURO",175,6931,1,40
"2020-09-24","SK","Slovakia","EURO",338,7269,1,41
"2020-09-25","SK","Slovakia","EURO",360,7629,0,41
"2020-09-26","SK","Slovakia","EURO",419,8048,0,41
"2020-09-27","SK","Slovakia","EURO",552,8600,3,44
"2020-09-28","SK","Slovakia","EURO",478,9078,0,44
"2020-09-29","SK","Slovakia","EURO",265,9343,0,44
"2020-09-30","SK","Slovakia","EURO",231,9574,1,45
"2020-10-01","SK","Slovakia","EURO",567,10141,3,48
"2020-10-02","SK","Slovakia","EURO",797,10938,0,48
"2020-10-03","SK","Slovakia","EURO",679,11617,6,54
"2020-10-04","SK","Slovakia","EURO",704,12321,0,54
"2020-10-05","SK","Slovakia","EURO",818,13139,1,55
"2020-10-06","SK","Slovakia","EURO",353,13492,0,55
"2020-10-07","SK","Slovakia","EURO",320,13812,0,55
"2020-10-08","SK","Slovakia","EURO",877,14689,0,55
"2020-10-09","SK","Slovakia","EURO",1037,15726,2,57
"2020-10-10","SK","Slovakia","EURO",1184,16910,0,57
"2020-10-11","SK","Slovakia","EURO",1887,18797,4,61
"2020-10-12","SK","Slovakia","EURO",1054,19851,0,61
"2020-10-13","SK","Slovakia","EURO",504,20355,0,61
"2020-10-14","SK","Slovakia","EURO",531,20886,0,61
"2020-10-15","SK","Slovakia","EURO",1410,22296,5,66
"2020-10-16","SK","Slovakia","EURO",1929,24225,5,71
"2020-10-17","SK","Slovakia","EURO",2075,26300,0,71
"2020-10-18","SK","Slovakia","EURO",1968,28268,11,82
"2020-10-19","SK","Slovakia","EURO",1567,29835,6,88
"2020-10-20","SK","Slovakia","EURO",860,30695,4,92
"2020-10-21","SK","Slovakia","EURO",705,31400,6,98
"2020-10-22","SK","Slovakia","EURO",2202,33602,0,98
"2020-10-23","SK","Slovakia","EURO",1728,35330,17,115
"2020-10-24","SK","Slovakia","EURO",2581,37911,19,134
"2020-10-25","SK","Slovakia","EURO",2890,40801,25,159
"2020-10-26","SK","Slovakia","EURO",3042,43843,0,159
"2020-10-27","SK","Slovakia","EURO",1312,45155,6,165
"2020-10-28","SK","Slovakia","EURO",901,46056,11,176
"2020-10-29","SK","Slovakia","EURO",2887,48943,8,184
"2020-10-30","SK","Slovakia","EURO",2785,51728,16,200
"2020-10-31","SK","Slovakia","EURO",3363,55091,12,212
"2020-11-01","SK","Slovakia","EURO",2573,57664,7,219
"2020-11-02","SK","Slovakia","EURO",2282,59946,0,219
"2020-11-03","SK","Slovakia","EURO",1883,61829,0,219
"2020-11-04","SK","Slovakia","EURO",1727,63556,16,235
"2020-11-05","SK","Slovakia","EURO",3216,66772,26,261
"2020-11-06","SK","Slovakia","EURO",1962,68734,25,286
"2020-11-07","SK","Slovakia","EURO",2354,71088,31,317
"2020-11-08","SK","Slovakia","EURO",2579,73667,34,351
"2020-11-09","SK","Slovakia","EURO",1828,75495,0,351
"2020-11-10","SK","Slovakia","EURO",577,76072,15,366
"2020-11-11","SK","Slovakia","EURO",1051,77123,24,390
"2020-11-12","SK","Slovakia","EURO",2058,79181,24,414
"2020-11-13","SK","Slovakia","EURO",2591,81772,50,464
"2020-11-14","SK","Slovakia","EURO",2024,83796,27,491
"2020-11-15","SK","Slovakia","EURO",1771,85567,19,510
"2020-11-16","SK","Slovakia","EURO",1200,86767,0,510
"2020-11-17","SK","Slovakia","EURO",509,87276,16,526
"2020-11-18","SK","Slovakia","EURO",1326,88602,31,557
"2020-11-19","SK","Slovakia","EURO",1311,89913,22,579
"2020-11-20","SK","Slovakia","EURO",1665,91578,0,579
"2020-11-21","SK","Slovakia","EURO",1818,93396,35,614
"2020-11-22","SK","Slovakia","EURO",1861,95257,30,644
"2020-11-23","SK","Slovakia","EURO",984,96241,27,671
"2020-11-24","SK","Slovakia","EURO",231,96472,22,693
"2020-11-25","SK","Slovakia","EURO",1021,97493,16,709
"2020-11-26","SK","Slovakia","EURO",1811,99304,23,732
"2020-11-27","SK","Slovakia","EURO",1953,101257,17,749
"2020-11-28","SK","Slovakia","EURO",1849,103106,22,771
"2020-11-29","SK","Slovakia","EURO",1526,104632,27,798
"2020-11-30","SK","Slovakia","EURO",1101,105733,18,816
"2020-12-01","SK","Slovakia","EURO",196,105929,23,839
"2020-12-02","SK","Slovakia","EURO",1254,107183,29,868
"2020-12-03","SK","Slovakia","EURO",2043,109226,30,898
"2020-12-04","SK","Slovakia","EURO",1982,111208,32,930
"2020-12-05","SK","Slovakia","EURO",2184,113392,27,957
"2020-12-06","SK","Slovakia","EURO",2070,115462,24,981
"2020-12-07","SK","Slovakia","EURO",1269,116731,15,996
"2020-12-08","SK","Slovakia","EURO",552,117283,22,1018
"2020-12-09","SK","Slovakia","EURO",1949,119232,28,1046
"2020-12-10","SK","Slovakia","EURO",2564,121796,38,1084
"2020-12-11","SK","Slovakia","EURO",3125,124921,20,1104
"2020-12-12","SK","Slovakia","EURO",2166,127087,18,1122
