"Fecha_de_reporte","Codigo_pais","Paises","Region","Casos_nuevos","Casos_acumulados","defunciones_nuevas","defunciones_acumuladas"
"2020-01-03","SI","Slovenia","EURO",0,0,0,0
"2020-01-04","SI","Slovenia","EURO",0,0,0,0
"2020-01-05","SI","Slovenia","EURO",0,0,0,0
"2020-01-06","SI","Slovenia","EURO",0,0,0,0
"2020-01-07","SI","Slovenia","EURO",0,0,0,0
"2020-01-08","SI","Slovenia","EURO",0,0,0,0
"2020-01-09","SI","Slovenia","EURO",0,0,0,0
"2020-01-10","SI","Slovenia","EURO",0,0,0,0
"2020-01-11","SI","Slovenia","EURO",0,0,0,0
"2020-01-12","SI","Slovenia","EURO",0,0,0,0
"2020-01-13","SI","Slovenia","EURO",0,0,0,0
"2020-01-14","SI","Slovenia","EURO",0,0,0,0
"2020-01-15","SI","Slovenia","EURO",0,0,0,0
"2020-01-16","SI","Slovenia","EURO",0,0,0,0
"2020-01-17","SI","Slovenia","EURO",0,0,0,0
"2020-01-18","SI","Slovenia","EURO",0,0,0,0
"2020-01-19","SI","Slovenia","EURO",0,0,0,0
"2020-01-20","SI","Slovenia","EURO",0,0,0,0
"2020-01-21","SI","Slovenia","EURO",0,0,0,0
"2020-01-22","SI","Slovenia","EURO",0,0,0,0
"2020-01-23","SI","Slovenia","EURO",0,0,0,0
"2020-01-24","SI","Slovenia","EURO",0,0,0,0
"2020-01-25","SI","Slovenia","EURO",0,0,0,0
"2020-01-26","SI","Slovenia","EURO",0,0,0,0
"2020-01-27","SI","Slovenia","EURO",0,0,0,0
"2020-01-28","SI","Slovenia","EURO",0,0,0,0
"2020-01-29","SI","Slovenia","EURO",0,0,0,0
"2020-01-30","SI","Slovenia","EURO",0,0,0,0
"2020-01-31","SI","Slovenia","EURO",0,0,0,0
"2020-02-01","SI","Slovenia","EURO",0,0,0,0
"2020-02-02","SI","Slovenia","EURO",0,0,0,0
"2020-02-03","SI","Slovenia","EURO",0,0,0,0
"2020-02-04","SI","Slovenia","EURO",0,0,0,0
"2020-02-05","SI","Slovenia","EURO",0,0,0,0
"2020-02-06","SI","Slovenia","EURO",0,0,0,0
"2020-02-07","SI","Slovenia","EURO",0,0,0,0
"2020-02-08","SI","Slovenia","EURO",0,0,0,0
"2020-02-09","SI","Slovenia","EURO",0,0,0,0
"2020-02-10","SI","Slovenia","EURO",0,0,0,0
"2020-02-11","SI","Slovenia","EURO",0,0,0,0
"2020-02-12","SI","Slovenia","EURO",0,0,0,0
"2020-02-13","SI","Slovenia","EURO",0,0,0,0
"2020-02-14","SI","Slovenia","EURO",0,0,0,0
"2020-02-15","SI","Slovenia","EURO",0,0,0,0
"2020-02-16","SI","Slovenia","EURO",0,0,0,0
"2020-02-17","SI","Slovenia","EURO",0,0,0,0
"2020-02-18","SI","Slovenia","EURO",0,0,0,0
"2020-02-19","SI","Slovenia","EURO",0,0,0,0
"2020-02-20","SI","Slovenia","EURO",0,0,0,0
"2020-02-21","SI","Slovenia","EURO",0,0,0,0
"2020-02-22","SI","Slovenia","EURO",0,0,0,0
"2020-02-23","SI","Slovenia","EURO",0,0,0,0
"2020-02-24","SI","Slovenia","EURO",0,0,0,0
"2020-02-25","SI","Slovenia","EURO",0,0,0,0
"2020-02-26","SI","Slovenia","EURO",0,0,0,0
"2020-02-27","SI","Slovenia","EURO",0,0,0,0
"2020-02-28","SI","Slovenia","EURO",0,0,0,0
"2020-02-29","SI","Slovenia","EURO",0,0,0,0
"2020-03-01","SI","Slovenia","EURO",0,0,0,0
"2020-03-02","SI","Slovenia","EURO",0,0,0,0
"2020-03-03","SI","Slovenia","EURO",0,0,0,0
"2020-03-04","SI","Slovenia","EURO",1,1,0,0
"2020-03-05","SI","Slovenia","EURO",0,1,0,0
"2020-03-06","SI","Slovenia","EURO",5,6,0,0
"2020-03-07","SI","Slovenia","EURO",3,9,0,0
"2020-03-08","SI","Slovenia","EURO",3,12,0,0
"2020-03-09","SI","Slovenia","EURO",4,16,0,0
"2020-03-10","SI","Slovenia","EURO",0,16,0,0
"2020-03-11","SI","Slovenia","EURO",15,31,0,0
"2020-03-12","SI","Slovenia","EURO",26,57,0,0
"2020-03-13","SI","Slovenia","EURO",39,96,0,0
"2020-03-14","SI","Slovenia","EURO",45,141,0,0
"2020-03-15","SI","Slovenia","EURO",40,181,0,0
"2020-03-16","SI","Slovenia","EURO",38,219,0,0
"2020-03-17","SI","Slovenia","EURO",34,253,0,0
"2020-03-18","SI","Slovenia","EURO",22,275,1,1
"2020-03-19","SI","Slovenia","EURO",11,286,0,1
"2020-03-20","SI","Slovenia","EURO",33,319,0,1
"2020-03-21","SI","Slovenia","EURO",22,341,0,1
"2020-03-22","SI","Slovenia","EURO",42,383,0,1
"2020-03-23","SI","Slovenia","EURO",31,414,0,1
"2020-03-24","SI","Slovenia","EURO",28,442,0,1
"2020-03-25","SI","Slovenia","EURO",38,480,2,3
"2020-03-26","SI","Slovenia","EURO",48,528,1,4
"2020-03-27","SI","Slovenia","EURO",49,577,1,5
"2020-03-28","SI","Slovenia","EURO",55,632,4,9
"2020-03-29","SI","Slovenia","EURO",59,691,0,9
"2020-03-30","SI","Slovenia","EURO",39,730,2,11
"2020-03-31","SI","Slovenia","EURO",33,763,0,11
"2020-04-01","SI","Slovenia","EURO",51,814,2,13
"2020-04-02","SI","Slovenia","EURO",27,841,2,15
"2020-04-03","SI","Slovenia","EURO",56,897,1,16
"2020-04-04","SI","Slovenia","EURO",37,934,4,20
"2020-04-05","SI","Slovenia","EURO",43,977,2,22
"2020-04-06","SI","Slovenia","EURO",20,997,6,28
"2020-04-07","SI","Slovenia","EURO",24,1021,2,30
"2020-04-08","SI","Slovenia","EURO",34,1055,6,36
"2020-04-09","SI","Slovenia","EURO",36,1091,4,40
"2020-04-10","SI","Slovenia","EURO",33,1124,3,43
"2020-04-11","SI","Slovenia","EURO",36,1160,2,45
"2020-04-12","SI","Slovenia","EURO",28,1188,5,50
"2020-04-13","SI","Slovenia","EURO",17,1205,3,53
"2020-04-14","SI","Slovenia","EURO",7,1212,2,55
"2020-04-15","SI","Slovenia","EURO",8,1220,1,56
"2020-04-16","SI","Slovenia","EURO",28,1248,5,61
"2020-04-17","SI","Slovenia","EURO",20,1268,0,61
"2020-04-18","SI","Slovenia","EURO",36,1304,5,66
"2020-04-19","SI","Slovenia","EURO",13,1317,4,70
"2020-04-20","SI","Slovenia","EURO",13,1330,4,74
"2020-04-21","SI","Slovenia","EURO",5,1335,0,74
"2020-04-22","SI","Slovenia","EURO",5,1340,3,77
"2020-04-23","SI","Slovenia","EURO",13,1353,2,79
"2020-04-24","SI","Slovenia","EURO",13,1366,0,79
"2020-04-25","SI","Slovenia","EURO",7,1373,1,80
"2020-04-26","SI","Slovenia","EURO",15,1388,1,81
"2020-04-27","SI","Slovenia","EURO",19,1407,1,82
"2020-04-28","SI","Slovenia","EURO",0,1407,1,83
"2020-04-29","SI","Slovenia","EURO",1,1408,3,86
"2020-04-30","SI","Slovenia","EURO",10,1418,3,89
"2020-05-01","SI","Slovenia","EURO",11,1429,2,91
"2020-05-02","SI","Slovenia","EURO",5,1434,2,93
"2020-05-03","SI","Slovenia","EURO",5,1439,1,94
"2020-05-04","SI","Slovenia","EURO",0,1439,2,96
"2020-05-05","SI","Slovenia","EURO",6,1445,1,97
"2020-05-06","SI","Slovenia","EURO",3,1448,1,98
"2020-05-07","SI","Slovenia","EURO",1,1449,1,99
"2020-05-08","SI","Slovenia","EURO",1,1450,0,99
"2020-05-09","SI","Slovenia","EURO",4,1454,1,100
"2020-05-10","SI","Slovenia","EURO",3,1457,1,101
"2020-05-11","SI","Slovenia","EURO",3,1460,1,102
"2020-05-12","SI","Slovenia","EURO",1,1461,0,102
"2020-05-13","SI","Slovenia","EURO",2,1463,0,102
"2020-05-14","SI","Slovenia","EURO",1,1464,1,103
"2020-05-15","SI","Slovenia","EURO",1,1465,0,103
"2020-05-16","SI","Slovenia","EURO",0,1465,0,103
"2020-05-17","SI","Slovenia","EURO",1,1466,0,103
"2020-05-18","SI","Slovenia","EURO",0,1466,1,104
"2020-05-19","SI","Slovenia","EURO",1,1467,0,104
"2020-05-20","SI","Slovenia","EURO",1,1468,0,104
"2020-05-21","SI","Slovenia","EURO",0,1468,2,106
"2020-05-22","SI","Slovenia","EURO",0,1468,0,106
"2020-05-23","SI","Slovenia","EURO",0,1468,0,106
"2020-05-24","SI","Slovenia","EURO",0,1468,0,106
"2020-05-25","SI","Slovenia","EURO",1,1469,0,106
"2020-05-26","SI","Slovenia","EURO",0,1469,0,106
"2020-05-27","SI","Slovenia","EURO",0,1469,0,106
"2020-05-28","SI","Slovenia","EURO",2,1471,1,107
"2020-05-29","SI","Slovenia","EURO",2,1473,1,108
"2020-05-30","SI","Slovenia","EURO",0,1473,0,108
"2020-05-31","SI","Slovenia","EURO",0,1473,0,108
"2020-06-01","SI","Slovenia","EURO",0,1473,0,108
"2020-06-02","SI","Slovenia","EURO",2,1475,0,108
"2020-06-03","SI","Slovenia","EURO",0,1475,0,108
"2020-06-04","SI","Slovenia","EURO",2,1477,0,108
"2020-06-05","SI","Slovenia","EURO",2,1479,0,108
"2020-06-06","SI","Slovenia","EURO",5,1484,0,108
"2020-06-07","SI","Slovenia","EURO",1,1485,0,108
"2020-06-08","SI","Slovenia","EURO",0,1485,0,108
"2020-06-09","SI","Slovenia","EURO",0,1485,0,108
"2020-06-10","SI","Slovenia","EURO",1,1486,0,108
"2020-06-11","SI","Slovenia","EURO",2,1488,1,109
"2020-06-12","SI","Slovenia","EURO",0,1488,0,109
"2020-06-13","SI","Slovenia","EURO",2,1490,0,109
"2020-06-14","SI","Slovenia","EURO",2,1492,0,109
"2020-06-15","SI","Slovenia","EURO",3,1495,0,109
"2020-06-16","SI","Slovenia","EURO",1,1496,0,109
"2020-06-17","SI","Slovenia","EURO",3,1499,0,109
"2020-06-18","SI","Slovenia","EURO",4,1503,0,109
"2020-06-19","SI","Slovenia","EURO",8,1511,0,109
"2020-06-20","SI","Slovenia","EURO",2,1513,0,109
"2020-06-21","SI","Slovenia","EURO",6,1519,0,109
"2020-06-22","SI","Slovenia","EURO",1,1520,0,109
"2020-06-23","SI","Slovenia","EURO",1,1521,0,109
"2020-06-24","SI","Slovenia","EURO",13,1534,2,111
"2020-06-25","SI","Slovenia","EURO",7,1541,0,111
"2020-06-26","SI","Slovenia","EURO",6,1547,0,111
"2020-06-27","SI","Slovenia","EURO",11,1558,0,111
"2020-06-28","SI","Slovenia","EURO",14,1572,0,111
"2020-06-29","SI","Slovenia","EURO",9,1581,0,111
"2020-06-30","SI","Slovenia","EURO",4,1585,0,111
"2020-07-01","SI","Slovenia","EURO",15,1600,0,111
"2020-07-02","SI","Slovenia","EURO",13,1613,0,111
"2020-07-03","SI","Slovenia","EURO",20,1633,0,111
"2020-07-04","SI","Slovenia","EURO",16,1649,0,111
"2020-07-05","SI","Slovenia","EURO",30,1679,0,111
"2020-07-06","SI","Slovenia","EURO",21,1700,0,111
"2020-07-07","SI","Slovenia","EURO",16,1716,0,111
"2020-07-08","SI","Slovenia","EURO",23,1739,0,111
"2020-07-09","SI","Slovenia","EURO",24,1763,0,111
"2020-07-10","SI","Slovenia","EURO",13,1776,0,111
"2020-07-11","SI","Slovenia","EURO",17,1793,0,111
"2020-07-12","SI","Slovenia","EURO",34,1827,0,111
"2020-07-13","SI","Slovenia","EURO",14,1841,0,111
"2020-07-14","SI","Slovenia","EURO",8,1849,0,111
"2020-07-15","SI","Slovenia","EURO",10,1859,0,111
"2020-07-16","SI","Slovenia","EURO",19,1878,0,111
"2020-07-17","SI","Slovenia","EURO",19,1897,0,111
"2020-07-18","SI","Slovenia","EURO",19,1916,0,111
"2020-07-19","SI","Slovenia","EURO",24,1940,0,111
"2020-07-20","SI","Slovenia","EURO",6,1946,0,111
"2020-07-21","SI","Slovenia","EURO",7,1953,0,111
"2020-07-22","SI","Slovenia","EURO",24,1977,0,111
"2020-07-23","SI","Slovenia","EURO",38,2015,4,115
"2020-07-24","SI","Slovenia","EURO",18,2033,0,115
"2020-07-25","SI","Slovenia","EURO",19,2052,0,115
"2020-07-26","SI","Slovenia","EURO",14,2066,0,115
"2020-07-27","SI","Slovenia","EURO",16,2082,0,115
"2020-07-28","SI","Slovenia","EURO",5,2087,2,117
"2020-07-29","SI","Slovenia","EURO",14,2101,0,117
"2020-07-30","SI","Slovenia","EURO",14,2115,0,117
"2020-07-31","SI","Slovenia","EURO",24,2139,0,117
"2020-08-01","SI","Slovenia","EURO",26,2165,0,117
"2020-08-02","SI","Slovenia","EURO",6,2171,0,117
"2020-08-03","SI","Slovenia","EURO",9,2180,0,117
"2020-08-04","SI","Slovenia","EURO",1,2181,0,117
"2020-08-05","SI","Slovenia","EURO",9,2190,1,118
"2020-08-06","SI","Slovenia","EURO",18,2208,0,118
"2020-08-07","SI","Slovenia","EURO",15,2223,0,118
"2020-08-08","SI","Slovenia","EURO",10,2233,1,119
"2020-08-09","SI","Slovenia","EURO",14,2247,1,120
"2020-08-10","SI","Slovenia","EURO",2,2249,0,120
"2020-08-11","SI","Slovenia","EURO",6,2255,0,120
"2020-08-12","SI","Slovenia","EURO",17,2272,0,120
"2020-08-13","SI","Slovenia","EURO",31,2303,3,123
"2020-08-14","SI","Slovenia","EURO",29,2332,1,124
"2020-08-15","SI","Slovenia","EURO",37,2369,0,124
"2020-08-16","SI","Slovenia","EURO",32,2401,0,124
"2020-08-17","SI","Slovenia","EURO",15,2416,0,124
"2020-08-18","SI","Slovenia","EURO",22,2438,0,124
"2020-08-19","SI","Slovenia","EURO",18,2456,0,124
"2020-08-20","SI","Slovenia","EURO",37,2493,1,125
"2020-08-21","SI","Slovenia","EURO",43,2536,0,125
"2020-08-22","SI","Slovenia","EURO",38,2574,2,127
"2020-08-23","SI","Slovenia","EURO",43,2617,0,127
"2020-08-24","SI","Slovenia","EURO",34,2651,0,127
"2020-08-25","SI","Slovenia","EURO",14,2665,1,128
"2020-08-26","SI","Slovenia","EURO",21,2686,0,128
"2020-08-27","SI","Slovenia","EURO",36,2722,0,128
"2020-08-28","SI","Slovenia","EURO",33,2755,0,128
"2020-08-29","SI","Slovenia","EURO",42,2797,0,128
"2020-08-30","SI","Slovenia","EURO",37,2834,0,128
"2020-08-31","SI","Slovenia","EURO",31,2865,0,128
"2020-09-01","SI","Slovenia","EURO",27,2892,0,128
"2020-09-02","SI","Slovenia","EURO",41,2933,0,128
"2020-09-03","SI","Slovenia","EURO",55,2988,0,128
"2020-09-04","SI","Slovenia","EURO",53,3041,1,129
"2020-09-05","SI","Slovenia","EURO",47,3088,0,129
"2020-09-06","SI","Slovenia","EURO",43,3131,1,130
"2020-09-07","SI","Slovenia","EURO",43,3174,0,130
"2020-09-08","SI","Slovenia","EURO",16,3190,0,130
"2020-09-09","SI","Slovenia","EURO",42,3232,0,130
"2020-09-10","SI","Slovenia","EURO",80,3312,1,131
"2020-09-11","SI","Slovenia","EURO",76,3388,0,131
"2020-09-12","SI","Slovenia","EURO",110,3498,0,131
"2020-09-13","SI","Slovenia","EURO",105,3603,0,131
"2020-09-14","SI","Slovenia","EURO",99,3702,0,131
"2020-09-15","SI","Slovenia","EURO",53,3755,0,131
"2020-09-16","SI","Slovenia","EURO",82,3837,0,131
"2020-09-17","SI","Slovenia","EURO",123,3960,0,131
"2020-09-18","SI","Slovenia","EURO",98,4058,0,131
"2020-09-19","SI","Slovenia","EURO",137,4195,2,133
"2020-09-20","SI","Slovenia","EURO",114,4309,0,133
"2020-09-21","SI","Slovenia","EURO",111,4420,0,133
"2020-09-22","SI","Slovenia","EURO",50,4470,0,133
"2020-09-23","SI","Slovenia","EURO",88,4558,0,133
"2020-09-24","SI","Slovenia","EURO",136,4694,0,133
"2020-09-25","SI","Slovenia","EURO",122,4816,2,135
"2020-09-26","SI","Slovenia","EURO",191,5007,0,135
"2020-09-27","SI","Slovenia","EURO",184,5191,1,136
"2020-09-28","SI","Slovenia","EURO",159,5350,0,136
"2020-09-29","SI","Slovenia","EURO",44,5394,0,136
"2020-09-30","SI","Slovenia","EURO",93,5487,2,138
"2020-10-01","SI","Slovenia","EURO",203,5690,0,138
"2020-10-02","SI","Slovenia","EURO",175,5865,0,138
"2020-10-03","SI","Slovenia","EURO",238,6103,2,140
"2020-10-04","SI","Slovenia","EURO",227,6330,0,140
"2020-10-05","SI","Slovenia","EURO",168,6498,0,140
"2020-10-06","SI","Slovenia","EURO",76,6574,0,140
"2020-10-07","SI","Slovenia","EURO",194,6768,1,141
"2020-10-08","SI","Slovenia","EURO",356,7124,0,141
"2020-10-09","SI","Slovenia","EURO",387,7511,0,141
"2020-10-10","SI","Slovenia","EURO",363,7874,0,141
"2020-10-11","SI","Slovenia","EURO",380,8254,0,141
"2020-10-12","SI","Slovenia","EURO",411,8665,1,142
"2020-10-13","SI","Slovenia","EURO",167,8832,2,144
"2020-10-14","SI","Slovenia","EURO",399,9231,3,147
"2020-10-15","SI","Slovenia","EURO",707,9938,1,148
"2020-10-16","SI","Slovenia","EURO",746,10684,5,153
"2020-10-17","SI","Slovenia","EURO",834,11518,0,153
"2020-10-18","SI","Slovenia","EURO",898,12416,0,153
"2020-10-19","SI","Slovenia","EURO",728,13144,8,161
"2020-10-20","SI","Slovenia","EURO",537,13681,3,164
"2020-10-21","SI","Slovenia","EURO",794,14475,2,166
"2020-10-22","SI","Slovenia","EURO",1508,15983,1,167
"2020-10-23","SI","Slovenia","EURO",1668,17651,7,174
"2020-10-24","SI","Slovenia","EURO",1662,19313,5,179
"2020-10-25","SI","Slovenia","EURO",1964,21277,2,181
"2020-10-26","SI","Slovenia","EURO",1673,22950,2,183
"2020-10-27","SI","Slovenia","EURO",1130,24080,5,188
"2020-10-28","SI","Slovenia","EURO",1523,25603,4,192
"2020-10-29","SI","Slovenia","EURO",2612,28215,13,205
"2020-10-30","SI","Slovenia","EURO",2490,30705,10,215
"2020-10-31","SI","Slovenia","EURO",1805,32510,10,225
"2020-11-01","SI","Slovenia","EURO",1797,34307,6,231
"2020-11-02","SI","Slovenia","EURO",1342,35649,5,236
"2020-11-03","SI","Slovenia","EURO",557,36206,15,251
"2020-11-04","SI","Slovenia","EURO",1177,37383,31,282
"2020-11-05","SI","Slovenia","EURO",2025,39408,39,321
"2020-11-06","SI","Slovenia","EURO",1686,41094,20,341
"2020-11-07","SI","Slovenia","EURO",1564,42658,12,353
"2020-11-08","SI","Slovenia","EURO",1613,44271,25,378
"2020-11-09","SI","Slovenia","EURO",890,45161,4,382
"2020-11-10","SI","Slovenia","EURO",464,45625,16,398
"2020-11-11","SI","Slovenia","EURO",1092,46717,12,410
"2020-11-12","SI","Slovenia","EURO",2222,48939,14,424
"2020-11-13","SI","Slovenia","EURO",1931,50870,13,437
"2020-11-14","SI","Slovenia","EURO",1515,52385,44,481
"2020-11-15","SI","Slovenia","EURO",1737,54122,19,500
"2020-11-16","SI","Slovenia","EURO",920,55042,11,511
"2020-11-17","SI","Slovenia","EURO",502,55544,21,532
"2020-11-18","SI","Slovenia","EURO",1393,56937,24,556
"2020-11-19","SI","Slovenia","EURO",2027,58964,30,586
"2020-11-20","SI","Slovenia","EURO",2070,61034,23,609
"2020-11-21","SI","Slovenia","EURO",1546,62580,35,644
"2020-11-22","SI","Slovenia","EURO",1704,64284,13,657
"2020-11-23","SI","Slovenia","EURO",1024,65308,6,663
"2020-11-24","SI","Slovenia","EURO",470,65778,27,690
"2020-11-25","SI","Slovenia","EURO",1302,67080,35,725
"2020-11-26","SI","Slovenia","EURO",2226,69306,52,777
"2020-11-27","SI","Slovenia","EURO",1767,71073,78,855
"2020-11-28","SI","Slovenia","EURO",1601,72674,28,883
"2020-11-29","SI","Slovenia","EURO",1590,74264,30,913
"2020-11-30","SI","Slovenia","EURO",1117,75381,14,927
"2020-12-01","SI","Slovenia","EURO",433,75814,21,948
"2020-12-02","SI","Slovenia","EURO",1321,77135,16,964
"2020-12-03","SI","Slovenia","EURO",2431,79566,78,1042
"2020-12-04","SI","Slovenia","EURO",1783,81349,54,1096
"2020-12-05","SI","Slovenia","EURO",1784,83133,111,1207
"2020-12-06","SI","Slovenia","EURO",1642,84775,37,1244
"2020-12-07","SI","Slovenia","EURO",1030,85805,14,1258
"2020-12-08","SI","Slovenia","EURO",483,86288,30,1288
"2020-12-09","SI","Slovenia","EURO",1648,87936,23,1311
"2020-12-10","SI","Slovenia","EURO",2137,90073,50,1361
"2020-12-11","SI","Slovenia","EURO",1848,91921,26,1387
"2020-12-12","SI","Slovenia","EURO",1816,93737,39,1426
