"Fecha_de_reporte","Codigo_pais","Paises","Region","Casos_nuevos","Casos_acumulados","defunciones_nuevas","defunciones_acumuladas"
"2020-01-03","SO","Somalia","EMRO",0,0,0,0
"2020-01-04","SO","Somalia","EMRO",0,0,0,0
"2020-01-05","SO","Somalia","EMRO",0,0,0,0
"2020-01-06","SO","Somalia","EMRO",0,0,0,0
"2020-01-07","SO","Somalia","EMRO",0,0,0,0
"2020-01-08","SO","Somalia","EMRO",0,0,0,0
"2020-01-09","SO","Somalia","EMRO",0,0,0,0
"2020-01-10","SO","Somalia","EMRO",0,0,0,0
"2020-01-11","SO","Somalia","EMRO",0,0,0,0
"2020-01-12","SO","Somalia","EMRO",0,0,0,0
"2020-01-13","SO","Somalia","EMRO",0,0,0,0
"2020-01-14","SO","Somalia","EMRO",0,0,0,0
"2020-01-15","SO","Somalia","EMRO",0,0,0,0
"2020-01-16","SO","Somalia","EMRO",0,0,0,0
"2020-01-17","SO","Somalia","EMRO",0,0,0,0
"2020-01-18","SO","Somalia","EMRO",0,0,0,0
"2020-01-19","SO","Somalia","EMRO",0,0,0,0
"2020-01-20","SO","Somalia","EMRO",0,0,0,0
"2020-01-21","SO","Somalia","EMRO",0,0,0,0
"2020-01-22","SO","Somalia","EMRO",0,0,0,0
"2020-01-23","SO","Somalia","EMRO",0,0,0,0
"2020-01-24","SO","Somalia","EMRO",0,0,0,0
"2020-01-25","SO","Somalia","EMRO",0,0,0,0
"2020-01-26","SO","Somalia","EMRO",0,0,0,0
"2020-01-27","SO","Somalia","EMRO",0,0,0,0
"2020-01-28","SO","Somalia","EMRO",0,0,0,0
"2020-01-29","SO","Somalia","EMRO",0,0,0,0
"2020-01-30","SO","Somalia","EMRO",0,0,0,0
"2020-01-31","SO","Somalia","EMRO",0,0,0,0
"2020-02-01","SO","Somalia","EMRO",0,0,0,0
"2020-02-02","SO","Somalia","EMRO",0,0,0,0
"2020-02-03","SO","Somalia","EMRO",0,0,0,0
"2020-02-04","SO","Somalia","EMRO",0,0,0,0
"2020-02-05","SO","Somalia","EMRO",0,0,0,0
"2020-02-06","SO","Somalia","EMRO",0,0,0,0
"2020-02-07","SO","Somalia","EMRO",0,0,0,0
"2020-02-08","SO","Somalia","EMRO",0,0,0,0
"2020-02-09","SO","Somalia","EMRO",0,0,0,0
"2020-02-10","SO","Somalia","EMRO",0,0,0,0
"2020-02-11","SO","Somalia","EMRO",0,0,0,0
"2020-02-12","SO","Somalia","EMRO",0,0,0,0
"2020-02-13","SO","Somalia","EMRO",0,0,0,0
"2020-02-14","SO","Somalia","EMRO",0,0,0,0
"2020-02-15","SO","Somalia","EMRO",0,0,0,0
"2020-02-16","SO","Somalia","EMRO",0,0,0,0
"2020-02-17","SO","Somalia","EMRO",0,0,0,0
"2020-02-18","SO","Somalia","EMRO",0,0,0,0
"2020-02-19","SO","Somalia","EMRO",0,0,0,0
"2020-02-20","SO","Somalia","EMRO",0,0,0,0
"2020-02-21","SO","Somalia","EMRO",0,0,0,0
"2020-02-22","SO","Somalia","EMRO",0,0,0,0
"2020-02-23","SO","Somalia","EMRO",0,0,0,0
"2020-02-24","SO","Somalia","EMRO",0,0,0,0
"2020-02-25","SO","Somalia","EMRO",0,0,0,0
"2020-02-26","SO","Somalia","EMRO",0,0,0,0
"2020-02-27","SO","Somalia","EMRO",0,0,0,0
"2020-02-28","SO","Somalia","EMRO",0,0,0,0
"2020-02-29","SO","Somalia","EMRO",0,0,0,0
"2020-03-01","SO","Somalia","EMRO",0,0,0,0
"2020-03-02","SO","Somalia","EMRO",0,0,0,0
"2020-03-03","SO","Somalia","EMRO",0,0,0,0
"2020-03-04","SO","Somalia","EMRO",0,0,0,0
"2020-03-05","SO","Somalia","EMRO",0,0,0,0
"2020-03-06","SO","Somalia","EMRO",0,0,0,0
"2020-03-07","SO","Somalia","EMRO",0,0,0,0
"2020-03-08","SO","Somalia","EMRO",0,0,0,0
"2020-03-09","SO","Somalia","EMRO",0,0,0,0
"2020-03-10","SO","Somalia","EMRO",0,0,0,0
"2020-03-11","SO","Somalia","EMRO",0,0,0,0
"2020-03-12","SO","Somalia","EMRO",0,0,0,0
"2020-03-13","SO","Somalia","EMRO",0,0,0,0
"2020-03-14","SO","Somalia","EMRO",0,0,0,0
"2020-03-15","SO","Somalia","EMRO",0,0,0,0
"2020-03-16","SO","Somalia","EMRO",5,5,0,0
"2020-03-17","SO","Somalia","EMRO",0,5,0,0
"2020-03-18","SO","Somalia","EMRO",0,5,0,0
"2020-03-19","SO","Somalia","EMRO",0,5,0,0
"2020-03-20","SO","Somalia","EMRO",0,5,0,0
"2020-03-21","SO","Somalia","EMRO",0,5,0,0
"2020-03-22","SO","Somalia","EMRO",0,5,0,0
"2020-03-23","SO","Somalia","EMRO",0,5,0,0
"2020-03-24","SO","Somalia","EMRO",0,5,0,0
"2020-03-25","SO","Somalia","EMRO",0,5,0,0
"2020-03-26","SO","Somalia","EMRO",-3,2,0,0
"2020-03-27","SO","Somalia","EMRO",1,3,0,0
"2020-03-28","SO","Somalia","EMRO",0,3,0,0
"2020-03-29","SO","Somalia","EMRO",0,3,0,0
"2020-03-30","SO","Somalia","EMRO",0,3,0,0
"2020-03-31","SO","Somalia","EMRO",0,3,0,0
"2020-04-01","SO","Somalia","EMRO",2,5,0,0
"2020-04-02","SO","Somalia","EMRO",0,5,0,0
"2020-04-03","SO","Somalia","EMRO",0,5,0,0
"2020-04-04","SO","Somalia","EMRO",2,7,0,0
"2020-04-05","SO","Somalia","EMRO",0,7,0,0
"2020-04-06","SO","Somalia","EMRO",0,7,0,0
"2020-04-07","SO","Somalia","EMRO",0,7,0,0
"2020-04-08","SO","Somalia","EMRO",1,8,0,0
"2020-04-09","SO","Somalia","EMRO",4,12,1,1
"2020-04-10","SO","Somalia","EMRO",0,12,0,1
"2020-04-11","SO","Somalia","EMRO",9,21,0,1
"2020-04-12","SO","Somalia","EMRO",0,21,0,1
"2020-04-13","SO","Somalia","EMRO",4,25,1,2
"2020-04-14","SO","Somalia","EMRO",35,60,0,2
"2020-04-15","SO","Somalia","EMRO",0,60,0,2
"2020-04-16","SO","Somalia","EMRO",20,80,3,5
"2020-04-17","SO","Somalia","EMRO",0,80,0,5
"2020-04-18","SO","Somalia","EMRO",36,116,0,5
"2020-04-19","SO","Somalia","EMRO",19,135,2,7
"2020-04-20","SO","Somalia","EMRO",29,164,0,7
"2020-04-21","SO","Somalia","EMRO",73,237,1,8
"2020-04-22","SO","Somalia","EMRO",49,286,6,14
"2020-04-23","SO","Somalia","EMRO",42,328,2,16
"2020-04-24","SO","Somalia","EMRO",0,328,0,16
"2020-04-25","SO","Somalia","EMRO",62,390,2,18
"2020-04-26","SO","Somalia","EMRO",46,436,5,23
"2020-04-27","SO","Somalia","EMRO",44,480,3,26
"2020-04-28","SO","Somalia","EMRO",48,528,2,28
"2020-04-29","SO","Somalia","EMRO",54,582,0,28
"2020-04-30","SO","Somalia","EMRO",19,601,0,28
"2020-05-01","SO","Somalia","EMRO",0,601,0,28
"2020-05-02","SO","Somalia","EMRO",70,671,3,31
"2020-05-03","SO","Somalia","EMRO",51,722,1,32
"2020-05-04","SO","Somalia","EMRO",34,756,3,35
"2020-05-05","SO","Somalia","EMRO",79,835,3,38
"2020-05-06","SO","Somalia","EMRO",38,873,1,39
"2020-05-07","SO","Somalia","EMRO",55,928,5,44
"2020-05-08","SO","Somalia","EMRO",0,928,0,44
"2020-05-09","SO","Somalia","EMRO",69,997,4,48
"2020-05-10","SO","Somalia","EMRO",57,1054,3,51
"2020-05-11","SO","Somalia","EMRO",35,1089,1,52
"2020-05-12","SO","Somalia","EMRO",81,1170,0,52
"2020-05-13","SO","Somalia","EMRO",49,1219,0,52
"2020-05-14","SO","Somalia","EMRO",65,1284,1,53
"2020-05-15","SO","Somalia","EMRO",0,1284,0,53
"2020-05-16","SO","Somalia","EMRO",73,1357,2,55
"2020-05-17","SO","Somalia","EMRO",64,1421,1,56
"2020-05-18","SO","Somalia","EMRO",34,1455,1,57
"2020-05-19","SO","Somalia","EMRO",47,1502,2,59
"2020-05-20","SO","Somalia","EMRO",71,1573,2,61
"2020-05-21","SO","Somalia","EMRO",21,1594,0,61
"2020-05-22","SO","Somalia","EMRO",0,1594,0,61
"2020-05-23","SO","Somalia","EMRO",0,1594,0,61
"2020-05-24","SO","Somalia","EMRO",0,1594,0,61
"2020-05-25","SO","Somalia","EMRO",0,1594,0,61
"2020-05-26","SO","Somalia","EMRO",95,1689,5,66
"2020-05-27","SO","Somalia","EMRO",22,1711,1,67
"2020-05-28","SO","Somalia","EMRO",20,1731,0,67
"2020-05-29","SO","Somalia","EMRO",97,1828,5,72
"2020-05-30","SO","Somalia","EMRO",0,1828,0,72
"2020-05-31","SO","Somalia","EMRO",88,1916,1,73
"2020-06-01","SO","Somalia","EMRO",60,1976,5,78
"2020-06-02","SO","Somalia","EMRO",47,2023,1,79
"2020-06-03","SO","Somalia","EMRO",66,2089,0,79
"2020-06-04","SO","Somalia","EMRO",57,2146,0,79
"2020-06-05","SO","Somalia","EMRO",58,2204,0,79
"2020-06-06","SO","Somalia","EMRO",0,2204,0,79
"2020-06-07","SO","Somalia","EMRO",85,2289,3,82
"2020-06-08","SO","Somalia","EMRO",45,2334,1,83
"2020-06-09","SO","Somalia","EMRO",34,2368,1,84
"2020-06-10","SO","Somalia","EMRO",48,2416,1,85
"2020-06-11","SO","Somalia","EMRO",36,2452,0,85
"2020-06-12","SO","Somalia","EMRO",61,2513,0,85
"2020-06-13","SO","Somalia","EMRO",0,2513,0,85
"2020-06-14","SO","Somalia","EMRO",66,2579,2,87
"2020-06-15","SO","Somalia","EMRO",24,2603,1,88
"2020-06-16","SO","Somalia","EMRO",39,2642,0,88
"2020-06-17","SO","Somalia","EMRO",16,2658,0,88
"2020-06-18","SO","Somalia","EMRO",38,2696,0,88
"2020-06-19","SO","Somalia","EMRO",23,2719,0,88
"2020-06-20","SO","Somalia","EMRO",0,2719,0,88
"2020-06-21","SO","Somalia","EMRO",36,2755,0,88
"2020-06-22","SO","Somalia","EMRO",24,2779,2,90
"2020-06-23","SO","Somalia","EMRO",33,2812,0,90
"2020-06-24","SO","Somalia","EMRO",23,2835,0,90
"2020-06-25","SO","Somalia","EMRO",25,2860,0,90
"2020-06-26","SO","Somalia","EMRO",18,2878,0,90
"2020-06-27","SO","Somalia","EMRO",0,2878,0,90
"2020-06-28","SO","Somalia","EMRO",0,2878,0,90
"2020-06-29","SO","Somalia","EMRO",16,2894,0,90
"2020-06-30","SO","Somalia","EMRO",10,2904,0,90
"2020-07-01","SO","Somalia","EMRO",20,2924,0,90
"2020-07-02","SO","Somalia","EMRO",0,2924,0,90
"2020-07-03","SO","Somalia","EMRO",20,2944,0,90
"2020-07-04","SO","Somalia","EMRO",0,2944,0,90
"2020-07-05","SO","Somalia","EMRO",17,2961,2,92
"2020-07-06","SO","Somalia","EMRO",36,2997,0,92
"2020-07-07","SO","Somalia","EMRO",9,3006,0,92
"2020-07-08","SO","Somalia","EMRO",9,3015,0,92
"2020-07-09","SO","Somalia","EMRO",13,3028,0,92
"2020-07-10","SO","Somalia","EMRO",10,3038,0,92
"2020-07-11","SO","Somalia","EMRO",0,3038,0,92
"2020-07-12","SO","Somalia","EMRO",13,3051,0,92
"2020-07-13","SO","Somalia","EMRO",8,3059,1,93
"2020-07-14","SO","Somalia","EMRO",13,3072,0,93
"2020-07-15","SO","Somalia","EMRO",4,3076,0,93
"2020-07-16","SO","Somalia","EMRO",7,3083,0,93
"2020-07-17","SO","Somalia","EMRO",23,3106,0,93
"2020-07-18","SO","Somalia","EMRO",0,3106,0,93
"2020-07-19","SO","Somalia","EMRO",5,3111,0,93
"2020-07-20","SO","Somalia","EMRO",8,3119,0,93
"2020-07-21","SO","Somalia","EMRO",11,3130,0,93
"2020-07-22","SO","Somalia","EMRO",5,3135,0,93
"2020-07-23","SO","Somalia","EMRO",26,3161,0,93
"2020-07-24","SO","Somalia","EMRO",10,3171,0,93
"2020-07-25","SO","Somalia","EMRO",0,3171,0,93
"2020-07-26","SO","Somalia","EMRO",7,3178,0,93
"2020-07-27","SO","Somalia","EMRO",0,3178,0,93
"2020-07-28","SO","Somalia","EMRO",18,3196,0,93
"2020-07-29","SO","Somalia","EMRO",16,3212,0,93
"2020-07-30","SO","Somalia","EMRO",0,3212,0,93
"2020-07-31","SO","Somalia","EMRO",0,3212,0,93
"2020-08-01","SO","Somalia","EMRO",0,3212,0,93
"2020-08-02","SO","Somalia","EMRO",0,3212,0,93
"2020-08-03","SO","Somalia","EMRO",8,3220,0,93
"2020-08-04","SO","Somalia","EMRO",0,3220,0,93
"2020-08-05","SO","Somalia","EMRO",0,3220,0,93
"2020-08-06","SO","Somalia","EMRO",7,3227,0,93
"2020-08-07","SO","Somalia","EMRO",0,3227,0,93
"2020-08-08","SO","Somalia","EMRO",0,3227,0,93
"2020-08-09","SO","Somalia","EMRO",0,3227,0,93
"2020-08-10","SO","Somalia","EMRO",0,3227,0,93
"2020-08-11","SO","Somalia","EMRO",0,3227,0,93
"2020-08-12","SO","Somalia","EMRO",0,3227,0,93
"2020-08-13","SO","Somalia","EMRO",0,3227,0,93
"2020-08-14","SO","Somalia","EMRO",0,3227,0,93
"2020-08-15","SO","Somalia","EMRO",23,3250,0,93
"2020-08-16","SO","Somalia","EMRO",6,3256,0,93
"2020-08-17","SO","Somalia","EMRO",0,3256,0,93
"2020-08-18","SO","Somalia","EMRO",1,3257,0,93
"2020-08-19","SO","Somalia","EMRO",0,3257,0,93
"2020-08-20","SO","Somalia","EMRO",8,3265,0,93
"2020-08-21","SO","Somalia","EMRO",0,3265,0,93
"2020-08-22","SO","Somalia","EMRO",0,3265,0,93
"2020-08-23","SO","Somalia","EMRO",4,3269,0,93
"2020-08-24","SO","Somalia","EMRO",0,3269,0,93
"2020-08-25","SO","Somalia","EMRO",0,3269,0,93
"2020-08-26","SO","Somalia","EMRO",0,3269,0,93
"2020-08-27","SO","Somalia","EMRO",0,3269,0,93
"2020-08-28","SO","Somalia","EMRO",0,3269,0,93
"2020-08-29","SO","Somalia","EMRO",6,3275,2,95
"2020-08-30","SO","Somalia","EMRO",35,3310,2,97
"2020-08-31","SO","Somalia","EMRO",0,3310,0,97
"2020-09-01","SO","Somalia","EMRO",0,3310,0,97
"2020-09-02","SO","Somalia","EMRO",0,3310,0,97
"2020-09-03","SO","Somalia","EMRO",0,3310,0,97
"2020-09-04","SO","Somalia","EMRO",0,3310,0,97
"2020-09-05","SO","Somalia","EMRO",22,3332,0,97
"2020-09-06","SO","Somalia","EMRO",30,3362,0,97
"2020-09-07","SO","Somalia","EMRO",0,3362,0,97
"2020-09-08","SO","Somalia","EMRO",0,3362,0,97
"2020-09-09","SO","Somalia","EMRO",0,3362,0,97
"2020-09-10","SO","Somalia","EMRO",9,3371,0,97
"2020-09-11","SO","Somalia","EMRO",5,3376,1,98
"2020-09-12","SO","Somalia","EMRO",0,3376,0,98
"2020-09-13","SO","Somalia","EMRO",0,3376,0,98
"2020-09-14","SO","Somalia","EMRO",13,3389,0,98
"2020-09-15","SO","Somalia","EMRO",0,3389,0,98
"2020-09-16","SO","Somalia","EMRO",1,3390,0,98
"2020-09-17","SO","Somalia","EMRO",0,3390,0,98
"2020-09-18","SO","Somalia","EMRO",0,3390,0,98
"2020-09-19","SO","Somalia","EMRO",0,3390,0,98
"2020-09-20","SO","Somalia","EMRO",11,3401,0,98
"2020-09-21","SO","Somalia","EMRO",41,3442,0,98
"2020-09-22","SO","Somalia","EMRO",23,3465,0,98
"2020-09-23","SO","Somalia","EMRO",0,3465,0,98
"2020-09-24","SO","Somalia","EMRO",0,3465,0,98
"2020-09-25","SO","Somalia","EMRO",0,3465,0,98
"2020-09-26","SO","Somalia","EMRO",0,3465,0,98
"2020-09-27","SO","Somalia","EMRO",123,3588,1,99
"2020-09-28","SO","Somalia","EMRO",0,3588,0,99
"2020-09-29","SO","Somalia","EMRO",0,3588,0,99
"2020-09-30","SO","Somalia","EMRO",0,3588,0,99
"2020-10-01","SO","Somalia","EMRO",0,3588,0,99
"2020-10-02","SO","Somalia","EMRO",5,3593,0,99
"2020-10-03","SO","Somalia","EMRO",0,3593,0,99
"2020-10-04","SO","Somalia","EMRO",0,3593,0,99
"2020-10-05","SO","Somalia","EMRO",152,3745,0,99
"2020-10-06","SO","Somalia","EMRO",0,3745,0,99
"2020-10-07","SO","Somalia","EMRO",0,3745,0,99
"2020-10-08","SO","Somalia","EMRO",0,3745,0,99
"2020-10-09","SO","Somalia","EMRO",0,3745,0,99
"2020-10-10","SO","Somalia","EMRO",0,3745,0,99
"2020-10-11","SO","Somalia","EMRO",102,3847,0,99
"2020-10-12","SO","Somalia","EMRO",17,3864,0,99
"2020-10-13","SO","Somalia","EMRO",0,3864,0,99
"2020-10-14","SO","Somalia","EMRO",0,3864,0,99
"2020-10-15","SO","Somalia","EMRO",0,3864,0,99
"2020-10-16","SO","Somalia","EMRO",0,3864,0,99
"2020-10-17","SO","Somalia","EMRO",0,3864,0,99
"2020-10-18","SO","Somalia","EMRO",0,3864,0,99
"2020-10-19","SO","Somalia","EMRO",0,3864,0,99
"2020-10-20","SO","Somalia","EMRO",0,3864,0,99
"2020-10-21","SO","Somalia","EMRO",26,3890,2,101
"2020-10-22","SO","Somalia","EMRO",0,3890,0,101
"2020-10-23","SO","Somalia","EMRO",7,3897,1,102
"2020-10-24","SO","Somalia","EMRO",0,3897,0,102
"2020-10-25","SO","Somalia","EMRO",0,3897,0,102
"2020-10-26","SO","Somalia","EMRO",44,3941,2,104
"2020-10-27","SO","Somalia","EMRO",0,3941,0,104
"2020-10-28","SO","Somalia","EMRO",0,3941,0,104
"2020-10-29","SO","Somalia","EMRO",0,3941,0,104
"2020-10-30","SO","Somalia","EMRO",0,3941,0,104
"2020-10-31","SO","Somalia","EMRO",0,3941,0,104
"2020-11-01","SO","Somalia","EMRO",0,3941,0,104
"2020-11-02","SO","Somalia","EMRO",0,3941,0,104
"2020-11-03","SO","Somalia","EMRO",0,3941,0,104
"2020-11-04","SO","Somalia","EMRO",288,4229,3,107
"2020-11-05","SO","Somalia","EMRO",0,4229,0,107
"2020-11-06","SO","Somalia","EMRO",0,4229,0,107
"2020-11-07","SO","Somalia","EMRO",0,4229,0,107
"2020-11-08","SO","Somalia","EMRO",0,4229,0,107
"2020-11-09","SO","Somalia","EMRO",0,4229,0,107
"2020-11-10","SO","Somalia","EMRO",72,4301,0,107
"2020-11-11","SO","Somalia","EMRO",0,4301,0,107
"2020-11-12","SO","Somalia","EMRO",0,4301,0,107
"2020-11-13","SO","Somalia","EMRO",0,4301,0,107
"2020-11-14","SO","Somalia","EMRO",0,4301,0,107
"2020-11-15","SO","Somalia","EMRO",0,4301,0,107
"2020-11-16","SO","Somalia","EMRO",0,4301,0,107
"2020-11-17","SO","Somalia","EMRO",0,4301,0,107
"2020-11-18","SO","Somalia","EMRO",81,4382,1,108
"2020-11-19","SO","Somalia","EMRO",0,4382,0,108
"2020-11-20","SO","Somalia","EMRO",0,4382,0,108
"2020-11-21","SO","Somalia","EMRO",0,4382,0,108
"2020-11-22","SO","Somalia","EMRO",0,4382,0,108
"2020-11-23","SO","Somalia","EMRO",63,4445,5,113
"2020-11-24","SO","Somalia","EMRO",0,4445,0,113
"2020-11-25","SO","Somalia","EMRO",0,4445,0,113
"2020-11-26","SO","Somalia","EMRO",0,4445,0,113
"2020-11-27","SO","Somalia","EMRO",6,4451,0,113
"2020-11-28","SO","Somalia","EMRO",0,4451,0,113
"2020-11-29","SO","Somalia","EMRO",0,4451,0,113
"2020-11-30","SO","Somalia","EMRO",0,4451,0,113
"2020-12-01","SO","Somalia","EMRO",0,4451,0,113
"2020-12-02","SO","Somalia","EMRO",0,4451,0,113
"2020-12-03","SO","Somalia","EMRO",74,4525,8,121
"2020-12-04","SO","Somalia","EMRO",0,4525,0,121
"2020-12-05","SO","Somalia","EMRO",0,4525,0,121
"2020-12-06","SO","Somalia","EMRO",0,4525,0,121
"2020-12-07","SO","Somalia","EMRO",0,4525,0,121
"2020-12-08","SO","Somalia","EMRO",54,4579,0,121
"2020-12-09","SO","Somalia","EMRO",0,4579,0,121
"2020-12-10","SO","Somalia","EMRO",0,4579,0,121
"2020-12-11","SO","Somalia","EMRO",0,4579,0,121
"2020-12-12","SO","Somalia","EMRO",0,4579,0,121
