"Fecha_de_reporte","Codigo_pais","Paises","Region","Casos_nuevos","Casos_acumulados","defunciones_nuevas","defunciones_acumuladas"
"2020-01-03","ZA","South Africa","AFRO",0,0,0,0
"2020-01-04","ZA","South Africa","AFRO",0,0,0,0
"2020-01-05","ZA","South Africa","AFRO",0,0,0,0
"2020-01-06","ZA","South Africa","AFRO",0,0,0,0
"2020-01-07","ZA","South Africa","AFRO",0,0,0,0
"2020-01-08","ZA","South Africa","AFRO",0,0,0,0
"2020-01-09","ZA","South Africa","AFRO",0,0,0,0
"2020-01-10","ZA","South Africa","AFRO",0,0,0,0
"2020-01-11","ZA","South Africa","AFRO",0,0,0,0
"2020-01-12","ZA","South Africa","AFRO",0,0,0,0
"2020-01-13","ZA","South Africa","AFRO",0,0,0,0
"2020-01-14","ZA","South Africa","AFRO",0,0,0,0
"2020-01-15","ZA","South Africa","AFRO",0,0,0,0
"2020-01-16","ZA","South Africa","AFRO",0,0,0,0
"2020-01-17","ZA","South Africa","AFRO",0,0,0,0
"2020-01-18","ZA","South Africa","AFRO",0,0,0,0
"2020-01-19","ZA","South Africa","AFRO",0,0,0,0
"2020-01-20","ZA","South Africa","AFRO",0,0,0,0
"2020-01-21","ZA","South Africa","AFRO",0,0,0,0
"2020-01-22","ZA","South Africa","AFRO",0,0,0,0
"2020-01-23","ZA","South Africa","AFRO",0,0,0,0
"2020-01-24","ZA","South Africa","AFRO",0,0,0,0
"2020-01-25","ZA","South Africa","AFRO",0,0,0,0
"2020-01-26","ZA","South Africa","AFRO",0,0,0,0
"2020-01-27","ZA","South Africa","AFRO",0,0,0,0
"2020-01-28","ZA","South Africa","AFRO",0,0,0,0
"2020-01-29","ZA","South Africa","AFRO",0,0,0,0
"2020-01-30","ZA","South Africa","AFRO",0,0,0,0
"2020-01-31","ZA","South Africa","AFRO",0,0,0,0
"2020-02-01","ZA","South Africa","AFRO",0,0,0,0
"2020-02-02","ZA","South Africa","AFRO",0,0,0,0
"2020-02-03","ZA","South Africa","AFRO",0,0,0,0
"2020-02-04","ZA","South Africa","AFRO",0,0,0,0
"2020-02-05","ZA","South Africa","AFRO",0,0,0,0
"2020-02-06","ZA","South Africa","AFRO",0,0,0,0
"2020-02-07","ZA","South Africa","AFRO",0,0,0,0
"2020-02-08","ZA","South Africa","AFRO",0,0,0,0
"2020-02-09","ZA","South Africa","AFRO",0,0,0,0
"2020-02-10","ZA","South Africa","AFRO",0,0,0,0
"2020-02-11","ZA","South Africa","AFRO",0,0,0,0
"2020-02-12","ZA","South Africa","AFRO",0,0,0,0
"2020-02-13","ZA","South Africa","AFRO",0,0,0,0
"2020-02-14","ZA","South Africa","AFRO",0,0,0,0
"2020-02-15","ZA","South Africa","AFRO",0,0,0,0
"2020-02-16","ZA","South Africa","AFRO",0,0,0,0
"2020-02-17","ZA","South Africa","AFRO",0,0,0,0
"2020-02-18","ZA","South Africa","AFRO",0,0,0,0
"2020-02-19","ZA","South Africa","AFRO",0,0,0,0
"2020-02-20","ZA","South Africa","AFRO",0,0,0,0
"2020-02-21","ZA","South Africa","AFRO",0,0,0,0
"2020-02-22","ZA","South Africa","AFRO",0,0,0,0
"2020-02-23","ZA","South Africa","AFRO",0,0,0,0
"2020-02-24","ZA","South Africa","AFRO",0,0,0,0
"2020-02-25","ZA","South Africa","AFRO",0,0,0,0
"2020-02-26","ZA","South Africa","AFRO",0,0,0,0
"2020-02-27","ZA","South Africa","AFRO",0,0,0,0
"2020-02-28","ZA","South Africa","AFRO",0,0,0,0
"2020-02-29","ZA","South Africa","AFRO",0,0,0,0
"2020-03-01","ZA","South Africa","AFRO",0,0,0,0
"2020-03-02","ZA","South Africa","AFRO",0,0,0,0
"2020-03-03","ZA","South Africa","AFRO",0,0,0,0
"2020-03-04","ZA","South Africa","AFRO",0,0,0,0
"2020-03-05","ZA","South Africa","AFRO",5,5,0,0
"2020-03-06","ZA","South Africa","AFRO",0,5,0,0
"2020-03-07","ZA","South Africa","AFRO",1,6,0,0
"2020-03-08","ZA","South Africa","AFRO",1,7,0,0
"2020-03-09","ZA","South Africa","AFRO",0,7,0,0
"2020-03-10","ZA","South Africa","AFRO",4,11,0,0
"2020-03-11","ZA","South Africa","AFRO",0,11,0,0
"2020-03-12","ZA","South Africa","AFRO",10,21,0,0
"2020-03-13","ZA","South Africa","AFRO",0,21,0,0
"2020-03-14","ZA","South Africa","AFRO",21,42,0,0
"2020-03-15","ZA","South Africa","AFRO",0,42,0,0
"2020-03-16","ZA","South Africa","AFRO",13,55,0,0
"2020-03-17","ZA","South Africa","AFRO",11,66,0,0
"2020-03-18","ZA","South Africa","AFRO",54,120,0,0
"2020-03-19","ZA","South Africa","AFRO",34,154,0,0
"2020-03-20","ZA","South Africa","AFRO",51,205,0,0
"2020-03-21","ZA","South Africa","AFRO",35,240,0,0
"2020-03-22","ZA","South Africa","AFRO",0,240,0,0
"2020-03-23","ZA","South Africa","AFRO",34,274,0,0
"2020-03-24","ZA","South Africa","AFRO",128,402,0,0
"2020-03-25","ZA","South Africa","AFRO",152,554,0,0
"2020-03-26","ZA","South Africa","AFRO",373,927,0,0
"2020-03-27","ZA","South Africa","AFRO",0,927,0,0
"2020-03-28","ZA","South Africa","AFRO",243,1170,1,1
"2020-03-29","ZA","South Africa","AFRO",17,1187,0,1
"2020-03-30","ZA","South Africa","AFRO",93,1280,0,1
"2020-03-31","ZA","South Africa","AFRO",46,1326,2,3
"2020-04-01","ZA","South Africa","AFRO",27,1353,2,5
"2020-04-02","ZA","South Africa","AFRO",27,1380,0,5
"2020-04-03","ZA","South Africa","AFRO",82,1462,0,5
"2020-04-04","ZA","South Africa","AFRO",43,1505,2,7
"2020-04-05","ZA","South Africa","AFRO",80,1585,2,9
"2020-04-06","ZA","South Africa","AFRO",70,1655,2,11
"2020-04-07","ZA","South Africa","AFRO",31,1686,1,12
"2020-04-08","ZA","South Africa","AFRO",63,1749,1,13
"2020-04-09","ZA","South Africa","AFRO",96,1845,5,18
"2020-04-10","ZA","South Africa","AFRO",89,1934,0,18
"2020-04-11","ZA","South Africa","AFRO",69,2003,6,24
"2020-04-12","ZA","South Africa","AFRO",25,2028,1,25
"2020-04-13","ZA","South Africa","AFRO",145,2173,0,25
"2020-04-14","ZA","South Africa","AFRO",99,2272,2,27
"2020-04-15","ZA","South Africa","AFRO",143,2415,0,27
"2020-04-16","ZA","South Africa","AFRO",91,2506,7,34
"2020-04-17","ZA","South Africa","AFRO",99,2605,14,48
"2020-04-18","ZA","South Africa","AFRO",178,2783,2,50
"2020-04-19","ZA","South Africa","AFRO",251,3034,2,52
"2020-04-20","ZA","South Africa","AFRO",124,3158,2,54
"2020-04-21","ZA","South Africa","AFRO",142,3300,4,58
"2020-04-22","ZA","South Africa","AFRO",165,3465,0,58
"2020-04-23","ZA","South Africa","AFRO",170,3635,7,65
"2020-04-24","ZA","South Africa","AFRO",318,3953,10,75
"2020-04-25","ZA","South Africa","AFRO",267,4220,4,79
"2020-04-26","ZA","South Africa","AFRO",141,4361,7,86
"2020-04-27","ZA","South Africa","AFRO",185,4546,1,87
"2020-04-28","ZA","South Africa","AFRO",247,4793,3,90
"2020-04-29","ZA","South Africa","AFRO",203,4996,3,93
"2020-04-30","ZA","South Africa","AFRO",354,5350,10,103
"2020-05-01","ZA","South Africa","AFRO",297,5647,0,103
"2020-05-02","ZA","South Africa","AFRO",304,5951,13,116
"2020-05-03","ZA","South Africa","AFRO",385,6336,7,123
"2020-05-04","ZA","South Africa","AFRO",447,6783,8,131
"2020-05-05","ZA","South Africa","AFRO",437,7220,7,138
"2020-05-06","ZA","South Africa","AFRO",219,7439,10,148
"2020-05-07","ZA","South Africa","AFRO",369,7808,5,153
"2020-05-08","ZA","South Africa","AFRO",424,8232,8,161
"2020-05-09","ZA","South Africa","AFRO",663,8895,17,178
"2020-05-10","ZA","South Africa","AFRO",525,9420,8,186
"2020-05-11","ZA","South Africa","AFRO",595,10015,8,194
"2020-05-12","ZA","South Africa","AFRO",637,10652,12,206
"2020-05-13","ZA","South Africa","AFRO",698,11350,0,206
"2020-05-14","ZA","South Africa","AFRO",724,12074,13,219
"2020-05-15","ZA","South Africa","AFRO",665,12739,19,238
"2020-05-16","ZA","South Africa","AFRO",785,13524,9,247
"2020-05-17","ZA","South Africa","AFRO",831,14355,14,261
"2020-05-18","ZA","South Africa","AFRO",1160,15515,3,264
"2020-05-19","ZA","South Africa","AFRO",918,16433,22,286
"2020-05-20","ZA","South Africa","AFRO",767,17200,26,312
"2020-05-21","ZA","South Africa","AFRO",803,18003,27,339
"2020-05-22","ZA","South Africa","AFRO",1134,19137,30,369
"2020-05-23","ZA","South Africa","AFRO",988,20125,28,397
"2020-05-24","ZA","South Africa","AFRO",1218,21343,10,407
"2020-05-25","ZA","South Africa","AFRO",1240,22583,22,429
"2020-05-26","ZA","South Africa","AFRO",1032,23615,52,481
"2020-05-27","ZA","South Africa","AFRO",649,24264,43,524
"2020-05-28","ZA","South Africa","AFRO",1673,25937,28,552
"2020-05-29","ZA","South Africa","AFRO",1466,27403,25,577
"2020-05-30","ZA","South Africa","AFRO",1837,29240,34,611
"2020-05-31","ZA","South Africa","AFRO",1727,30967,32,643
"2020-06-01","ZA","South Africa","AFRO",1716,32683,40,683
"2020-06-02","ZA","South Africa","AFRO",1674,34357,22,705
"2020-06-03","ZA","South Africa","AFRO",1455,35812,50,755
"2020-06-04","ZA","South Africa","AFRO",1713,37525,37,792
"2020-06-05","ZA","South Africa","AFRO",3267,40792,56,848
"2020-06-06","ZA","South Africa","AFRO",2642,43434,60,908
"2020-06-07","ZA","South Africa","AFRO",2539,45973,44,952
"2020-06-08","ZA","South Africa","AFRO",2312,48285,46,998
"2020-06-09","ZA","South Africa","AFRO",2594,50879,82,1080
"2020-06-10","ZA","South Africa","AFRO",2112,52991,82,1162
"2020-06-11","ZA","South Africa","AFRO",2430,55421,48,1210
"2020-06-12","ZA","South Africa","AFRO",3147,58568,74,1284
"2020-06-13","ZA","South Africa","AFRO",3359,61927,70,1354
"2020-06-14","ZA","South Africa","AFRO",3809,65736,69,1423
"2020-06-15","ZA","South Africa","AFRO",4302,70038,57,1480
"2020-06-16","ZA","South Africa","AFRO",3495,73533,88,1568
"2020-06-17","ZA","South Africa","AFRO",2801,76334,57,1625
"2020-06-18","ZA","South Africa","AFRO",4078,80412,49,1674
"2020-06-19","ZA","South Africa","AFRO",3478,83890,63,1737
"2020-06-20","ZA","South Africa","AFRO",3825,87715,94,1831
"2020-06-21","ZA","South Africa","AFRO",4966,92681,46,1877
"2020-06-22","ZA","South Africa","AFRO",4621,97302,53,1930
"2020-06-23","ZA","South Africa","AFRO",4288,101590,61,1991
"2020-06-24","ZA","South Africa","AFRO",4518,106108,111,2102
"2020-06-25","ZA","South Africa","AFRO",5688,111796,103,2205
"2020-06-26","ZA","South Africa","AFRO",6579,118375,87,2292
"2020-06-27","ZA","South Africa","AFRO",6215,124590,48,2340
"2020-06-28","ZA","South Africa","AFRO",7210,131800,73,2413
"2020-06-29","ZA","South Africa","AFRO",6334,138134,43,2456
"2020-06-30","ZA","South Africa","AFRO",6130,144264,73,2529
"2020-07-01","ZA","South Africa","AFRO",6945,151209,128,2657
"2020-07-02","ZA","South Africa","AFRO",8124,159333,92,2749
"2020-07-03","ZA","South Africa","AFRO",8728,168061,95,2844
"2020-07-04","ZA","South Africa","AFRO",9063,177124,108,2952
"2020-07-05","ZA","South Africa","AFRO",10853,187977,74,3026
"2020-07-06","ZA","South Africa","AFRO",8773,196750,173,3199
"2020-07-07","ZA","South Africa","AFRO",8971,205721,111,3310
"2020-07-08","ZA","South Africa","AFRO",10134,215855,192,3502
"2020-07-09","ZA","South Africa","AFRO",8810,224665,100,3602
"2020-07-10","ZA","South Africa","AFRO",13674,238339,118,3720
"2020-07-11","ZA","South Africa","AFRO",12348,250687,140,3860
"2020-07-12","ZA","South Africa","AFRO",13497,264184,111,3971
"2020-07-13","ZA","South Africa","AFRO",12058,276242,108,4079
"2020-07-14","ZA","South Africa","AFRO",11554,287796,93,4172
"2020-07-15","ZA","South Africa","AFRO",10496,298292,174,4346
"2020-07-16","ZA","South Africa","AFRO",12757,311049,107,4453
"2020-07-17","ZA","South Africa","AFRO",13172,324221,216,4669
"2020-07-18","ZA","South Africa","AFRO",13373,337594,135,4804
"2020-07-19","ZA","South Africa","AFRO",13285,350879,144,4948
"2020-07-20","ZA","South Africa","AFRO",13449,364328,85,5033
"2020-07-21","ZA","South Africa","AFRO",9300,373628,140,5173
"2020-07-22","ZA","South Africa","AFRO",8170,381798,195,5368
"2020-07-23","ZA","South Africa","AFRO",13150,394948,572,5940
"2020-07-24","ZA","South Africa","AFRO",13104,408052,153,6093
"2020-07-25","ZA","South Africa","AFRO",13944,421996,250,6343
"2020-07-26","ZA","South Africa","AFRO",12204,434200,312,6655
"2020-07-27","ZA","South Africa","AFRO",11233,445433,114,6769
"2020-07-28","ZA","South Africa","AFRO",7097,452530,298,7067
"2020-07-29","ZA","South Africa","AFRO",7231,459761,190,7257
"2020-07-30","ZA","South Africa","AFRO",11362,471123,240,7497
"2020-07-31","ZA","South Africa","AFRO",11046,482169,315,7812
"2020-08-01","ZA","South Africa","AFRO",11014,493183,193,8005
"2020-08-02","ZA","South Africa","AFRO",10107,503290,148,8153
"2020-08-03","ZA","South Africa","AFRO",8195,511485,213,8366
"2020-08-04","ZA","South Africa","AFRO",5377,516862,0,8366
"2020-08-05","ZA","South Africa","AFRO",4456,521318,518,8884
"2020-08-06","ZA","South Africa","AFRO",8559,529877,414,9298
"2020-08-07","ZA","South Africa","AFRO",8307,538184,306,9604
"2020-08-08","ZA","South Africa","AFRO",7292,545476,305,9909
"2020-08-09","ZA","South Africa","AFRO",7712,553188,301,10210
"2020-08-10","ZA","South Africa","AFRO",6671,559859,198,10408
"2020-08-11","ZA","South Africa","AFRO",3739,563598,213,10621
"2020-08-12","ZA","South Africa","AFRO",2511,566109,130,10751
"2020-08-13","ZA","South Africa","AFRO",2810,568919,259,11010
"2020-08-14","ZA","South Africa","AFRO",3946,572865,260,11270
"2020-08-15","ZA","South Africa","AFRO",6275,579140,286,11556
"2020-08-16","ZA","South Africa","AFRO",4513,583653,121,11677
"2020-08-17","ZA","South Africa","AFRO",3692,587345,162,11839
"2020-08-18","ZA","South Africa","AFRO",2541,589886,143,11982
"2020-08-19","ZA","South Africa","AFRO",2258,592144,282,12264
"2020-08-20","ZA","South Africa","AFRO",3916,596060,159,12423
"2020-08-21","ZA","South Africa","AFRO",3880,599940,195,12618
"2020-08-22","ZA","South Africa","AFRO",3398,603338,225,12843
"2020-08-23","ZA","South Africa","AFRO",3707,607045,144,12987
"2020-08-24","ZA","South Africa","AFRO",2728,609773,72,13059
"2020-08-25","ZA","South Africa","AFRO",1677,611450,100,13159
"2020-08-26","ZA","South Africa","AFRO",1567,613017,149,13308
"2020-08-27","ZA","South Africa","AFRO",2684,615701,194,13502
"2020-08-28","ZA","South Africa","AFRO",0,615701,0,13502
"2020-08-29","ZA","South Africa","AFRO",4431,620132,241,13743
"2020-08-30","ZA","South Africa","AFRO",2419,622551,238,13981
"2020-08-31","ZA","South Africa","AFRO",2505,625056,47,14028
"2020-09-01","ZA","South Africa","AFRO",1985,627041,121,14149
"2020-09-02","ZA","South Africa","AFRO",1218,628259,114,14263
"2020-09-03","ZA","South Africa","AFRO",2336,630595,126,14389
"2020-09-04","ZA","South Africa","AFRO",2420,633015,0,14389
"2020-09-05","ZA","South Africa","AFRO",2063,635078,289,14678
"2020-09-06","ZA","South Africa","AFRO",1806,636884,101,14779
"2020-09-07","ZA","South Africa","AFRO",1633,638517,110,14889
"2020-09-08","ZA","South Africa","AFRO",845,639362,115,15004
"2020-09-09","ZA","South Africa","AFRO",1079,640441,82,15086
"2020-09-10","ZA","South Africa","AFRO",1990,642431,82,15168
"2020-09-11","ZA","South Africa","AFRO",2007,644438,97,15265
"2020-09-12","ZA","South Africa","AFRO",1960,646398,113,15378
"2020-09-13","ZA","South Africa","AFRO",1816,648214,49,15427
"2020-09-14","ZA","South Africa","AFRO",1579,649793,20,15447
"2020-09-15","ZA","South Africa","AFRO",956,650749,52,15499
"2020-09-16","ZA","South Africa","AFRO",772,651521,142,15641
"2020-09-17","ZA","South Africa","AFRO",1923,653444,64,15705
"2020-09-18","ZA","South Africa","AFRO",2128,655572,67,15772
"2020-09-19","ZA","South Africa","AFRO",2055,657627,85,15857
"2020-09-20","ZA","South Africa","AFRO",2029,659656,83,15940
"2020-09-21","ZA","South Africa","AFRO",1555,661211,13,15953
"2020-09-22","ZA","South Africa","AFRO",725,661936,39,15992
"2020-09-23","ZA","South Africa","AFRO",1346,663282,126,16118
"2020-09-24","ZA","South Africa","AFRO",1906,665188,88,16206
"2020-09-25","ZA","South Africa","AFRO",1861,667049,77,16283
"2020-09-26","ZA","South Africa","AFRO",1480,668529,29,16312
"2020-09-27","ZA","South Africa","AFRO",969,669498,64,16376
"2020-09-28","ZA","South Africa","AFRO",1268,670766,22,16398
"2020-09-29","ZA","South Africa","AFRO",903,671669,188,16586
"2020-09-30","ZA","South Africa","AFRO",903,672572,81,16667
"2020-10-01","ZA","South Africa","AFRO",1767,674339,67,16734
"2020-10-02","ZA","South Africa","AFRO",1745,676084,132,16866
"2020-10-03","ZA","South Africa","AFRO",1749,677833,43,16909
"2020-10-04","ZA","South Africa","AFRO",1883,679716,29,16938
"2020-10-05","ZA","South Africa","AFRO",1573,681289,38,16976
"2020-10-06","ZA","South Africa","AFRO",926,682215,40,17016
"2020-10-07","ZA","South Africa","AFRO",1027,683242,87,17103
"2020-10-08","ZA","South Africa","AFRO",0,683242,0,17103
"2020-10-09","ZA","South Africa","AFRO",3649,686891,305,17408
"2020-10-10","ZA","South Africa","AFRO",1641,688532,139,17547
"2020-10-11","ZA","South Africa","AFRO",2364,690896,126,17673
"2020-10-12","ZA","South Africa","AFRO",1575,692471,107,17780
"2020-10-13","ZA","South Africa","AFRO",888,693359,83,17863
"2020-10-14","ZA","South Africa","AFRO",1178,694537,165,18028
"2020-10-15","ZA","South Africa","AFRO",1877,696414,123,18151
"2020-10-16","ZA","South Africa","AFRO",1770,698184,158,18309
"2020-10-17","ZA","South Africa","AFRO",2019,700203,61,18370
"2020-10-18","ZA","South Africa","AFRO",1928,702131,38,18408
"2020-10-19","ZA","South Africa","AFRO",1662,703793,63,18471
"2020-10-20","ZA","South Africa","AFRO",1461,705254,21,18492
"2020-10-21","ZA","South Africa","AFRO",1050,706304,164,18656
"2020-10-22","ZA","South Africa","AFRO",2055,708359,85,18741
"2020-10-23","ZA","South Africa","AFRO",2156,710515,102,18843
"2020-10-24","ZA","South Africa","AFRO",1897,712412,48,18891
"2020-10-25","ZA","South Africa","AFRO",1834,714246,53,18944
"2020-10-26","ZA","South Africa","AFRO",1622,715868,24,18968
"2020-10-27","ZA","South Africa","AFRO",891,716759,40,19008
"2020-10-28","ZA","South Africa","AFRO",1092,717851,45,19053
"2020-10-29","ZA","South Africa","AFRO",1863,719714,58,19111
"2020-10-30","ZA","South Africa","AFRO",2056,721770,53,19164
"2020-10-31","ZA","South Africa","AFRO",1912,723682,66,19230
"2020-11-01","ZA","South Africa","AFRO",1770,725452,46,19276
"2020-11-02","ZA","South Africa","AFRO",1371,726823,135,19411
"2020-11-03","ZA","South Africa","AFRO",772,727595,54,19465
"2020-11-04","ZA","South Africa","AFRO",1241,728836,74,19539
"2020-11-05","ZA","South Africa","AFRO",1712,730548,46,19585
"2020-11-06","ZA","South Africa","AFRO",1866,732414,92,19677
"2020-11-07","ZA","South Africa","AFRO",1761,734175,72,19749
"2020-11-08","ZA","South Africa","AFRO",1731,735906,40,19789
"2020-11-09","ZA","South Africa","AFRO",1372,737278,20,19809
"2020-11-10","ZA","South Africa","AFRO",1247,738525,36,19845
"2020-11-11","ZA","South Africa","AFRO",1729,740254,106,19951
"2020-11-12","ZA","South Africa","AFRO",2140,742394,60,20011
"2020-11-13","ZA","South Africa","AFRO",2338,744732,65,20076
"2020-11-14","ZA","South Africa","AFRO",2213,746945,77,20153
"2020-11-15","ZA","South Africa","AFRO",2237,749182,53,20206
"2020-11-16","ZA","South Africa","AFRO",1842,751024,35,20241
"2020-11-17","ZA","South Africa","AFRO",1245,752269,73,20314
"2020-11-18","ZA","South Africa","AFRO",1987,754256,119,20433
"2020-11-19","ZA","South Africa","AFRO",2888,757144,123,20556
"2020-11-20","ZA","South Africa","AFRO",2514,759658,115,20671
"2020-11-21","ZA","South Africa","AFRO",3105,762763,88,20759
"2020-11-22","ZA","South Africa","AFRO",2646,765409,86,20845
"2020-11-23","ZA","South Africa","AFRO",2270,767679,58,20903
"2020-11-24","ZA","South Africa","AFRO",2080,769759,65,20968
"2020-11-25","ZA","South Africa","AFRO",2493,772252,115,21083
"2020-11-26","ZA","South Africa","AFRO",3250,775502,118,21201
"2020-11-27","ZA","South Africa","AFRO",3069,778571,88,21289
"2020-11-28","ZA","South Africa","AFRO",3370,781941,89,21378
"2020-11-29","ZA","South Africa","AFRO",3198,785139,61,21439
"2020-11-30","ZA","South Africa","AFRO",2563,787702,38,21477
"2020-12-01","ZA","South Africa","AFRO",2302,790004,58,21535
"2020-12-02","ZA","South Africa","AFRO",2295,792299,109,21644
"2020-12-03","ZA","South Africa","AFRO",4173,796472,65,21709
"2020-12-04","ZA","South Africa","AFRO",4400,800872,94,21803
"2020-12-05","ZA","South Africa","AFRO",4932,805804,160,21963
"2020-12-06","ZA","South Africa","AFRO",4645,810449,104,22067
"2020-12-07","ZA","South Africa","AFRO",4116,814565,139,22206
"2020-12-08","ZA","South Africa","AFRO",3313,817878,43,22249
"2020-12-09","ZA","South Africa","AFRO",4011,821889,183,22432
"2020-12-10","ZA","South Africa","AFRO",6709,828598,142,22574
"2020-12-11","ZA","South Africa","AFRO",8166,836764,173,22747
"2020-12-12","ZA","South Africa","AFRO",8319,845083,205,22952
