"Fecha_de_reporte","Codigo_pais","Paises","Region","Casos_nuevos","Casos_acumulados","defunciones_nuevas","defunciones_acumuladas"
"2020-01-03","TG","Togo","AFRO",0,0,0,0
"2020-01-04","TG","Togo","AFRO",0,0,0,0
"2020-01-05","TG","Togo","AFRO",0,0,0,0
"2020-01-06","TG","Togo","AFRO",0,0,0,0
"2020-01-07","TG","Togo","AFRO",0,0,0,0
"2020-01-08","TG","Togo","AFRO",0,0,0,0
"2020-01-09","TG","Togo","AFRO",0,0,0,0
"2020-01-10","TG","Togo","AFRO",0,0,0,0
"2020-01-11","TG","Togo","AFRO",0,0,0,0
"2020-01-12","TG","Togo","AFRO",0,0,0,0
"2020-01-13","TG","Togo","AFRO",0,0,0,0
"2020-01-14","TG","Togo","AFRO",0,0,0,0
"2020-01-15","TG","Togo","AFRO",0,0,0,0
"2020-01-16","TG","Togo","AFRO",0,0,0,0
"2020-01-17","TG","Togo","AFRO",0,0,0,0
"2020-01-18","TG","Togo","AFRO",0,0,0,0
"2020-01-19","TG","Togo","AFRO",0,0,0,0
"2020-01-20","TG","Togo","AFRO",0,0,0,0
"2020-01-21","TG","Togo","AFRO",0,0,0,0
"2020-01-22","TG","Togo","AFRO",0,0,0,0
"2020-01-23","TG","Togo","AFRO",0,0,0,0
"2020-01-24","TG","Togo","AFRO",0,0,0,0
"2020-01-25","TG","Togo","AFRO",0,0,0,0
"2020-01-26","TG","Togo","AFRO",0,0,0,0
"2020-01-27","TG","Togo","AFRO",0,0,0,0
"2020-01-28","TG","Togo","AFRO",0,0,0,0
"2020-01-29","TG","Togo","AFRO",0,0,0,0
"2020-01-30","TG","Togo","AFRO",0,0,0,0
"2020-01-31","TG","Togo","AFRO",0,0,0,0
"2020-02-01","TG","Togo","AFRO",0,0,0,0
"2020-02-02","TG","Togo","AFRO",0,0,0,0
"2020-02-03","TG","Togo","AFRO",0,0,0,0
"2020-02-04","TG","Togo","AFRO",0,0,0,0
"2020-02-05","TG","Togo","AFRO",0,0,0,0
"2020-02-06","TG","Togo","AFRO",0,0,0,0
"2020-02-07","TG","Togo","AFRO",0,0,0,0
"2020-02-08","TG","Togo","AFRO",0,0,0,0
"2020-02-09","TG","Togo","AFRO",0,0,0,0
"2020-02-10","TG","Togo","AFRO",0,0,0,0
"2020-02-11","TG","Togo","AFRO",0,0,0,0
"2020-02-12","TG","Togo","AFRO",0,0,0,0
"2020-02-13","TG","Togo","AFRO",0,0,0,0
"2020-02-14","TG","Togo","AFRO",0,0,0,0
"2020-02-15","TG","Togo","AFRO",0,0,0,0
"2020-02-16","TG","Togo","AFRO",0,0,0,0
"2020-02-17","TG","Togo","AFRO",0,0,0,0
"2020-02-18","TG","Togo","AFRO",0,0,0,0
"2020-02-19","TG","Togo","AFRO",0,0,0,0
"2020-02-20","TG","Togo","AFRO",0,0,0,0
"2020-02-21","TG","Togo","AFRO",0,0,0,0
"2020-02-22","TG","Togo","AFRO",0,0,0,0
"2020-02-23","TG","Togo","AFRO",0,0,0,0
"2020-02-24","TG","Togo","AFRO",0,0,0,0
"2020-02-25","TG","Togo","AFRO",0,0,0,0
"2020-02-26","TG","Togo","AFRO",0,0,0,0
"2020-02-27","TG","Togo","AFRO",0,0,0,0
"2020-02-28","TG","Togo","AFRO",0,0,0,0
"2020-02-29","TG","Togo","AFRO",0,0,0,0
"2020-03-01","TG","Togo","AFRO",0,0,0,0
"2020-03-02","TG","Togo","AFRO",0,0,0,0
"2020-03-03","TG","Togo","AFRO",0,0,0,0
"2020-03-04","TG","Togo","AFRO",0,0,0,0
"2020-03-05","TG","Togo","AFRO",0,0,0,0
"2020-03-06","TG","Togo","AFRO",0,0,0,0
"2020-03-07","TG","Togo","AFRO",5,5,0,0
"2020-03-08","TG","Togo","AFRO",0,5,0,0
"2020-03-09","TG","Togo","AFRO",0,5,0,0
"2020-03-10","TG","Togo","AFRO",0,5,0,0
"2020-03-11","TG","Togo","AFRO",0,5,0,0
"2020-03-12","TG","Togo","AFRO",0,5,0,0
"2020-03-13","TG","Togo","AFRO",0,5,0,0
"2020-03-14","TG","Togo","AFRO",0,5,0,0
"2020-03-15","TG","Togo","AFRO",0,5,0,0
"2020-03-16","TG","Togo","AFRO",0,5,0,0
"2020-03-17","TG","Togo","AFRO",0,5,0,0
"2020-03-18","TG","Togo","AFRO",0,5,0,0
"2020-03-19","TG","Togo","AFRO",8,13,0,0
"2020-03-20","TG","Togo","AFRO",0,13,0,0
"2020-03-21","TG","Togo","AFRO",2,15,0,0
"2020-03-22","TG","Togo","AFRO",0,15,0,0
"2020-03-23","TG","Togo","AFRO",1,16,0,0
"2020-03-24","TG","Togo","AFRO",2,18,0,0
"2020-03-25","TG","Togo","AFRO",2,20,0,0
"2020-03-26","TG","Togo","AFRO",3,23,0,0
"2020-03-27","TG","Togo","AFRO",1,24,0,0
"2020-03-28","TG","Togo","AFRO",1,25,0,0
"2020-03-29","TG","Togo","AFRO",3,28,1,1
"2020-03-30","TG","Togo","AFRO",0,28,0,1
"2020-03-31","TG","Togo","AFRO",6,34,0,1
"2020-04-01","TG","Togo","AFRO",0,34,0,1
"2020-04-02","TG","Togo","AFRO",2,36,1,2
"2020-04-03","TG","Togo","AFRO",3,39,0,2
"2020-04-04","TG","Togo","AFRO",0,39,0,2
"2020-04-05","TG","Togo","AFRO",1,40,1,3
"2020-04-06","TG","Togo","AFRO",4,44,0,3
"2020-04-07","TG","Togo","AFRO",0,44,0,3
"2020-04-08","TG","Togo","AFRO",14,58,0,3
"2020-04-09","TG","Togo","AFRO",12,70,0,3
"2020-04-10","TG","Togo","AFRO",3,73,0,3
"2020-04-11","TG","Togo","AFRO",0,73,0,3
"2020-04-12","TG","Togo","AFRO",0,73,0,3
"2020-04-13","TG","Togo","AFRO",3,76,0,3
"2020-04-14","TG","Togo","AFRO",0,76,0,3
"2020-04-15","TG","Togo","AFRO",1,77,0,3
"2020-04-16","TG","Togo","AFRO",0,77,0,3
"2020-04-17","TG","Togo","AFRO",4,81,2,5
"2020-04-18","TG","Togo","AFRO",2,83,0,5
"2020-04-19","TG","Togo","AFRO",0,83,0,5
"2020-04-20","TG","Togo","AFRO",0,83,0,5
"2020-04-21","TG","Togo","AFRO",1,84,0,5
"2020-04-22","TG","Togo","AFRO",2,86,1,6
"2020-04-23","TG","Togo","AFRO",2,88,0,6
"2020-04-24","TG","Togo","AFRO",0,88,0,6
"2020-04-25","TG","Togo","AFRO",2,90,0,6
"2020-04-26","TG","Togo","AFRO",6,96,0,6
"2020-04-27","TG","Togo","AFRO",2,98,0,6
"2020-04-28","TG","Togo","AFRO",1,99,0,6
"2020-04-29","TG","Togo","AFRO",0,99,0,6
"2020-04-30","TG","Togo","AFRO",10,109,1,7
"2020-05-01","TG","Togo","AFRO",7,116,2,9
"2020-05-02","TG","Togo","AFRO",7,123,0,9
"2020-05-03","TG","Togo","AFRO",0,123,0,9
"2020-05-04","TG","Togo","AFRO",1,124,0,9
"2020-05-05","TG","Togo","AFRO",2,126,0,9
"2020-05-06","TG","Togo","AFRO",2,128,0,9
"2020-05-07","TG","Togo","AFRO",0,128,0,9
"2020-05-08","TG","Togo","AFRO",7,135,0,9
"2020-05-09","TG","Togo","AFRO",10,145,1,10
"2020-05-10","TG","Togo","AFRO",8,153,0,10
"2020-05-11","TG","Togo","AFRO",20,173,1,11
"2020-05-12","TG","Togo","AFRO",8,181,0,11
"2020-05-13","TG","Togo","AFRO",18,199,0,11
"2020-05-14","TG","Togo","AFRO",20,219,0,11
"2020-05-15","TG","Togo","AFRO",19,238,0,11
"2020-05-16","TG","Togo","AFRO",25,263,0,11
"2020-05-17","TG","Togo","AFRO",35,298,0,11
"2020-05-18","TG","Togo","AFRO",3,301,0,11
"2020-05-19","TG","Togo","AFRO",29,330,1,12
"2020-05-20","TG","Togo","AFRO",8,338,0,12
"2020-05-21","TG","Togo","AFRO",0,338,0,12
"2020-05-22","TG","Togo","AFRO",16,354,0,12
"2020-05-23","TG","Togo","AFRO",9,363,0,12
"2020-05-24","TG","Togo","AFRO",10,373,0,12
"2020-05-25","TG","Togo","AFRO",8,381,0,12
"2020-05-26","TG","Togo","AFRO",5,386,1,13
"2020-05-27","TG","Togo","AFRO",5,391,0,13
"2020-05-28","TG","Togo","AFRO",4,395,0,13
"2020-05-29","TG","Togo","AFRO",27,422,0,13
"2020-05-30","TG","Togo","AFRO",6,428,0,13
"2020-05-31","TG","Togo","AFRO",0,428,0,13
"2020-06-01","TG","Togo","AFRO",14,442,0,13
"2020-06-02","TG","Togo","AFRO",1,443,0,13
"2020-06-03","TG","Togo","AFRO",2,445,0,13
"2020-06-04","TG","Togo","AFRO",7,452,0,13
"2020-06-05","TG","Togo","AFRO",13,465,0,13
"2020-06-06","TG","Togo","AFRO",20,485,0,13
"2020-06-07","TG","Togo","AFRO",2,487,0,13
"2020-06-08","TG","Togo","AFRO",8,495,0,13
"2020-06-09","TG","Togo","AFRO",2,497,0,13
"2020-06-10","TG","Togo","AFRO",0,497,0,13
"2020-06-11","TG","Togo","AFRO",25,522,0,13
"2020-06-12","TG","Togo","AFRO",0,522,0,13
"2020-06-13","TG","Togo","AFRO",2,524,0,13
"2020-06-14","TG","Togo","AFRO",1,525,0,13
"2020-06-15","TG","Togo","AFRO",5,530,0,13
"2020-06-16","TG","Togo","AFRO",1,531,0,13
"2020-06-17","TG","Togo","AFRO",6,537,0,13
"2020-06-18","TG","Togo","AFRO",0,537,0,13
"2020-06-19","TG","Togo","AFRO",7,544,0,13
"2020-06-20","TG","Togo","AFRO",11,555,0,13
"2020-06-21","TG","Togo","AFRO",6,561,0,13
"2020-06-22","TG","Togo","AFRO",8,569,0,13
"2020-06-23","TG","Togo","AFRO",0,569,0,13
"2020-06-24","TG","Togo","AFRO",7,576,0,13
"2020-06-25","TG","Togo","AFRO",0,576,0,13
"2020-06-26","TG","Togo","AFRO",12,588,1,14
"2020-06-27","TG","Togo","AFRO",3,591,0,14
"2020-06-28","TG","Togo","AFRO",24,615,0,14
"2020-06-29","TG","Togo","AFRO",0,615,0,14
"2020-06-30","TG","Togo","AFRO",27,642,0,14
"2020-07-01","TG","Togo","AFRO",1,643,0,14
"2020-07-02","TG","Togo","AFRO",18,661,0,14
"2020-07-03","TG","Togo","AFRO",6,667,0,14
"2020-07-04","TG","Togo","AFRO",4,671,0,14
"2020-07-05","TG","Togo","AFRO",5,676,1,15
"2020-07-06","TG","Togo","AFRO",4,680,0,15
"2020-07-07","TG","Togo","AFRO",0,680,0,15
"2020-07-08","TG","Togo","AFRO",9,689,0,15
"2020-07-09","TG","Togo","AFRO",6,695,0,15
"2020-07-10","TG","Togo","AFRO",9,704,0,15
"2020-07-11","TG","Togo","AFRO",6,710,0,15
"2020-07-12","TG","Togo","AFRO",0,710,0,15
"2020-07-13","TG","Togo","AFRO",10,720,0,15
"2020-07-14","TG","Togo","AFRO",0,720,0,15
"2020-07-15","TG","Togo","AFRO",11,731,0,15
"2020-07-16","TG","Togo","AFRO",9,740,0,15
"2020-07-17","TG","Togo","AFRO",9,749,0,15
"2020-07-18","TG","Togo","AFRO",17,766,0,15
"2020-07-19","TG","Togo","AFRO",8,774,0,15
"2020-07-20","TG","Togo","AFRO",0,774,0,15
"2020-07-21","TG","Togo","AFRO",9,783,0,15
"2020-07-22","TG","Togo","AFRO",7,790,0,15
"2020-07-23","TG","Togo","AFRO",16,806,1,16
"2020-07-24","TG","Togo","AFRO",22,828,0,16
"2020-07-25","TG","Togo","AFRO",11,839,1,17
"2020-07-26","TG","Togo","AFRO",14,853,0,17
"2020-07-27","TG","Togo","AFRO",15,868,1,18
"2020-07-28","TG","Togo","AFRO",6,874,0,18
"2020-07-29","TG","Togo","AFRO",0,874,0,18
"2020-07-30","TG","Togo","AFRO",22,896,0,18
"2020-07-31","TG","Togo","AFRO",12,908,0,18
"2020-08-01","TG","Togo","AFRO",19,927,0,18
"2020-08-02","TG","Togo","AFRO",0,927,0,18
"2020-08-03","TG","Togo","AFRO",0,927,0,18
"2020-08-04","TG","Togo","AFRO",34,961,1,19
"2020-08-05","TG","Togo","AFRO",15,976,0,19
"2020-08-06","TG","Togo","AFRO",12,988,0,19
"2020-08-07","TG","Togo","AFRO",13,1001,2,21
"2020-08-08","TG","Togo","AFRO",11,1012,1,22
"2020-08-09","TG","Togo","AFRO",0,1012,0,22
"2020-08-10","TG","Togo","AFRO",34,1046,0,22
"2020-08-11","TG","Togo","AFRO",14,1060,1,23
"2020-08-12","TG","Togo","AFRO",7,1067,2,25
"2020-08-13","TG","Togo","AFRO",0,1067,0,25
"2020-08-14","TG","Togo","AFRO",25,1092,1,26
"2020-08-15","TG","Togo","AFRO",0,1092,0,26
"2020-08-16","TG","Togo","AFRO",0,1092,0,26
"2020-08-17","TG","Togo","AFRO",55,1147,1,27
"2020-08-18","TG","Togo","AFRO",0,1147,0,27
"2020-08-19","TG","Togo","AFRO",7,1154,0,27
"2020-08-20","TG","Togo","AFRO",19,1173,0,27
"2020-08-21","TG","Togo","AFRO",17,1190,0,27
"2020-08-22","TG","Togo","AFRO",22,1212,0,27
"2020-08-23","TG","Togo","AFRO",0,1212,0,27
"2020-08-24","TG","Togo","AFRO",65,1277,0,27
"2020-08-25","TG","Togo","AFRO",18,1295,0,27
"2020-08-26","TG","Togo","AFRO",14,1309,0,27
"2020-08-27","TG","Togo","AFRO",0,1309,0,27
"2020-08-28","TG","Togo","AFRO",17,1326,0,27
"2020-08-29","TG","Togo","AFRO",15,1341,0,27
"2020-08-30","TG","Togo","AFRO",49,1390,0,27
"2020-08-31","TG","Togo","AFRO",6,1396,0,27
"2020-09-01","TG","Togo","AFRO",0,1396,0,27
"2020-09-02","TG","Togo","AFRO",4,1400,0,27
"2020-09-03","TG","Togo","AFRO",16,1416,1,28
"2020-09-04","TG","Togo","AFRO",27,1443,3,31
"2020-09-05","TG","Togo","AFRO",0,1443,0,31
"2020-09-06","TG","Togo","AFRO",0,1443,0,31
"2020-09-07","TG","Togo","AFRO",14,1457,0,31
"2020-09-08","TG","Togo","AFRO",31,1488,1,32
"2020-09-09","TG","Togo","AFRO",5,1493,1,33
"2020-09-10","TG","Togo","AFRO",35,1528,3,36
"2020-09-11","TG","Togo","AFRO",9,1537,1,37
"2020-09-12","TG","Togo","AFRO",11,1548,0,37
"2020-09-13","TG","Togo","AFRO",7,1555,0,37
"2020-09-14","TG","Togo","AFRO",17,1572,0,37
"2020-09-15","TG","Togo","AFRO",6,1578,3,40
"2020-09-16","TG","Togo","AFRO",17,1595,0,40
"2020-09-17","TG","Togo","AFRO",13,1608,0,40
"2020-09-18","TG","Togo","AFRO",10,1618,1,41
"2020-09-19","TG","Togo","AFRO",22,1640,0,41
"2020-09-20","TG","Togo","AFRO",0,1640,0,41
"2020-09-21","TG","Togo","AFRO",26,1666,0,41
"2020-09-22","TG","Togo","AFRO",3,1669,0,41
"2020-09-23","TG","Togo","AFRO",14,1683,0,41
"2020-09-24","TG","Togo","AFRO",18,1701,0,41
"2020-09-25","TG","Togo","AFRO",6,1707,3,44
"2020-09-26","TG","Togo","AFRO",15,1722,0,44
"2020-09-27","TG","Togo","AFRO",14,1736,2,46
"2020-09-28","TG","Togo","AFRO",7,1743,0,46
"2020-09-29","TG","Togo","AFRO",6,1749,1,47
"2020-09-30","TG","Togo","AFRO",10,1759,1,48
"2020-10-01","TG","Togo","AFRO",25,1784,0,48
"2020-10-02","TG","Togo","AFRO",25,1809,0,48
"2020-10-03","TG","Togo","AFRO",9,1818,0,48
"2020-10-04","TG","Togo","AFRO",22,1840,0,48
"2020-10-05","TG","Togo","AFRO",14,1854,0,48
"2020-10-06","TG","Togo","AFRO",10,1864,0,48
"2020-10-07","TG","Togo","AFRO",17,1881,1,49
"2020-10-08","TG","Togo","AFRO",17,1898,0,49
"2020-10-09","TG","Togo","AFRO",9,1907,0,49
"2020-10-10","TG","Togo","AFRO",0,1907,0,49
"2020-10-11","TG","Togo","AFRO",28,1935,0,49
"2020-10-12","TG","Togo","AFRO",5,1940,0,49
"2020-10-13","TG","Togo","AFRO",9,1949,0,49
"2020-10-14","TG","Togo","AFRO",23,1972,1,50
"2020-10-15","TG","Togo","AFRO",0,1972,0,50
"2020-10-16","TG","Togo","AFRO",24,1996,1,51
"2020-10-17","TG","Togo","AFRO",31,2027,0,51
"2020-10-18","TG","Togo","AFRO",22,2049,0,51
"2020-10-19","TG","Togo","AFRO",8,2057,0,51
"2020-10-20","TG","Togo","AFRO",14,2071,0,51
"2020-10-21","TG","Togo","AFRO",33,2104,0,51
"2020-10-22","TG","Togo","AFRO",16,2120,0,51
"2020-10-23","TG","Togo","AFRO",19,2139,1,52
"2020-10-24","TG","Togo","AFRO",23,2162,0,52
"2020-10-25","TG","Togo","AFRO",0,2162,0,52
"2020-10-26","TG","Togo","AFRO",0,2162,0,52
"2020-10-27","TG","Togo","AFRO",25,2187,0,52
"2020-10-28","TG","Togo","AFRO",0,2187,0,52
"2020-10-29","TG","Togo","AFRO",51,2238,2,54
"2020-10-30","TG","Togo","AFRO",58,2296,1,55
"2020-10-31","TG","Togo","AFRO",0,2296,0,55
"2020-11-01","TG","Togo","AFRO",0,2296,0,55
"2020-11-02","TG","Togo","AFRO",61,2357,2,57
"2020-11-03","TG","Togo","AFRO",0,2357,0,57
"2020-11-04","TG","Togo","AFRO",24,2381,0,57
"2020-11-05","TG","Togo","AFRO",0,2381,0,57
"2020-11-06","TG","Togo","AFRO",61,2442,0,57
"2020-11-07","TG","Togo","AFRO",0,2442,0,57
"2020-11-08","TG","Togo","AFRO",0,2442,0,57
"2020-11-09","TG","Togo","AFRO",41,2483,0,57
"2020-11-10","TG","Togo","AFRO",33,2516,0,57
"2020-11-11","TG","Togo","AFRO",42,2558,0,57
"2020-11-12","TG","Togo","AFRO",0,2558,0,57
"2020-11-13","TG","Togo","AFRO",47,2605,3,60
"2020-11-14","TG","Togo","AFRO",0,2605,0,60
"2020-11-15","TG","Togo","AFRO",0,2605,0,60
"2020-11-16","TG","Togo","AFRO",0,2605,0,60
"2020-11-17","TG","Togo","AFRO",0,2605,0,60
"2020-11-18","TG","Togo","AFRO",117,2722,2,62
"2020-11-19","TG","Togo","AFRO",30,2752,1,63
"2020-11-20","TG","Togo","AFRO",19,2771,0,63
"2020-11-21","TG","Togo","AFRO",0,2771,0,63
"2020-11-22","TG","Togo","AFRO",0,2771,0,63
"2020-11-23","TG","Togo","AFRO",58,2829,1,64
"2020-11-24","TG","Togo","AFRO",0,2829,0,64
"2020-11-25","TG","Togo","AFRO",28,2857,0,64
"2020-11-26","TG","Togo","AFRO",15,2872,0,64
"2020-11-27","TG","Togo","AFRO",0,2872,0,64
"2020-11-28","TG","Togo","AFRO",54,2926,0,64
"2020-11-29","TG","Togo","AFRO",0,2926,0,64
"2020-11-30","TG","Togo","AFRO",20,2946,0,64
"2020-12-01","TG","Togo","AFRO",0,2946,0,64
"2020-12-02","TG","Togo","AFRO",0,2946,0,64
"2020-12-03","TG","Togo","AFRO",68,3014,1,65
"2020-12-04","TG","Togo","AFRO",0,3014,0,65
"2020-12-05","TG","Togo","AFRO",37,3051,0,65
"2020-12-06","TG","Togo","AFRO",0,3051,0,65
"2020-12-07","TG","Togo","AFRO",34,3085,0,65
"2020-12-08","TG","Togo","AFRO",10,3095,0,65
"2020-12-09","TG","Togo","AFRO",37,3132,0,65
"2020-12-10","TG","Togo","AFRO",0,3132,0,65
"2020-12-11","TG","Togo","AFRO",0,3132,0,65
"2020-12-12","TG","Togo","AFRO",0,3132,0,65
