"Fecha_de_reporte","Codigo_pais","Paises","Region","Casos_nuevos","Casos_acumulados","defunciones_nuevas","defunciones_acumuladas"
"2020-01-03","TN","Tunisia","EMRO",0,0,0,0
"2020-01-04","TN","Tunisia","EMRO",0,0,0,0
"2020-01-05","TN","Tunisia","EMRO",0,0,0,0
"2020-01-06","TN","Tunisia","EMRO",0,0,0,0
"2020-01-07","TN","Tunisia","EMRO",0,0,0,0
"2020-01-08","TN","Tunisia","EMRO",0,0,0,0
"2020-01-09","TN","Tunisia","EMRO",0,0,0,0
"2020-01-10","TN","Tunisia","EMRO",0,0,0,0
"2020-01-11","TN","Tunisia","EMRO",0,0,0,0
"2020-01-12","TN","Tunisia","EMRO",0,0,0,0
"2020-01-13","TN","Tunisia","EMRO",0,0,0,0
"2020-01-14","TN","Tunisia","EMRO",0,0,0,0
"2020-01-15","TN","Tunisia","EMRO",0,0,0,0
"2020-01-16","TN","Tunisia","EMRO",0,0,0,0
"2020-01-17","TN","Tunisia","EMRO",0,0,0,0
"2020-01-18","TN","Tunisia","EMRO",0,0,0,0
"2020-01-19","TN","Tunisia","EMRO",0,0,0,0
"2020-01-20","TN","Tunisia","EMRO",0,0,0,0
"2020-01-21","TN","Tunisia","EMRO",0,0,0,0
"2020-01-22","TN","Tunisia","EMRO",0,0,0,0
"2020-01-23","TN","Tunisia","EMRO",0,0,0,0
"2020-01-24","TN","Tunisia","EMRO",0,0,0,0
"2020-01-25","TN","Tunisia","EMRO",0,0,0,0
"2020-01-26","TN","Tunisia","EMRO",0,0,0,0
"2020-01-27","TN","Tunisia","EMRO",0,0,0,0
"2020-01-28","TN","Tunisia","EMRO",0,0,0,0
"2020-01-29","TN","Tunisia","EMRO",0,0,0,0
"2020-01-30","TN","Tunisia","EMRO",0,0,0,0
"2020-01-31","TN","Tunisia","EMRO",0,0,0,0
"2020-02-01","TN","Tunisia","EMRO",0,0,0,0
"2020-02-02","TN","Tunisia","EMRO",0,0,0,0
"2020-02-03","TN","Tunisia","EMRO",0,0,0,0
"2020-02-04","TN","Tunisia","EMRO",0,0,0,0
"2020-02-05","TN","Tunisia","EMRO",0,0,0,0
"2020-02-06","TN","Tunisia","EMRO",0,0,0,0
"2020-02-07","TN","Tunisia","EMRO",0,0,0,0
"2020-02-08","TN","Tunisia","EMRO",0,0,0,0
"2020-02-09","TN","Tunisia","EMRO",0,0,0,0
"2020-02-10","TN","Tunisia","EMRO",0,0,0,0
"2020-02-11","TN","Tunisia","EMRO",0,0,0,0
"2020-02-12","TN","Tunisia","EMRO",0,0,0,0
"2020-02-13","TN","Tunisia","EMRO",0,0,0,0
"2020-02-14","TN","Tunisia","EMRO",0,0,0,0
"2020-02-15","TN","Tunisia","EMRO",0,0,0,0
"2020-02-16","TN","Tunisia","EMRO",0,0,0,0
"2020-02-17","TN","Tunisia","EMRO",0,0,0,0
"2020-02-18","TN","Tunisia","EMRO",0,0,0,0
"2020-02-19","TN","Tunisia","EMRO",0,0,0,0
"2020-02-20","TN","Tunisia","EMRO",0,0,0,0
"2020-02-21","TN","Tunisia","EMRO",0,0,0,0
"2020-02-22","TN","Tunisia","EMRO",0,0,0,0
"2020-02-23","TN","Tunisia","EMRO",0,0,0,0
"2020-02-24","TN","Tunisia","EMRO",0,0,0,0
"2020-02-25","TN","Tunisia","EMRO",0,0,0,0
"2020-02-26","TN","Tunisia","EMRO",0,0,0,0
"2020-02-27","TN","Tunisia","EMRO",0,0,0,0
"2020-02-28","TN","Tunisia","EMRO",0,0,0,0
"2020-02-29","TN","Tunisia","EMRO",0,0,0,0
"2020-03-01","TN","Tunisia","EMRO",0,0,0,0
"2020-03-02","TN","Tunisia","EMRO",5,5,0,0
"2020-03-03","TN","Tunisia","EMRO",0,5,0,0
"2020-03-04","TN","Tunisia","EMRO",0,5,0,0
"2020-03-05","TN","Tunisia","EMRO",0,5,0,0
"2020-03-06","TN","Tunisia","EMRO",0,5,0,0
"2020-03-07","TN","Tunisia","EMRO",0,5,0,0
"2020-03-08","TN","Tunisia","EMRO",1,6,0,0
"2020-03-09","TN","Tunisia","EMRO",0,6,0,0
"2020-03-10","TN","Tunisia","EMRO",4,10,0,0
"2020-03-11","TN","Tunisia","EMRO",0,10,0,0
"2020-03-12","TN","Tunisia","EMRO",1,11,0,0
"2020-03-13","TN","Tunisia","EMRO",0,11,0,0
"2020-03-14","TN","Tunisia","EMRO",9,20,0,0
"2020-03-15","TN","Tunisia","EMRO",2,22,0,0
"2020-03-16","TN","Tunisia","EMRO",2,24,0,0
"2020-03-17","TN","Tunisia","EMRO",4,28,0,0
"2020-03-18","TN","Tunisia","EMRO",5,33,0,0
"2020-03-19","TN","Tunisia","EMRO",6,39,0,0
"2020-03-20","TN","Tunisia","EMRO",15,54,1,1
"2020-03-21","TN","Tunisia","EMRO",6,60,0,1
"2020-03-22","TN","Tunisia","EMRO",15,75,2,3
"2020-03-23","TN","Tunisia","EMRO",14,89,0,3
"2020-03-24","TN","Tunisia","EMRO",25,114,0,3
"2020-03-25","TN","Tunisia","EMRO",59,173,2,5
"2020-03-26","TN","Tunisia","EMRO",0,173,0,5
"2020-03-27","TN","Tunisia","EMRO",54,227,1,6
"2020-03-28","TN","Tunisia","EMRO",0,227,0,6
"2020-03-29","TN","Tunisia","EMRO",51,278,2,8
"2020-03-30","TN","Tunisia","EMRO",34,312,0,8
"2020-03-31","TN","Tunisia","EMRO",50,362,1,9
"2020-04-01","TN","Tunisia","EMRO",32,394,1,10
"2020-04-02","TN","Tunisia","EMRO",61,455,3,13
"2020-04-03","TN","Tunisia","EMRO",40,495,5,18
"2020-04-04","TN","Tunisia","EMRO",0,495,0,18
"2020-04-05","TN","Tunisia","EMRO",58,553,1,19
"2020-04-06","TN","Tunisia","EMRO",21,574,3,22
"2020-04-07","TN","Tunisia","EMRO",22,596,0,22
"2020-04-08","TN","Tunisia","EMRO",27,623,1,23
"2020-04-09","TN","Tunisia","EMRO",5,628,1,24
"2020-04-10","TN","Tunisia","EMRO",15,643,1,25
"2020-04-11","TN","Tunisia","EMRO",28,671,0,25
"2020-04-12","TN","Tunisia","EMRO",14,685,3,28
"2020-04-13","TN","Tunisia","EMRO",22,707,3,31
"2020-04-14","TN","Tunisia","EMRO",19,726,3,34
"2020-04-15","TN","Tunisia","EMRO",21,747,0,34
"2020-04-16","TN","Tunisia","EMRO",33,780,1,35
"2020-04-17","TN","Tunisia","EMRO",42,822,2,37
"2020-04-18","TN","Tunisia","EMRO",42,864,0,37
"2020-04-19","TN","Tunisia","EMRO",2,866,0,37
"2020-04-20","TN","Tunisia","EMRO",13,879,1,38
"2020-04-21","TN","Tunisia","EMRO",5,884,0,38
"2020-04-22","TN","Tunisia","EMRO",17,901,0,38
"2020-04-23","TN","Tunisia","EMRO",8,909,0,38
"2020-04-24","TN","Tunisia","EMRO",9,918,0,38
"2020-04-25","TN","Tunisia","EMRO",4,922,0,38
"2020-04-26","TN","Tunisia","EMRO",17,939,0,38
"2020-04-27","TN","Tunisia","EMRO",10,949,0,38
"2020-04-28","TN","Tunisia","EMRO",18,967,1,39
"2020-04-29","TN","Tunisia","EMRO",8,975,1,40
"2020-04-30","TN","Tunisia","EMRO",5,980,0,40
"2020-05-01","TN","Tunisia","EMRO",14,994,1,41
"2020-05-02","TN","Tunisia","EMRO",4,998,0,41
"2020-05-03","TN","Tunisia","EMRO",11,1009,1,42
"2020-05-04","TN","Tunisia","EMRO",4,1013,0,42
"2020-05-05","TN","Tunisia","EMRO",5,1018,1,43
"2020-05-06","TN","Tunisia","EMRO",4,1022,0,43
"2020-05-07","TN","Tunisia","EMRO",3,1025,0,43
"2020-05-08","TN","Tunisia","EMRO",1,1026,1,44
"2020-05-09","TN","Tunisia","EMRO",4,1030,1,45
"2020-05-10","TN","Tunisia","EMRO",2,1032,0,45
"2020-05-11","TN","Tunisia","EMRO",0,1032,0,45
"2020-05-12","TN","Tunisia","EMRO",0,1032,0,45
"2020-05-13","TN","Tunisia","EMRO",0,1032,0,45
"2020-05-14","TN","Tunisia","EMRO",0,1032,0,45
"2020-05-15","TN","Tunisia","EMRO",0,1032,0,45
"2020-05-16","TN","Tunisia","EMRO",3,1035,0,45
"2020-05-17","TN","Tunisia","EMRO",2,1037,0,45
"2020-05-18","TN","Tunisia","EMRO",0,1037,0,45
"2020-05-19","TN","Tunisia","EMRO",6,1043,1,46
"2020-05-20","TN","Tunisia","EMRO",1,1044,1,47
"2020-05-21","TN","Tunisia","EMRO",1,1045,0,47
"2020-05-22","TN","Tunisia","EMRO",1,1046,0,47
"2020-05-23","TN","Tunisia","EMRO",2,1048,0,47
"2020-05-24","TN","Tunisia","EMRO",0,1048,1,48
"2020-05-25","TN","Tunisia","EMRO",3,1051,0,48
"2020-05-26","TN","Tunisia","EMRO",0,1051,0,48
"2020-05-27","TN","Tunisia","EMRO",0,1051,0,48
"2020-05-28","TN","Tunisia","EMRO",17,1068,0,48
"2020-05-29","TN","Tunisia","EMRO",3,1071,0,48
"2020-05-30","TN","Tunisia","EMRO",5,1076,0,48
"2020-05-31","TN","Tunisia","EMRO",1,1077,0,48
"2020-06-01","TN","Tunisia","EMRO",7,1084,0,48
"2020-06-02","TN","Tunisia","EMRO",2,1086,0,48
"2020-06-03","TN","Tunisia","EMRO",1,1087,1,49
"2020-06-04","TN","Tunisia","EMRO",0,1087,0,49
"2020-06-05","TN","Tunisia","EMRO",0,1087,0,49
"2020-06-06","TN","Tunisia","EMRO",0,1087,0,49
"2020-06-07","TN","Tunisia","EMRO",0,1087,0,49
"2020-06-08","TN","Tunisia","EMRO",0,1087,0,49
"2020-06-09","TN","Tunisia","EMRO",0,1087,0,49
"2020-06-10","TN","Tunisia","EMRO",0,1087,0,49
"2020-06-11","TN","Tunisia","EMRO",0,1087,0,49
"2020-06-12","TN","Tunisia","EMRO",6,1093,0,49
"2020-06-13","TN","Tunisia","EMRO",1,1094,0,49
"2020-06-14","TN","Tunisia","EMRO",2,1096,0,49
"2020-06-15","TN","Tunisia","EMRO",14,1110,0,49
"2020-06-16","TN","Tunisia","EMRO",15,1125,0,49
"2020-06-17","TN","Tunisia","EMRO",3,1128,1,50
"2020-06-18","TN","Tunisia","EMRO",4,1132,0,50
"2020-06-19","TN","Tunisia","EMRO",14,1146,0,50
"2020-06-20","TN","Tunisia","EMRO",10,1156,0,50
"2020-06-21","TN","Tunisia","EMRO",1,1157,0,50
"2020-06-22","TN","Tunisia","EMRO",2,1159,0,50
"2020-06-23","TN","Tunisia","EMRO",0,1159,0,50
"2020-06-24","TN","Tunisia","EMRO",1,1160,0,50
"2020-06-25","TN","Tunisia","EMRO",2,1162,0,50
"2020-06-26","TN","Tunisia","EMRO",2,1164,0,50
"2020-06-27","TN","Tunisia","EMRO",4,1168,0,50
"2020-06-28","TN","Tunisia","EMRO",1,1169,0,50
"2020-06-29","TN","Tunisia","EMRO",3,1172,0,50
"2020-06-30","TN","Tunisia","EMRO",2,1174,0,50
"2020-07-01","TN","Tunisia","EMRO",1,1175,0,50
"2020-07-02","TN","Tunisia","EMRO",3,1178,0,50
"2020-07-03","TN","Tunisia","EMRO",3,1181,0,50
"2020-07-04","TN","Tunisia","EMRO",5,1186,0,50
"2020-07-05","TN","Tunisia","EMRO",2,1188,0,50
"2020-07-06","TN","Tunisia","EMRO",11,1199,0,50
"2020-07-07","TN","Tunisia","EMRO",6,1205,0,50
"2020-07-08","TN","Tunisia","EMRO",16,1221,0,50
"2020-07-09","TN","Tunisia","EMRO",10,1231,0,50
"2020-07-10","TN","Tunisia","EMRO",9,1240,0,50
"2020-07-11","TN","Tunisia","EMRO",5,1245,0,50
"2020-07-12","TN","Tunisia","EMRO",18,1263,0,50
"2020-07-13","TN","Tunisia","EMRO",39,1302,0,50
"2020-07-14","TN","Tunisia","EMRO",4,1306,0,50
"2020-07-15","TN","Tunisia","EMRO",13,1319,0,50
"2020-07-16","TN","Tunisia","EMRO",8,1327,0,50
"2020-07-17","TN","Tunisia","EMRO",9,1336,0,50
"2020-07-18","TN","Tunisia","EMRO",12,1348,0,50
"2020-07-19","TN","Tunisia","EMRO",26,1374,0,50
"2020-07-20","TN","Tunisia","EMRO",7,1381,0,50
"2020-07-21","TN","Tunisia","EMRO",8,1389,0,50
"2020-07-22","TN","Tunisia","EMRO",5,1394,0,50
"2020-07-23","TN","Tunisia","EMRO",12,1406,0,50
"2020-07-24","TN","Tunisia","EMRO",19,1425,0,50
"2020-07-25","TN","Tunisia","EMRO",18,1443,0,50
"2020-07-26","TN","Tunisia","EMRO",9,1452,0,50
"2020-07-27","TN","Tunisia","EMRO",3,1455,0,50
"2020-07-28","TN","Tunisia","EMRO",13,1468,0,50
"2020-07-29","TN","Tunisia","EMRO",20,1488,0,50
"2020-07-30","TN","Tunisia","EMRO",26,1514,0,50
"2020-07-31","TN","Tunisia","EMRO",21,1535,0,50
"2020-08-01","TN","Tunisia","EMRO",17,1552,1,51
"2020-08-02","TN","Tunisia","EMRO",9,1561,0,51
"2020-08-03","TN","Tunisia","EMRO",4,1565,0,51
"2020-08-04","TN","Tunisia","EMRO",19,1584,0,51
"2020-08-05","TN","Tunisia","EMRO",17,1601,0,51
"2020-08-06","TN","Tunisia","EMRO",41,1642,0,51
"2020-08-07","TN","Tunisia","EMRO",14,1656,0,51
"2020-08-08","TN","Tunisia","EMRO",22,1678,0,51
"2020-08-09","TN","Tunisia","EMRO",19,1697,0,51
"2020-08-10","TN","Tunisia","EMRO",20,1717,0,51
"2020-08-11","TN","Tunisia","EMRO",21,1738,1,52
"2020-08-12","TN","Tunisia","EMRO",42,1780,0,52
"2020-08-13","TN","Tunisia","EMRO",67,1847,1,53
"2020-08-14","TN","Tunisia","EMRO",56,1903,0,53
"2020-08-15","TN","Tunisia","EMRO",120,2023,1,54
"2020-08-16","TN","Tunisia","EMRO",84,2107,0,54
"2020-08-17","TN","Tunisia","EMRO",78,2185,2,56
"2020-08-18","TN","Tunisia","EMRO",129,2314,1,57
"2020-08-19","TN","Tunisia","EMRO",113,2427,3,60
"2020-08-20","TN","Tunisia","EMRO",116,2543,3,63
"2020-08-21","TN","Tunisia","EMRO",64,2607,0,63
"2020-08-22","TN","Tunisia","EMRO",131,2738,5,68
"2020-08-23","TN","Tunisia","EMRO",80,2818,3,71
"2020-08-24","TN","Tunisia","EMRO",75,2893,0,71
"2020-08-25","TN","Tunisia","EMRO",176,3069,0,71
"2020-08-26","TN","Tunisia","EMRO",137,3206,0,71
"2020-08-27","TN","Tunisia","EMRO",117,3323,2,73
"2020-08-28","TN","Tunisia","EMRO",138,3461,1,74
"2020-08-29","TN","Tunisia","EMRO",111,3572,2,76
"2020-08-30","TN","Tunisia","EMRO",113,3685,0,76
"2020-08-31","TN","Tunisia","EMRO",118,3803,1,77
"2020-09-01","TN","Tunisia","EMRO",160,3963,3,80
"2020-09-02","TN","Tunisia","EMRO",233,4196,1,81
"2020-09-03","TN","Tunisia","EMRO",198,4394,3,84
"2020-09-04","TN","Tunisia","EMRO",148,4542,3,87
"2020-09-05","TN","Tunisia","EMRO",234,4776,6,93
"2020-09-06","TN","Tunisia","EMRO",265,5041,0,93
"2020-09-07","TN","Tunisia","EMRO",83,5124,1,94
"2020-09-08","TN","Tunisia","EMRO",293,5417,2,96
"2020-09-09","TN","Tunisia","EMRO",465,5882,3,99
"2020-09-10","TN","Tunisia","EMRO",377,6259,4,103
"2020-09-11","TN","Tunisia","EMRO",376,6635,4,107
"2020-09-12","TN","Tunisia","EMRO",0,6635,0,107
"2020-09-13","TN","Tunisia","EMRO",747,7382,10,117
"2020-09-14","TN","Tunisia","EMRO",241,7623,6,123
"2020-09-15","TN","Tunisia","EMRO",477,8100,6,129
"2020-09-16","TN","Tunisia","EMRO",470,8570,4,133
"2020-09-17","TN","Tunisia","EMRO",540,9110,5,138
"2020-09-18","TN","Tunisia","EMRO",626,9736,17,155
"2020-09-19","TN","Tunisia","EMRO",0,9736,0,155
"2020-09-20","TN","Tunisia","EMRO",996,10732,4,159
"2020-09-21","TN","Tunisia","EMRO",528,11260,5,164
"2020-09-22","TN","Tunisia","EMRO",0,11260,0,164
"2020-09-23","TN","Tunisia","EMRO",1219,12479,10,174
"2020-09-24","TN","Tunisia","EMRO",826,13305,6,180
"2020-09-25","TN","Tunisia","EMRO",1087,14392,11,191
"2020-09-26","TN","Tunisia","EMRO",786,15178,16,207
"2020-09-27","TN","Tunisia","EMRO",936,16114,7,214
"2020-09-28","TN","Tunisia","EMRO",0,16114,0,214
"2020-09-29","TN","Tunisia","EMRO",1291,17405,32,246
"2020-09-30","TN","Tunisia","EMRO",1008,18413,19,265
"2020-10-01","TN","Tunisia","EMRO",1308,19721,6,271
"2020-10-02","TN","Tunisia","EMRO",1223,20944,5,276
"2020-10-03","TN","Tunisia","EMRO",0,20944,0,276
"2020-10-04","TN","Tunisia","EMRO",2509,23453,45,321
"2020-10-05","TN","Tunisia","EMRO",0,23453,0,321
"2020-10-06","TN","Tunisia","EMRO",2312,25765,43,364
"2020-10-07","TN","Tunisia","EMRO",0,25765,0,364
"2020-10-08","TN","Tunisia","EMRO",2357,28122,45,409
"2020-10-09","TN","Tunisia","EMRO",0,28122,0,409
"2020-10-10","TN","Tunisia","EMRO",3137,31259,47,456
"2020-10-11","TN","Tunisia","EMRO",1297,32556,22,478
"2020-10-12","TN","Tunisia","EMRO",0,32556,0,478
"2020-10-13","TN","Tunisia","EMRO",2234,34790,34,512
"2020-10-14","TN","Tunisia","EMRO",0,34790,0,512
"2020-10-15","TN","Tunisia","EMRO",0,34790,0,512
"2020-10-16","TN","Tunisia","EMRO",0,34790,0,512
"2020-10-17","TN","Tunisia","EMRO",5752,40542,114,626
"2020-10-18","TN","Tunisia","EMRO",0,40542,0,626
"2020-10-19","TN","Tunisia","EMRO",2185,42727,61,687
"2020-10-20","TN","Tunisia","EMRO",1723,44450,24,711
"2020-10-21","TN","Tunisia","EMRO",1442,45892,29,740
"2020-10-22","TN","Tunisia","EMRO",1322,47214,44,784
"2020-10-23","TN","Tunisia","EMRO",1585,48799,35,819
"2020-10-24","TN","Tunisia","EMRO",1606,50405,58,877
"2020-10-25","TN","Tunisia","EMRO",1994,52399,106,983
"2020-10-26","TN","Tunisia","EMRO",0,52399,0,983
"2020-10-27","TN","Tunisia","EMRO",1879,54278,170,1153
"2020-10-28","TN","Tunisia","EMRO",0,54278,0,1153
"2020-10-29","TN","Tunisia","EMRO",0,54278,0,1153
"2020-10-30","TN","Tunisia","EMRO",3751,58029,100,1253
"2020-10-31","TN","Tunisia","EMRO",1784,59813,64,1317
"2020-11-01","TN","Tunisia","EMRO",1302,61115,31,1348
"2020-11-02","TN","Tunisia","EMRO",791,61906,33,1381
"2020-11-03","TN","Tunisia","EMRO",1220,63126,102,1483
"2020-11-04","TN","Tunisia","EMRO",1237,64363,29,1512
"2020-11-05","TN","Tunisia","EMRO",1971,66334,65,1577
"2020-11-06","TN","Tunisia","EMRO",0,66334,144,1721
"2020-11-07","TN","Tunisia","EMRO",1625,67959,66,1787
"2020-11-08","TN","Tunisia","EMRO",1584,69543,61,1848
"2020-11-09","TN","Tunisia","EMRO",1588,71131,25,1873
"2020-11-10","TN","Tunisia","EMRO",438,71569,47,1920
"2020-11-11","TN","Tunisia","EMRO",1424,72993,86,2006
"2020-11-12","TN","Tunisia","EMRO",1529,74522,94,2100
"2020-11-13","TN","Tunisia","EMRO",1584,76106,51,2151
"2020-11-14","TN","Tunisia","EMRO",1562,77668,58,2209
"2020-11-15","TN","Tunisia","EMRO",1671,79339,70,2279
"2020-11-16","TN","Tunisia","EMRO",1065,80404,66,2345
"2020-11-17","TN","Tunisia","EMRO",599,81003,44,2389
"2020-11-18","TN","Tunisia","EMRO",720,81723,56,2445
"2020-11-19","TN","Tunisia","EMRO",2049,83772,96,2541
"2020-11-20","TN","Tunisia","EMRO",1270,85042,73,2614
"2020-11-21","TN","Tunisia","EMRO",1223,86265,70,2684
"2020-11-22","TN","Tunisia","EMRO",1206,87471,68,2752
"2020-11-23","TN","Tunisia","EMRO",1240,88711,69,2821
"2020-11-24","TN","Tunisia","EMRO",485,89196,41,2862
"2020-11-25","TN","Tunisia","EMRO",1017,90213,73,2935
"2020-11-26","TN","Tunisia","EMRO",1094,91307,48,2983
"2020-11-27","TN","Tunisia","EMRO",1168,92475,51,3034
"2020-11-28","TN","Tunisia","EMRO",1295,93770,72,3106
"2020-11-29","TN","Tunisia","EMRO",1210,94980,47,3153
"2020-11-30","TN","Tunisia","EMRO",1271,96251,66,3219
"2020-12-01","TN","Tunisia","EMRO",518,96769,41,3260
"2020-12-02","TN","Tunisia","EMRO",1303,98072,51,3311
"2020-12-03","TN","Tunisia","EMRO",1208,99280,48,3359
"2020-12-04","TN","Tunisia","EMRO",1403,100683,56,3415
"2020-12-05","TN","Tunisia","EMRO",1217,101900,66,3481
"2020-12-06","TN","Tunisia","EMRO",1091,102991,45,3526
"2020-12-07","TN","Tunisia","EMRO",1011,104002,35,3561
"2020-12-08","TN","Tunisia","EMRO",327,104329,35,3596
"2020-12-09","TN","Tunisia","EMRO",1116,105445,72,3668
"2020-12-10","TN","Tunisia","EMRO",1411,106856,49,3717
"2020-12-11","TN","Tunisia","EMRO",958,107814,41,3758
"2020-12-12","TN","Tunisia","EMRO",1290,109104,43,3801
