"Fecha_de_reporte","Codigo_pais","Paises","Region","Casos_nuevos","Casos_acumulados","defunciones_nuevas","defunciones_acumuladas"
"2020-01-03","TR","Turkey","EURO",0,0,0,0
"2020-01-04","TR","Turkey","EURO",0,0,0,0
"2020-01-05","TR","Turkey","EURO",0,0,0,0
"2020-01-06","TR","Turkey","EURO",0,0,0,0
"2020-01-07","TR","Turkey","EURO",0,0,0,0
"2020-01-08","TR","Turkey","EURO",0,0,0,0
"2020-01-09","TR","Turkey","EURO",0,0,0,0
"2020-01-10","TR","Turkey","EURO",0,0,0,0
"2020-01-11","TR","Turkey","EURO",0,0,0,0
"2020-01-12","TR","Turkey","EURO",0,0,0,0
"2020-01-13","TR","Turkey","EURO",0,0,0,0
"2020-01-14","TR","Turkey","EURO",0,0,0,0
"2020-01-15","TR","Turkey","EURO",0,0,0,0
"2020-01-16","TR","Turkey","EURO",0,0,0,0
"2020-01-17","TR","Turkey","EURO",0,0,0,0
"2020-01-18","TR","Turkey","EURO",0,0,0,0
"2020-01-19","TR","Turkey","EURO",0,0,0,0
"2020-01-20","TR","Turkey","EURO",0,0,0,0
"2020-01-21","TR","Turkey","EURO",0,0,0,0
"2020-01-22","TR","Turkey","EURO",0,0,0,0
"2020-01-23","TR","Turkey","EURO",0,0,0,0
"2020-01-24","TR","Turkey","EURO",0,0,0,0
"2020-01-25","TR","Turkey","EURO",0,0,0,0
"2020-01-26","TR","Turkey","EURO",0,0,0,0
"2020-01-27","TR","Turkey","EURO",0,0,0,0
"2020-01-28","TR","Turkey","EURO",0,0,0,0
"2020-01-29","TR","Turkey","EURO",0,0,0,0
"2020-01-30","TR","Turkey","EURO",0,0,0,0
"2020-01-31","TR","Turkey","EURO",0,0,0,0
"2020-02-01","TR","Turkey","EURO",0,0,0,0
"2020-02-02","TR","Turkey","EURO",0,0,0,0
"2020-02-03","TR","Turkey","EURO",0,0,0,0
"2020-02-04","TR","Turkey","EURO",0,0,0,0
"2020-02-05","TR","Turkey","EURO",0,0,0,0
"2020-02-06","TR","Turkey","EURO",0,0,0,0
"2020-02-07","TR","Turkey","EURO",0,0,0,0
"2020-02-08","TR","Turkey","EURO",0,0,0,0
"2020-02-09","TR","Turkey","EURO",0,0,0,0
"2020-02-10","TR","Turkey","EURO",0,0,0,0
"2020-02-11","TR","Turkey","EURO",0,0,0,0
"2020-02-12","TR","Turkey","EURO",0,0,0,0
"2020-02-13","TR","Turkey","EURO",0,0,0,0
"2020-02-14","TR","Turkey","EURO",0,0,0,0
"2020-02-15","TR","Turkey","EURO",0,0,0,0
"2020-02-16","TR","Turkey","EURO",0,0,0,0
"2020-02-17","TR","Turkey","EURO",0,0,0,0
"2020-02-18","TR","Turkey","EURO",0,0,0,0
"2020-02-19","TR","Turkey","EURO",0,0,0,0
"2020-02-20","TR","Turkey","EURO",0,0,0,0
"2020-02-21","TR","Turkey","EURO",0,0,0,0
"2020-02-22","TR","Turkey","EURO",0,0,0,0
"2020-02-23","TR","Turkey","EURO",0,0,0,0
"2020-02-24","TR","Turkey","EURO",0,0,0,0
"2020-02-25","TR","Turkey","EURO",0,0,0,0
"2020-02-26","TR","Turkey","EURO",0,0,0,0
"2020-02-27","TR","Turkey","EURO",0,0,0,0
"2020-02-28","TR","Turkey","EURO",0,0,0,0
"2020-02-29","TR","Turkey","EURO",0,0,0,0
"2020-03-01","TR","Turkey","EURO",0,0,0,0
"2020-03-02","TR","Turkey","EURO",0,0,0,0
"2020-03-03","TR","Turkey","EURO",0,0,0,0
"2020-03-04","TR","Turkey","EURO",0,0,0,0
"2020-03-05","TR","Turkey","EURO",0,0,0,0
"2020-03-06","TR","Turkey","EURO",0,0,0,0
"2020-03-07","TR","Turkey","EURO",0,0,0,0
"2020-03-08","TR","Turkey","EURO",0,0,0,0
"2020-03-09","TR","Turkey","EURO",0,0,0,0
"2020-03-10","TR","Turkey","EURO",0,0,0,0
"2020-03-11","TR","Turkey","EURO",1,1,0,0
"2020-03-12","TR","Turkey","EURO",0,1,0,0
"2020-03-13","TR","Turkey","EURO",0,1,0,0
"2020-03-14","TR","Turkey","EURO",4,5,0,0
"2020-03-15","TR","Turkey","EURO",1,6,0,0
"2020-03-16","TR","Turkey","EURO",12,18,0,0
"2020-03-17","TR","Turkey","EURO",29,47,0,0
"2020-03-18","TR","Turkey","EURO",51,98,0,0
"2020-03-19","TR","Turkey","EURO",93,191,2,2
"2020-03-20","TR","Turkey","EURO",0,191,0,2
"2020-03-21","TR","Turkey","EURO",479,670,7,9
"2020-03-22","TR","Turkey","EURO",277,947,12,21
"2020-03-23","TR","Turkey","EURO",289,1236,9,30
"2020-03-24","TR","Turkey","EURO",293,1529,7,37
"2020-03-25","TR","Turkey","EURO",343,1872,7,44
"2020-03-26","TR","Turkey","EURO",561,2433,15,59
"2020-03-27","TR","Turkey","EURO",1196,3629,16,75
"2020-03-28","TR","Turkey","EURO",2069,5698,17,92
"2020-03-29","TR","Turkey","EURO",1704,7402,16,108
"2020-03-30","TR","Turkey","EURO",1869,9271,23,131
"2020-03-31","TR","Turkey","EURO",1556,10827,37,168
"2020-04-01","TR","Turkey","EURO",2704,13531,46,214
"2020-04-02","TR","Turkey","EURO",2148,15679,63,277
"2020-04-03","TR","Turkey","EURO",2456,18135,79,356
"2020-04-04","TR","Turkey","EURO",2786,20921,69,425
"2020-04-05","TR","Turkey","EURO",3013,23934,76,501
"2020-04-06","TR","Turkey","EURO",3135,27069,73,574
"2020-04-07","TR","Turkey","EURO",3148,30217,75,649
"2020-04-08","TR","Turkey","EURO",3892,34109,76,725
"2020-04-09","TR","Turkey","EURO",4117,38226,87,812
"2020-04-10","TR","Turkey","EURO",4056,42282,96,908
"2020-04-11","TR","Turkey","EURO",4747,47029,98,1006
"2020-04-12","TR","Turkey","EURO",5138,52167,95,1101
"2020-04-13","TR","Turkey","EURO",4789,56956,97,1198
"2020-04-14","TR","Turkey","EURO",4093,61049,98,1296
"2020-04-15","TR","Turkey","EURO",4062,65111,107,1403
"2020-04-16","TR","Turkey","EURO",4281,69392,115,1518
"2020-04-17","TR","Turkey","EURO",4801,74193,125,1643
"2020-04-18","TR","Turkey","EURO",4353,78546,126,1769
"2020-04-19","TR","Turkey","EURO",3783,82329,121,1890
"2020-04-20","TR","Turkey","EURO",3977,86306,127,2017
"2020-04-21","TR","Turkey","EURO",4674,90980,123,2140
"2020-04-22","TR","Turkey","EURO",4611,95591,119,2259
"2020-04-23","TR","Turkey","EURO",3083,98674,117,2376
"2020-04-24","TR","Turkey","EURO",3116,101790,115,2491
"2020-04-25","TR","Turkey","EURO",3122,104912,109,2600
"2020-04-26","TR","Turkey","EURO",2861,107773,106,2706
"2020-04-27","TR","Turkey","EURO",2357,110130,99,2805
"2020-04-28","TR","Turkey","EURO",2131,112261,95,2900
"2020-04-29","TR","Turkey","EURO",2392,114653,92,2992
"2020-04-30","TR","Turkey","EURO",2936,117589,89,3081
"2020-05-01","TR","Turkey","EURO",2615,120204,93,3174
"2020-05-02","TR","Turkey","EURO",2188,122392,84,3258
"2020-05-03","TR","Turkey","EURO",1983,124375,78,3336
"2020-05-04","TR","Turkey","EURO",1670,126045,61,3397
"2020-05-05","TR","Turkey","EURO",1614,127659,64,3461
"2020-05-06","TR","Turkey","EURO",1832,129491,59,3520
"2020-05-07","TR","Turkey","EURO",2253,131744,64,3584
"2020-05-08","TR","Turkey","EURO",1977,133721,57,3641
"2020-05-09","TR","Turkey","EURO",1848,135569,48,3689
"2020-05-10","TR","Turkey","EURO",1546,137115,50,3739
"2020-05-11","TR","Turkey","EURO",1542,138657,47,3786
"2020-05-12","TR","Turkey","EURO",1114,139771,55,3841
"2020-05-13","TR","Turkey","EURO",1704,141475,53,3894
"2020-05-14","TR","Turkey","EURO",1639,143114,58,3952
"2020-05-15","TR","Turkey","EURO",1635,144749,55,4007
"2020-05-16","TR","Turkey","EURO",1708,146457,48,4055
"2020-05-17","TR","Turkey","EURO",1610,148067,41,4096
"2020-05-18","TR","Turkey","EURO",1368,149435,44,4140
"2020-05-19","TR","Turkey","EURO",1158,150593,31,4171
"2020-05-20","TR","Turkey","EURO",1022,151615,28,4199
"2020-05-21","TR","Turkey","EURO",972,152587,23,4222
"2020-05-22","TR","Turkey","EURO",961,153548,27,4249
"2020-05-23","TR","Turkey","EURO",952,154500,27,4276
"2020-05-24","TR","Turkey","EURO",1186,155686,32,4308
"2020-05-25","TR","Turkey","EURO",1141,156827,32,4340
"2020-05-26","TR","Turkey","EURO",987,157814,29,4369
"2020-05-27","TR","Turkey","EURO",948,158762,28,4397
"2020-05-28","TR","Turkey","EURO",1035,159797,34,4431
"2020-05-29","TR","Turkey","EURO",1182,160979,30,4461
"2020-05-30","TR","Turkey","EURO",1141,162120,28,4489
"2020-05-31","TR","Turkey","EURO",983,163103,26,4515
"2020-06-01","TR","Turkey","EURO",839,163942,25,4540
"2020-06-02","TR","Turkey","EURO",827,164769,23,4563
"2020-06-03","TR","Turkey","EURO",786,165555,22,4585
"2020-06-04","TR","Turkey","EURO",867,166422,24,4609
"2020-06-05","TR","Turkey","EURO",988,167410,21,4630
"2020-06-06","TR","Turkey","EURO",930,168340,18,4648
"2020-06-07","TR","Turkey","EURO",878,169218,21,4669
"2020-06-08","TR","Turkey","EURO",914,170132,23,4692
"2020-06-09","TR","Turkey","EURO",989,171121,19,4711
"2020-06-10","TR","Turkey","EURO",993,172114,18,4729
"2020-06-11","TR","Turkey","EURO",922,173036,17,4746
"2020-06-12","TR","Turkey","EURO",987,174023,17,4763
"2020-06-13","TR","Turkey","EURO",1195,175218,15,4778
"2020-06-14","TR","Turkey","EURO",1459,176677,14,4792
"2020-06-15","TR","Turkey","EURO",1562,178239,15,4807
"2020-06-16","TR","Turkey","EURO",1592,179831,18,4825
"2020-06-17","TR","Turkey","EURO",1467,181298,17,4842
"2020-06-18","TR","Turkey","EURO",1429,182727,19,4861
"2020-06-19","TR","Turkey","EURO",1304,184031,21,4882
"2020-06-20","TR","Turkey","EURO",1214,185245,23,4905
"2020-06-21","TR","Turkey","EURO",1248,186493,22,4927
"2020-06-22","TR","Turkey","EURO",1192,187685,23,4950
"2020-06-23","TR","Turkey","EURO",1212,188897,24,4974
"2020-06-24","TR","Turkey","EURO",1268,190165,27,5001
"2020-06-25","TR","Turkey","EURO",1492,191657,24,5025
"2020-06-26","TR","Turkey","EURO",1458,193115,21,5046
"2020-06-27","TR","Turkey","EURO",1396,194511,19,5065
"2020-06-28","TR","Turkey","EURO",1372,195883,17,5082
"2020-06-29","TR","Turkey","EURO",1356,197239,15,5097
"2020-06-30","TR","Turkey","EURO",1374,198613,18,5115
"2020-07-01","TR","Turkey","EURO",1293,199906,16,5131
"2020-07-02","TR","Turkey","EURO",1192,201098,19,5150
"2020-07-03","TR","Turkey","EURO",1186,202284,17,5167
"2020-07-04","TR","Turkey","EURO",1172,203456,19,5186
"2020-07-05","TR","Turkey","EURO",1154,204610,20,5206
"2020-07-06","TR","Turkey","EURO",1148,205758,19,5225
"2020-07-07","TR","Turkey","EURO",1086,206844,16,5241
"2020-07-08","TR","Turkey","EURO",1053,207897,19,5260
"2020-07-09","TR","Turkey","EURO",1041,208938,22,5282
"2020-07-10","TR","Turkey","EURO",1024,209962,18,5300
"2020-07-11","TR","Turkey","EURO",1003,210965,23,5323
"2020-07-12","TR","Turkey","EURO",1016,211981,21,5344
"2020-07-13","TR","Turkey","EURO",1012,212993,19,5363
"2020-07-14","TR","Turkey","EURO",1008,214001,19,5382
"2020-07-15","TR","Turkey","EURO",992,214993,20,5402
"2020-07-16","TR","Turkey","EURO",947,215940,17,5419
"2020-07-17","TR","Turkey","EURO",933,216873,21,5440
"2020-07-18","TR","Turkey","EURO",926,217799,18,5458
"2020-07-19","TR","Turkey","EURO",918,218717,17,5475
"2020-07-20","TR","Turkey","EURO",924,219641,16,5491
"2020-07-21","TR","Turkey","EURO",931,220572,17,5508
"2020-07-22","TR","Turkey","EURO",928,221500,18,5526
"2020-07-23","TR","Turkey","EURO",902,222402,19,5545
"2020-07-24","TR","Turkey","EURO",913,223315,18,5563
"2020-07-25","TR","Turkey","EURO",937,224252,17,5580
"2020-07-26","TR","Turkey","EURO",921,225173,16,5596
"2020-07-27","TR","Turkey","EURO",927,226100,17,5613
"2020-07-28","TR","Turkey","EURO",919,227019,17,5630
"2020-07-29","TR","Turkey","EURO",963,227982,15,5645
"2020-07-30","TR","Turkey","EURO",942,228924,14,5659
"2020-07-31","TR","Turkey","EURO",967,229891,15,5674
"2020-08-01","TR","Turkey","EURO",982,230873,17,5691
"2020-08-02","TR","Turkey","EURO",996,231869,19,5710
"2020-08-03","TR","Turkey","EURO",987,232856,18,5728
"2020-08-04","TR","Turkey","EURO",995,233851,19,5747
"2020-08-05","TR","Turkey","EURO",1083,234934,18,5765
"2020-08-06","TR","Turkey","EURO",1178,236112,19,5784
"2020-08-07","TR","Turkey","EURO",1153,237265,14,5798
"2020-08-08","TR","Turkey","EURO",1185,238450,15,5813
"2020-08-09","TR","Turkey","EURO",1172,239622,16,5829
"2020-08-10","TR","Turkey","EURO",1182,240804,15,5844
"2020-08-11","TR","Turkey","EURO",1193,241997,14,5858
"2020-08-12","TR","Turkey","EURO",1183,243180,15,5873
"2020-08-13","TR","Turkey","EURO",1212,244392,18,5891
"2020-08-14","TR","Turkey","EURO",1243,245635,21,5912
"2020-08-15","TR","Turkey","EURO",1226,246861,22,5934
"2020-08-16","TR","Turkey","EURO",1256,248117,21,5955
"2020-08-17","TR","Turkey","EURO",1192,249309,19,5974
"2020-08-18","TR","Turkey","EURO",1233,250542,22,5996
"2020-08-19","TR","Turkey","EURO",1263,251805,20,6016
"2020-08-20","TR","Turkey","EURO",1303,253108,23,6039
"2020-08-21","TR","Turkey","EURO",1412,254520,19,6058
"2020-08-22","TR","Turkey","EURO",1203,255723,22,6080
"2020-08-23","TR","Turkey","EURO",1309,257032,22,6102
"2020-08-24","TR","Turkey","EURO",1217,258249,19,6121
"2020-08-25","TR","Turkey","EURO",1443,259692,18,6139
"2020-08-26","TR","Turkey","EURO",1502,261194,24,6163
"2020-08-27","TR","Turkey","EURO",1313,262507,20,6183
"2020-08-28","TR","Turkey","EURO",1491,263998,26,6209
"2020-08-29","TR","Turkey","EURO",1517,265515,36,6245
"2020-08-30","TR","Turkey","EURO",1549,267064,39,6284
"2020-08-31","TR","Turkey","EURO",1482,268546,42,6326
"2020-09-01","TR","Turkey","EURO",1587,270133,44,6370
"2020-09-02","TR","Turkey","EURO",1572,271705,47,6417
"2020-09-03","TR","Turkey","EURO",1596,273301,45,6462
"2020-09-04","TR","Turkey","EURO",1642,274943,49,6511
"2020-09-05","TR","Turkey","EURO",1612,276555,53,6564
"2020-09-06","TR","Turkey","EURO",1673,278228,56,6620
"2020-09-07","TR","Turkey","EURO",1578,279806,53,6673
"2020-09-08","TR","Turkey","EURO",1703,281509,57,6730
"2020-09-09","TR","Turkey","EURO",1761,283270,52,6782
"2020-09-10","TR","Turkey","EURO",1673,284943,55,6837
"2020-09-11","TR","Turkey","EURO",1512,286455,58,6895
"2020-09-12","TR","Turkey","EURO",1671,288126,56,6951
"2020-09-13","TR","Turkey","EURO",1509,289635,48,6999
"2020-09-14","TR","Turkey","EURO",1527,291162,57,7056
"2020-09-15","TR","Turkey","EURO",1716,292878,63,7119
"2020-09-16","TR","Turkey","EURO",1742,294620,67,7186
"2020-09-17","TR","Turkey","EURO",1771,296391,63,7249
"2020-09-18","TR","Turkey","EURO",1648,298039,66,7315
"2020-09-19","TR","Turkey","EURO",1771,299810,62,7377
"2020-09-20","TR","Turkey","EURO",1538,301348,68,7445
"2020-09-21","TR","Turkey","EURO",1519,302867,61,7506
"2020-09-22","TR","Turkey","EURO",1743,304610,68,7574
"2020-09-23","TR","Turkey","EURO",1692,306302,65,7639
"2020-09-24","TR","Turkey","EURO",1767,308069,72,7711
"2020-09-25","TR","Turkey","EURO",1721,309790,74,7785
"2020-09-26","TR","Turkey","EURO",1665,311455,73,7858
"2020-09-27","TR","Turkey","EURO",1511,312966,71,7929
"2020-09-28","TR","Turkey","EURO",1467,314433,68,7997
"2020-09-29","TR","Turkey","EURO",1412,315845,65,8062
"2020-09-30","TR","Turkey","EURO",1427,317272,68,8130
"2020-10-01","TR","Turkey","EURO",1391,318663,65,8195
"2020-10-02","TR","Turkey","EURO",1407,320070,67,8262
"2020-10-03","TR","Turkey","EURO",1442,321512,63,8325
"2020-10-04","TR","Turkey","EURO",1502,323014,59,8384
"2020-10-05","TR","Turkey","EURO",1429,324443,57,8441
"2020-10-06","TR","Turkey","EURO",1603,326046,57,8498
"2020-10-07","TR","Turkey","EURO",1511,327557,55,8553
"2020-10-08","TR","Turkey","EURO",1581,329138,56,8609
"2020-10-09","TR","Turkey","EURO",1615,330753,58,8667
"2020-10-10","TR","Turkey","EURO",1629,332382,55,8722
"2020-10-11","TR","Turkey","EURO",1649,334031,56,8778
"2020-10-12","TR","Turkey","EURO",1502,335533,59,8837
"2020-10-13","TR","Turkey","EURO",1614,337147,58,8895
"2020-10-14","TR","Turkey","EURO",1632,338779,62,8957
"2020-10-15","TR","Turkey","EURO",1671,340450,57,9014
"2020-10-16","TR","Turkey","EURO",1693,342143,66,9080
"2020-10-17","TR","Turkey","EURO",1812,343955,73,9153
"2020-10-18","TR","Turkey","EURO",1723,345678,71,9224
"2020-10-19","TR","Turkey","EURO",1815,347493,72,9296
"2020-10-20","TR","Turkey","EURO",2026,349519,75,9371
"2020-10-21","TR","Turkey","EURO",1894,351413,74,9445
"2020-10-22","TR","Turkey","EURO",2013,353426,68,9513
"2020-10-23","TR","Turkey","EURO",2102,355528,71,9584
"2020-10-24","TR","Turkey","EURO",2165,357693,74,9658
"2020-10-25","TR","Turkey","EURO",2091,359784,69,9727
"2020-10-26","TR","Turkey","EURO",2017,361801,72,9799
"2020-10-27","TR","Turkey","EURO",2198,363999,75,9874
"2020-10-28","TR","Turkey","EURO",2209,366208,76,9950
"2020-10-29","TR","Turkey","EURO",2305,368513,77,10027
"2020-10-30","TR","Turkey","EURO",2319,370832,72,10099
"2020-10-31","TR","Turkey","EURO",2322,373154,78,10177
"2020-11-01","TR","Turkey","EURO",2213,375367,75,10252
"2020-11-02","TR","Turkey","EURO",2106,377473,74,10326
"2020-11-03","TR","Turkey","EURO",2302,379775,76,10402
"2020-11-04","TR","Turkey","EURO",2343,382118,79,10481
"2020-11-05","TR","Turkey","EURO",2391,384509,77,10558
"2020-11-06","TR","Turkey","EURO",2311,386820,81,10639
"2020-11-07","TR","Turkey","EURO",2436,389256,83,10722
"2020-11-08","TR","Turkey","EURO",2483,391739,81,10803
"2020-11-09","TR","Turkey","EURO",2516,394255,84,10887
"2020-11-10","TR","Turkey","EURO",2576,396831,85,10972
"2020-11-11","TR","Turkey","EURO",2529,399360,87,11059
"2020-11-12","TR","Turkey","EURO",2693,402053,86,11145
"2020-11-13","TR","Turkey","EURO",2841,404894,88,11233
"2020-11-14","TR","Turkey","EURO",3045,407939,93,11326
"2020-11-15","TR","Turkey","EURO",3116,411055,92,11418
"2020-11-16","TR","Turkey","EURO",3223,414278,89,11507
"2020-11-17","TR","Turkey","EURO",3316,417594,94,11601
"2020-11-18","TR","Turkey","EURO",3819,421413,103,11704
"2020-11-19","TR","Turkey","EURO",4215,425628,116,11820
"2020-11-20","TR","Turkey","EURO",4542,430170,123,11943
"2020-11-21","TR","Turkey","EURO",5103,435273,141,12084
"2020-11-22","TR","Turkey","EURO",5532,440805,135,12219
"2020-11-23","TR","Turkey","EURO",6017,446822,139,12358
"2020-11-24","TR","Turkey","EURO",6713,453535,153,12511
"2020-11-25","TR","Turkey","EURO",7381,460916,161,12672
"2020-11-26","TR","Turkey","EURO",6814,467730,168,12840
"2020-11-27","TR","Turkey","EURO",29132,496862,174,13014
"2020-11-28","TR","Turkey","EURO",29845,526707,177,13191
"2020-11-29","TR","Turkey","EURO",30103,556810,182,13373
"2020-11-30","TR","Turkey","EURO",29281,586091,185,13558
"2020-12-01","TR","Turkey","EURO",31219,617310,188,13746
"2020-12-02","TR","Turkey","EURO",30110,647420,190,13936
"2020-12-03","TR","Turkey","EURO",31923,679343,193,14129
"2020-12-04","TR","Turkey","EURO",32381,711724,187,14316
"2020-12-05","TR","Turkey","EURO",32736,744460,193,14509
"2020-12-06","TR","Turkey","EURO",31896,776356,196,14705
"2020-12-07","TR","Turkey","EURO",30402,806758,195,14900
"2020-12-08","TR","Turkey","EURO",32137,838895,203,15103
"2020-12-09","TR","Turkey","EURO",33198,872093,211,15314
"2020-12-10","TR","Turkey","EURO",31712,903805,217,15531
"2020-12-11","TR","Turkey","EURO",30424,934229,220,15751
"2020-12-12","TR","Turkey","EURO",32106,966335,226,15977
