"Fecha_de_reporte","Codigo_pais","Paises","Region","Casos_nuevos","Casos_acumulados","defunciones_nuevas","defunciones_acumuladas"
"2020-01-03","UA","Ukraine","EURO",0,0,0,0
"2020-01-04","UA","Ukraine","EURO",0,0,0,0
"2020-01-05","UA","Ukraine","EURO",0,0,0,0
"2020-01-06","UA","Ukraine","EURO",0,0,0,0
"2020-01-07","UA","Ukraine","EURO",0,0,0,0
"2020-01-08","UA","Ukraine","EURO",0,0,0,0
"2020-01-09","UA","Ukraine","EURO",0,0,0,0
"2020-01-10","UA","Ukraine","EURO",0,0,0,0
"2020-01-11","UA","Ukraine","EURO",0,0,0,0
"2020-01-12","UA","Ukraine","EURO",0,0,0,0
"2020-01-13","UA","Ukraine","EURO",0,0,0,0
"2020-01-14","UA","Ukraine","EURO",0,0,0,0
"2020-01-15","UA","Ukraine","EURO",0,0,0,0
"2020-01-16","UA","Ukraine","EURO",0,0,0,0
"2020-01-17","UA","Ukraine","EURO",0,0,0,0
"2020-01-18","UA","Ukraine","EURO",0,0,0,0
"2020-01-19","UA","Ukraine","EURO",0,0,0,0
"2020-01-20","UA","Ukraine","EURO",0,0,0,0
"2020-01-21","UA","Ukraine","EURO",0,0,0,0
"2020-01-22","UA","Ukraine","EURO",0,0,0,0
"2020-01-23","UA","Ukraine","EURO",0,0,0,0
"2020-01-24","UA","Ukraine","EURO",0,0,0,0
"2020-01-25","UA","Ukraine","EURO",0,0,0,0
"2020-01-26","UA","Ukraine","EURO",0,0,0,0
"2020-01-27","UA","Ukraine","EURO",0,0,0,0
"2020-01-28","UA","Ukraine","EURO",0,0,0,0
"2020-01-29","UA","Ukraine","EURO",0,0,0,0
"2020-01-30","UA","Ukraine","EURO",0,0,0,0
"2020-01-31","UA","Ukraine","EURO",0,0,0,0
"2020-02-01","UA","Ukraine","EURO",0,0,0,0
"2020-02-02","UA","Ukraine","EURO",0,0,0,0
"2020-02-03","UA","Ukraine","EURO",0,0,0,0
"2020-02-04","UA","Ukraine","EURO",0,0,0,0
"2020-02-05","UA","Ukraine","EURO",0,0,0,0
"2020-02-06","UA","Ukraine","EURO",0,0,0,0
"2020-02-07","UA","Ukraine","EURO",0,0,0,0
"2020-02-08","UA","Ukraine","EURO",0,0,0,0
"2020-02-09","UA","Ukraine","EURO",0,0,0,0
"2020-02-10","UA","Ukraine","EURO",0,0,0,0
"2020-02-11","UA","Ukraine","EURO",0,0,0,0
"2020-02-12","UA","Ukraine","EURO",0,0,0,0
"2020-02-13","UA","Ukraine","EURO",0,0,0,0
"2020-02-14","UA","Ukraine","EURO",0,0,0,0
"2020-02-15","UA","Ukraine","EURO",0,0,0,0
"2020-02-16","UA","Ukraine","EURO",0,0,0,0
"2020-02-17","UA","Ukraine","EURO",0,0,0,0
"2020-02-18","UA","Ukraine","EURO",0,0,0,0
"2020-02-19","UA","Ukraine","EURO",0,0,0,0
"2020-02-20","UA","Ukraine","EURO",0,0,0,0
"2020-02-21","UA","Ukraine","EURO",0,0,0,0
"2020-02-22","UA","Ukraine","EURO",0,0,0,0
"2020-02-23","UA","Ukraine","EURO",0,0,0,0
"2020-02-24","UA","Ukraine","EURO",0,0,0,0
"2020-02-25","UA","Ukraine","EURO",0,0,0,0
"2020-02-26","UA","Ukraine","EURO",0,0,0,0
"2020-02-27","UA","Ukraine","EURO",0,0,0,0
"2020-02-28","UA","Ukraine","EURO",0,0,0,0
"2020-02-29","UA","Ukraine","EURO",0,0,0,0
"2020-03-01","UA","Ukraine","EURO",0,0,0,0
"2020-03-02","UA","Ukraine","EURO",0,0,0,0
"2020-03-03","UA","Ukraine","EURO",1,1,0,0
"2020-03-04","UA","Ukraine","EURO",0,1,0,0
"2020-03-05","UA","Ukraine","EURO",0,1,0,0
"2020-03-06","UA","Ukraine","EURO",0,1,0,0
"2020-03-07","UA","Ukraine","EURO",0,1,0,0
"2020-03-08","UA","Ukraine","EURO",0,1,0,0
"2020-03-09","UA","Ukraine","EURO",0,1,0,0
"2020-03-10","UA","Ukraine","EURO",0,1,0,0
"2020-03-11","UA","Ukraine","EURO",0,1,0,0
"2020-03-12","UA","Ukraine","EURO",0,1,0,0
"2020-03-13","UA","Ukraine","EURO",2,3,0,0
"2020-03-14","UA","Ukraine","EURO",0,3,1,1
"2020-03-15","UA","Ukraine","EURO",0,3,0,1
"2020-03-16","UA","Ukraine","EURO",0,3,0,1
"2020-03-17","UA","Ukraine","EURO",0,3,0,1
"2020-03-18","UA","Ukraine","EURO",11,14,1,2
"2020-03-19","UA","Ukraine","EURO",2,16,0,2
"2020-03-20","UA","Ukraine","EURO",0,16,0,2
"2020-03-21","UA","Ukraine","EURO",31,47,1,3
"2020-03-22","UA","Ukraine","EURO",0,47,0,3
"2020-03-23","UA","Ukraine","EURO",26,73,0,3
"2020-03-24","UA","Ukraine","EURO",11,84,0,3
"2020-03-25","UA","Ukraine","EURO",29,113,1,4
"2020-03-26","UA","Ukraine","EURO",43,156,1,5
"2020-03-27","UA","Ukraine","EURO",62,218,0,5
"2020-03-28","UA","Ukraine","EURO",93,311,3,8
"2020-03-29","UA","Ukraine","EURO",107,418,1,9
"2020-03-30","UA","Ukraine","EURO",62,480,2,11
"2020-03-31","UA","Ukraine","EURO",69,549,2,13
"2020-04-01","UA","Ukraine","EURO",120,669,4,17
"2020-04-02","UA","Ukraine","EURO",135,804,3,20
"2020-04-03","UA","Ukraine","EURO",183,987,3,23
"2020-04-04","UA","Ukraine","EURO",109,1096,5,28
"2020-04-05","UA","Ukraine","EURO",155,1251,4,32
"2020-04-06","UA","Ukraine","EURO",68,1319,6,38
"2020-04-07","UA","Ukraine","EURO",143,1462,7,45
"2020-04-08","UA","Ukraine","EURO",206,1668,7,52
"2020-04-09","UA","Ukraine","EURO",224,1892,5,57
"2020-04-10","UA","Ukraine","EURO",311,2203,12,69
"2020-04-11","UA","Ukraine","EURO",308,2511,4,73
"2020-04-12","UA","Ukraine","EURO",266,2777,10,83
"2020-04-13","UA","Ukraine","EURO",325,3102,10,93
"2020-04-14","UA","Ukraine","EURO",270,3372,5,98
"2020-04-15","UA","Ukraine","EURO",392,3764,10,108
"2020-04-16","UA","Ukraine","EURO",398,4162,7,115
"2020-04-17","UA","Ukraine","EURO",500,4662,10,125
"2020-04-18","UA","Ukraine","EURO",444,5106,8,133
"2020-04-19","UA","Ukraine","EURO",343,5449,8,141
"2020-04-20","UA","Ukraine","EURO",261,5710,10,151
"2020-04-21","UA","Ukraine","EURO",415,6125,10,161
"2020-04-22","UA","Ukraine","EURO",467,6592,13,174
"2020-04-23","UA","Ukraine","EURO",578,7170,13,187
"2020-04-24","UA","Ukraine","EURO",477,7647,6,193
"2020-04-25","UA","Ukraine","EURO",478,8125,8,201
"2020-04-26","UA","Ukraine","EURO",492,8617,8,209
"2020-04-27","UA","Ukraine","EURO",392,9009,11,220
"2020-04-28","UA","Ukraine","EURO",401,9410,19,239
"2020-04-29","UA","Ukraine","EURO",456,9866,11,250
"2020-04-30","UA","Ukraine","EURO",540,10406,11,261
"2020-05-01","UA","Ukraine","EURO",455,10861,11,272
"2020-05-02","UA","Ukraine","EURO",550,11411,7,279
"2020-05-03","UA","Ukraine","EURO",502,11913,9,288
"2020-05-04","UA","Ukraine","EURO",418,12331,15,303
"2020-05-05","UA","Ukraine","EURO",366,12697,13,316
"2020-05-06","UA","Ukraine","EURO",487,13184,11,327
"2020-05-07","UA","Ukraine","EURO",507,13691,13,340
"2020-05-08","UA","Ukraine","EURO",504,14195,21,361
"2020-05-09","UA","Ukraine","EURO",515,14710,15,376
"2020-05-10","UA","Ukraine","EURO",522,15232,15,391
"2020-05-11","UA","Ukraine","EURO",416,15648,17,408
"2020-05-12","UA","Ukraine","EURO",375,16023,17,425
"2020-05-13","UA","Ukraine","EURO",402,16425,14,439
"2020-05-14","UA","Ukraine","EURO",422,16847,17,456
"2020-05-15","UA","Ukraine","EURO",483,17330,20,476
"2020-05-16","UA","Ukraine","EURO",528,17858,21,497
"2020-05-17","UA","Ukraine","EURO",433,18291,17,514
"2020-05-18","UA","Ukraine","EURO",325,18616,21,535
"2020-05-19","UA","Ukraine","EURO",260,18876,13,548
"2020-05-20","UA","Ukraine","EURO",354,19230,16,564
"2020-05-21","UA","Ukraine","EURO",476,19706,15,579
"2020-05-22","UA","Ukraine","EURO",442,20148,9,588
"2020-05-23","UA","Ukraine","EURO",432,20580,17,605
"2020-05-24","UA","Ukraine","EURO",406,20986,12,617
"2020-05-25","UA","Ukraine","EURO",259,21245,6,623
"2020-05-26","UA","Ukraine","EURO",339,21584,21,644
"2020-05-27","UA","Ukraine","EURO",321,21905,14,658
"2020-05-28","UA","Ukraine","EURO",477,22382,11,669
"2020-05-29","UA","Ukraine","EURO",429,22811,10,679
"2020-05-30","UA","Ukraine","EURO",393,23204,17,696
"2020-05-31","UA","Ukraine","EURO",468,23672,12,708
"2020-06-01","UA","Ukraine","EURO",340,24012,10,718
"2020-06-02","UA","Ukraine","EURO",328,24340,9,727
"2020-06-03","UA","Ukraine","EURO",483,24823,8,735
"2020-06-04","UA","Ukraine","EURO",588,25411,13,748
"2020-06-05","UA","Ukraine","EURO",553,25964,14,762
"2020-06-06","UA","Ukraine","EURO",550,26514,15,777
"2020-06-07","UA","Ukraine","EURO",485,26999,11,788
"2020-06-08","UA","Ukraine","EURO",463,27462,9,797
"2020-06-09","UA","Ukraine","EURO",394,27856,13,810
"2020-06-10","UA","Ukraine","EURO",525,28381,23,833
"2020-06-11","UA","Ukraine","EURO",689,29070,21,854
"2020-06-12","UA","Ukraine","EURO",683,29753,16,870
"2020-06-13","UA","Ukraine","EURO",753,30506,10,880
"2020-06-14","UA","Ukraine","EURO",648,31154,9,889
"2020-06-15","UA","Ukraine","EURO",656,31810,12,901
"2020-06-16","UA","Ukraine","EURO",666,32476,12,913
"2020-06-17","UA","Ukraine","EURO",758,33234,30,943
"2020-06-18","UA","Ukraine","EURO",829,34063,23,966
"2020-06-19","UA","Ukraine","EURO",921,34984,19,985
"2020-06-20","UA","Ukraine","EURO",841,35825,9,994
"2020-06-21","UA","Ukraine","EURO",735,36560,8,1002
"2020-06-22","UA","Ukraine","EURO",681,37241,10,1012
"2020-06-23","UA","Ukraine","EURO",833,38074,23,1035
"2020-06-24","UA","Ukraine","EURO",940,39014,16,1051
"2020-06-25","UA","Ukraine","EURO",994,40008,16,1067
"2020-06-26","UA","Ukraine","EURO",1109,41117,19,1086
"2020-06-27","UA","Ukraine","EURO",948,42065,24,1110
"2020-06-28","UA","Ukraine","EURO",917,42982,19,1129
"2020-06-29","UA","Ukraine","EURO",646,43628,18,1147
"2020-06-30","UA","Ukraine","EURO",706,44334,12,1159
"2020-07-01","UA","Ukraine","EURO",664,44998,14,1173
"2020-07-02","UA","Ukraine","EURO",890,45888,12,1185
"2020-07-03","UA","Ukraine","EURO",875,46763,27,1212
"2020-07-04","UA","Ukraine","EURO",914,47677,15,1227
"2020-07-05","UA","Ukraine","EURO",823,48500,22,1249
"2020-07-06","UA","Ukraine","EURO",543,49043,13,1262
"2020-07-07","UA","Ukraine","EURO",564,49607,21,1283
"2020-07-08","UA","Ukraine","EURO",807,50414,24,1307
"2020-07-09","UA","Ukraine","EURO",810,51224,20,1327
"2020-07-10","UA","Ukraine","EURO",819,52043,18,1345
"2020-07-11","UA","Ukraine","EURO",800,52843,27,1372
"2020-07-12","UA","Ukraine","EURO",678,53521,11,1383
"2020-07-13","UA","Ukraine","EURO",612,54133,15,1398
"2020-07-14","UA","Ukraine","EURO",638,54771,14,1412
"2020-07-15","UA","Ukraine","EURO",836,55607,15,1427
"2020-07-16","UA","Ukraine","EURO",848,56455,18,1445
"2020-07-17","UA","Ukraine","EURO",809,57264,11,1456
"2020-07-18","UA","Ukraine","EURO",847,58111,21,1477
"2020-07-19","UA","Ukraine","EURO",731,58842,8,1485
"2020-07-20","UA","Ukraine","EURO",651,59493,13,1498
"2020-07-21","UA","Ukraine","EURO",673,60166,20,1518
"2020-07-22","UA","Ukraine","EURO",829,60995,16,1534
"2020-07-23","UA","Ukraine","EURO",856,61851,17,1551
"2020-07-24","UA","Ukraine","EURO",972,62823,20,1571
"2020-07-25","UA","Ukraine","EURO",1106,63929,19,1590
"2020-07-26","UA","Ukraine","EURO",920,64849,15,1605
"2020-07-27","UA","Ukraine","EURO",807,65656,11,1616
"2020-07-28","UA","Ukraine","EURO",919,66575,13,1629
"2020-07-29","UA","Ukraine","EURO",1022,67597,21,1650
"2020-07-30","UA","Ukraine","EURO",1197,68794,23,1673
"2020-07-31","UA","Ukraine","EURO",1090,69884,20,1693
"2020-08-01","UA","Ukraine","EURO",1172,71056,16,1709
"2020-08-02","UA","Ukraine","EURO",1112,72168,16,1725
"2020-08-03","UA","Ukraine","EURO",990,73158,13,1738
"2020-08-04","UA","Ukraine","EURO",1061,74219,26,1764
"2020-08-05","UA","Ukraine","EURO",1271,75490,24,1788
"2020-08-06","UA","Ukraine","EURO",1318,76808,31,1819
"2020-08-07","UA","Ukraine","EURO",1453,78261,33,1852
"2020-08-08","UA","Ukraine","EURO",1489,79750,27,1879
"2020-08-09","UA","Ukraine","EURO",1199,80949,18,1897
"2020-08-10","UA","Ukraine","EURO",1008,81957,25,1922
"2020-08-11","UA","Ukraine","EURO",1158,83115,29,1951
"2020-08-12","UA","Ukraine","EURO",1433,84548,19,1970
"2020-08-13","UA","Ukraine","EURO",1592,86140,22,1992
"2020-08-14","UA","Ukraine","EURO",1732,87872,19,2011
"2020-08-15","UA","Ukraine","EURO",1847,89719,33,2044
"2020-08-16","UA","Ukraine","EURO",1637,91356,26,2070
"2020-08-17","UA","Ukraine","EURO",1464,92820,19,2089
"2020-08-18","UA","Ukraine","EURO",1616,94436,27,2116
"2020-08-19","UA","Ukraine","EURO",1967,96403,28,2144
"2020-08-20","UA","Ukraine","EURO",2134,98537,40,2184
"2020-08-21","UA","Ukraine","EURO",2106,100643,23,2207
"2020-08-22","UA","Ukraine","EURO",2328,102971,37,2244
"2020-08-23","UA","Ukraine","EURO",1987,104958,27,2271
"2020-08-24","UA","Ukraine","EURO",1799,106757,22,2293
"2020-08-25","UA","Ukraine","EURO",1658,108415,25,2318
"2020-08-26","UA","Ukraine","EURO",1670,110085,36,2354
"2020-08-27","UA","Ukraine","EURO",1974,112059,49,2403
"2020-08-28","UA","Ukraine","EURO",2438,114497,48,2451
"2020-08-29","UA","Ukraine","EURO",2481,116978,41,2492
"2020-08-30","UA","Ukraine","EURO",2096,119074,35,2527
"2020-08-31","UA","Ukraine","EURO",2141,121215,30,2557
"2020-09-01","UA","Ukraine","EURO",2088,123303,48,2605
"2020-09-02","UA","Ukraine","EURO",2495,125798,51,2656
"2020-09-03","UA","Ukraine","EURO",2430,128228,54,2710
"2020-09-04","UA","Ukraine","EURO",2723,130951,51,2761
"2020-09-05","UA","Ukraine","EURO",2836,133787,50,2811
"2020-09-06","UA","Ukraine","EURO",2107,135894,35,2846
"2020-09-07","UA","Ukraine","EURO",2174,138068,31,2877
"2020-09-08","UA","Ukraine","EURO",2411,140479,57,2934
"2020-09-09","UA","Ukraine","EURO",2551,143030,45,2979
"2020-09-10","UA","Ukraine","EURO",2582,145612,44,3023
"2020-09-11","UA","Ukraine","EURO",3144,148756,53,3076
"2020-09-12","UA","Ukraine","EURO",3103,151859,72,3148
"2020-09-13","UA","Ukraine","EURO",2476,154335,30,3178
"2020-09-14","UA","Ukraine","EURO",2462,156797,33,3211
"2020-09-15","UA","Ukraine","EURO",2905,159702,53,3264
"2020-09-16","UA","Ukraine","EURO",2958,162660,76,3340
"2020-09-17","UA","Ukraine","EURO",3584,166244,60,3400
"2020-09-18","UA","Ukraine","EURO",3228,169472,68,3468
"2020-09-19","UA","Ukraine","EURO",3240,172712,48,3516
"2020-09-20","UA","Ukraine","EURO",2966,175678,41,3557
"2020-09-21","UA","Ukraine","EURO",2675,178353,26,3583
"2020-09-22","UA","Ukraine","EURO",2884,181237,59,3642
"2020-09-23","UA","Ukraine","EURO",3497,184734,63,3705
"2020-09-24","UA","Ukraine","EURO",3372,188106,52,3757
"2020-09-25","UA","Ukraine","EURO",3565,191671,70,3827
"2020-09-26","UA","Ukraine","EURO",3833,195504,76,3903
"2020-09-27","UA","Ukraine","EURO",3130,198634,56,3959
"2020-09-28","UA","Ukraine","EURO",2671,201305,37,3996
"2020-09-29","UA","Ukraine","EURO",3627,204932,69,4065
"2020-09-30","UA","Ukraine","EURO",4027,208959,64,4129
"2020-10-01","UA","Ukraine","EURO",4069,213028,64,4193
"2020-10-02","UA","Ukraine","EURO",4633,217661,68,4261
"2020-10-03","UA","Ukraine","EURO",4661,222322,92,4353
"2020-10-04","UA","Ukraine","EURO",4140,226462,44,4397
"2020-10-05","UA","Ukraine","EURO",3774,230236,33,4430
"2020-10-06","UA","Ukraine","EURO",4348,234584,90,4520
"2020-10-07","UA","Ukraine","EURO",4753,239337,77,4597
"2020-10-08","UA","Ukraine","EURO",5397,244734,93,4690
"2020-10-09","UA","Ukraine","EURO",5804,250538,89,4779
"2020-10-10","UA","Ukraine","EURO",5728,256266,108,4887
"2020-10-11","UA","Ukraine","EURO",4769,261035,85,4972
"2020-10-12","UA","Ukraine","EURO",4419,265454,43,5015
"2020-10-13","UA","Ukraine","EURO",5133,270587,107,5122
"2020-10-14","UA","Ukraine","EURO",5590,276177,107,5229
"2020-10-15","UA","Ukraine","EURO",5062,281239,73,5302
"2020-10-16","UA","Ukraine","EURO",5992,287231,106,5408
"2020-10-17","UA","Ukraine","EURO",6410,293641,109,5517
"2020-10-18","UA","Ukraine","EURO",5231,298872,90,5607
"2020-10-19","UA","Ukraine","EURO",4766,303638,66,5673
"2020-10-20","UA","Ukraine","EURO",5469,309107,113,5786
"2020-10-21","UA","Ukraine","EURO",6719,315826,141,5927
"2020-10-22","UA","Ukraine","EURO",7053,322879,116,6043
"2020-10-23","UA","Ukraine","EURO",7517,330396,121,6164
"2020-10-24","UA","Ukraine","EURO",7014,337410,125,6289
"2020-10-25","UA","Ukraine","EURO",0,337410,0,6289
"2020-10-26","UA","Ukraine","EURO",11514,348924,175,6464
"2020-10-27","UA","Ukraine","EURO",6677,355601,126,6590
"2020-10-28","UA","Ukraine","EURO",7474,363075,165,6755
"2020-10-29","UA","Ukraine","EURO",7342,370417,113,6868
"2020-10-30","UA","Ukraine","EURO",8312,378729,173,7041
"2020-10-31","UA","Ukraine","EURO",8752,387481,155,7196
"2020-11-01","UA","Ukraine","EURO",7959,395440,110,7306
"2020-11-02","UA","Ukraine","EURO",6754,402194,69,7375
"2020-11-03","UA","Ukraine","EURO",8899,411093,157,7532
"2020-11-04","UA","Ukraine","EURO",9524,420617,199,7731
"2020-11-05","UA","Ukraine","EURO",9850,430467,193,7924
"2020-11-06","UA","Ukraine","EURO",9721,440188,202,8126
"2020-11-07","UA","Ukraine","EURO",10746,450934,186,8312
"2020-11-08","UA","Ukraine","EURO",9397,460331,138,8450
"2020-11-09","UA","Ukraine","EURO",8687,469018,115,8565
"2020-11-10","UA","Ukraine","EURO",10179,479197,191,8756
"2020-11-11","UA","Ukraine","EURO",10611,489808,191,8947
"2020-11-12","UA","Ukraine","EURO",11057,500865,198,9145
"2020-11-13","UA","Ukraine","EURO",11787,512652,172,9317
"2020-11-14","UA","Ukraine","EURO",12524,525176,191,9508
"2020-11-15","UA","Ukraine","EURO",10681,535857,95,9603
"2020-11-16","UA","Ukraine","EURO",9832,545689,94,9697
"2020-11-17","UA","Ukraine","EURO",11968,557657,159,9856
"2020-11-18","UA","Ukraine","EURO",12496,570153,256,10112
"2020-11-19","UA","Ukraine","EURO",13357,583510,257,10369
"2020-11-20","UA","Ukraine","EURO",14575,598085,229,10598
"2020-11-21","UA","Ukraine","EURO",14580,612665,215,10813
"2020-11-22","UA","Ukraine","EURO",12079,624744,138,10951
"2020-11-23","UA","Ukraine","EURO",10945,635689,124,11075
"2020-11-24","UA","Ukraine","EURO",12287,647976,188,11263
"2020-11-25","UA","Ukraine","EURO",13882,661858,229,11492
"2020-11-26","UA","Ukraine","EURO",15331,677189,225,11717
"2020-11-27","UA","Ukraine","EURO",16218,693407,192,11909
"2020-11-28","UA","Ukraine","EURO",16294,709701,184,12093
"2020-11-29","UA","Ukraine","EURO",12978,722679,120,12213
"2020-11-30","UA","Ukraine","EURO",9946,732625,114,12327
"2020-12-01","UA","Ukraine","EURO",12498,745123,221,12548
"2020-12-02","UA","Ukraine","EURO",13141,758264,169,12717
"2020-12-03","UA","Ukraine","EURO",14496,772760,243,12960
"2020-12-04","UA","Ukraine","EURO",15131,787891,235,13195
"2020-12-05","UA","Ukraine","EURO",13825,801716,226,13421
"2020-12-06","UA","Ukraine","EURO",11590,813306,167,13588
"2020-12-07","UA","Ukraine","EURO",8641,821947,145,13733
"2020-12-08","UA","Ukraine","EURO",10811,832758,195,13928
"2020-12-09","UA","Ukraine","EURO",12585,845343,276,14204
"2020-12-10","UA","Ukraine","EURO",13371,858714,266,14470
"2020-12-11","UA","Ukraine","EURO",13514,872228,285,14755
"2020-12-12","UA","Ukraine","EURO",12811,885039,243,14998
