"Fecha_de_reporte","Codigo_pais","Paises","Region","Casos_nuevos","Casos_acumulados","defunciones_nuevas","defunciones_acumuladas"
"2020-01-03","AE","United Arab Emirates","EMRO",0,0,0,0
"2020-01-04","AE","United Arab Emirates","EMRO",0,0,0,0
"2020-01-05","AE","United Arab Emirates","EMRO",0,0,0,0
"2020-01-06","AE","United Arab Emirates","EMRO",0,0,0,0
"2020-01-07","AE","United Arab Emirates","EMRO",0,0,0,0
"2020-01-08","AE","United Arab Emirates","EMRO",0,0,0,0
"2020-01-09","AE","United Arab Emirates","EMRO",0,0,0,0
"2020-01-10","AE","United Arab Emirates","EMRO",0,0,0,0
"2020-01-11","AE","United Arab Emirates","EMRO",0,0,0,0
"2020-01-12","AE","United Arab Emirates","EMRO",0,0,0,0
"2020-01-13","AE","United Arab Emirates","EMRO",0,0,0,0
"2020-01-14","AE","United Arab Emirates","EMRO",0,0,0,0
"2020-01-15","AE","United Arab Emirates","EMRO",0,0,0,0
"2020-01-16","AE","United Arab Emirates","EMRO",0,0,0,0
"2020-01-17","AE","United Arab Emirates","EMRO",0,0,0,0
"2020-01-18","AE","United Arab Emirates","EMRO",0,0,0,0
"2020-01-19","AE","United Arab Emirates","EMRO",0,0,0,0
"2020-01-20","AE","United Arab Emirates","EMRO",0,0,0,0
"2020-01-21","AE","United Arab Emirates","EMRO",0,0,0,0
"2020-01-22","AE","United Arab Emirates","EMRO",0,0,0,0
"2020-01-23","AE","United Arab Emirates","EMRO",0,0,0,0
"2020-01-24","AE","United Arab Emirates","EMRO",0,0,0,0
"2020-01-25","AE","United Arab Emirates","EMRO",0,0,0,0
"2020-01-26","AE","United Arab Emirates","EMRO",0,0,0,0
"2020-01-27","AE","United Arab Emirates","EMRO",0,0,0,0
"2020-01-28","AE","United Arab Emirates","EMRO",0,0,0,0
"2020-01-29","AE","United Arab Emirates","EMRO",8,8,0,0
"2020-01-30","AE","United Arab Emirates","EMRO",0,8,0,0
"2020-01-31","AE","United Arab Emirates","EMRO",0,8,0,0
"2020-02-01","AE","United Arab Emirates","EMRO",1,9,0,0
"2020-02-02","AE","United Arab Emirates","EMRO",0,9,0,0
"2020-02-03","AE","United Arab Emirates","EMRO",0,9,0,0
"2020-02-04","AE","United Arab Emirates","EMRO",0,9,0,0
"2020-02-05","AE","United Arab Emirates","EMRO",0,9,0,0
"2020-02-06","AE","United Arab Emirates","EMRO",0,9,0,0
"2020-02-07","AE","United Arab Emirates","EMRO",0,9,0,0
"2020-02-08","AE","United Arab Emirates","EMRO",2,11,0,0
"2020-02-09","AE","United Arab Emirates","EMRO",0,11,0,0
"2020-02-10","AE","United Arab Emirates","EMRO",1,12,0,0
"2020-02-11","AE","United Arab Emirates","EMRO",0,12,0,0
"2020-02-12","AE","United Arab Emirates","EMRO",0,12,0,0
"2020-02-13","AE","United Arab Emirates","EMRO",0,12,0,0
"2020-02-14","AE","United Arab Emirates","EMRO",0,12,0,0
"2020-02-15","AE","United Arab Emirates","EMRO",0,12,0,0
"2020-02-16","AE","United Arab Emirates","EMRO",1,13,0,0
"2020-02-17","AE","United Arab Emirates","EMRO",0,13,0,0
"2020-02-18","AE","United Arab Emirates","EMRO",0,13,0,0
"2020-02-19","AE","United Arab Emirates","EMRO",0,13,0,0
"2020-02-20","AE","United Arab Emirates","EMRO",0,13,0,0
"2020-02-21","AE","United Arab Emirates","EMRO",2,15,0,0
"2020-02-22","AE","United Arab Emirates","EMRO",2,17,0,0
"2020-02-23","AE","United Arab Emirates","EMRO",0,17,0,0
"2020-02-24","AE","United Arab Emirates","EMRO",0,17,0,0
"2020-02-25","AE","United Arab Emirates","EMRO",0,17,0,0
"2020-02-26","AE","United Arab Emirates","EMRO",0,17,0,0
"2020-02-27","AE","United Arab Emirates","EMRO",6,23,0,0
"2020-02-28","AE","United Arab Emirates","EMRO",0,23,0,0
"2020-02-29","AE","United Arab Emirates","EMRO",0,23,0,0
"2020-03-01","AE","United Arab Emirates","EMRO",2,25,0,0
"2020-03-02","AE","United Arab Emirates","EMRO",0,25,0,0
"2020-03-03","AE","United Arab Emirates","EMRO",6,31,0,0
"2020-03-04","AE","United Arab Emirates","EMRO",0,31,0,0
"2020-03-05","AE","United Arab Emirates","EMRO",0,31,0,0
"2020-03-06","AE","United Arab Emirates","EMRO",18,49,0,0
"2020-03-07","AE","United Arab Emirates","EMRO",0,49,0,0
"2020-03-08","AE","United Arab Emirates","EMRO",0,49,0,0
"2020-03-09","AE","United Arab Emirates","EMRO",14,63,0,0
"2020-03-10","AE","United Arab Emirates","EMRO",15,78,0,0
"2020-03-11","AE","United Arab Emirates","EMRO",0,78,0,0
"2020-03-12","AE","United Arab Emirates","EMRO",11,89,0,0
"2020-03-13","AE","United Arab Emirates","EMRO",0,89,0,0
"2020-03-14","AE","United Arab Emirates","EMRO",0,89,0,0
"2020-03-15","AE","United Arab Emirates","EMRO",13,102,0,0
"2020-03-16","AE","United Arab Emirates","EMRO",0,102,0,0
"2020-03-17","AE","United Arab Emirates","EMRO",0,102,0,0
"2020-03-18","AE","United Arab Emirates","EMRO",15,117,0,0
"2020-03-19","AE","United Arab Emirates","EMRO",23,140,0,0
"2020-03-20","AE","United Arab Emirates","EMRO",0,140,0,0
"2020-03-21","AE","United Arab Emirates","EMRO",13,153,2,2
"2020-03-22","AE","United Arab Emirates","EMRO",0,153,0,2
"2020-03-23","AE","United Arab Emirates","EMRO",45,198,0,2
"2020-03-24","AE","United Arab Emirates","EMRO",50,248,0,2
"2020-03-25","AE","United Arab Emirates","EMRO",85,333,0,2
"2020-03-26","AE","United Arab Emirates","EMRO",0,333,0,2
"2020-03-27","AE","United Arab Emirates","EMRO",0,333,0,2
"2020-03-28","AE","United Arab Emirates","EMRO",135,468,0,2
"2020-03-29","AE","United Arab Emirates","EMRO",0,468,0,2
"2020-03-30","AE","United Arab Emirates","EMRO",143,611,3,5
"2020-03-31","AE","United Arab Emirates","EMRO",53,664,1,6
"2020-04-01","AE","United Arab Emirates","EMRO",0,664,0,6
"2020-04-02","AE","United Arab Emirates","EMRO",150,814,2,8
"2020-04-03","AE","United Arab Emirates","EMRO",210,1024,0,8
"2020-04-04","AE","United Arab Emirates","EMRO",481,1505,2,10
"2020-04-05","AE","United Arab Emirates","EMRO",0,1505,0,10
"2020-04-06","AE","United Arab Emirates","EMRO",571,2076,1,11
"2020-04-07","AE","United Arab Emirates","EMRO",0,2076,0,11
"2020-04-08","AE","United Arab Emirates","EMRO",583,2659,1,12
"2020-04-09","AE","United Arab Emirates","EMRO",0,2659,0,12
"2020-04-10","AE","United Arab Emirates","EMRO",331,2990,2,14
"2020-04-11","AE","United Arab Emirates","EMRO",746,3736,6,20
"2020-04-12","AE","United Arab Emirates","EMRO",0,3736,0,20
"2020-04-13","AE","United Arab Emirates","EMRO",387,4123,5,25
"2020-04-14","AE","United Arab Emirates","EMRO",398,4521,0,25
"2020-04-15","AE","United Arab Emirates","EMRO",412,4933,3,28
"2020-04-16","AE","United Arab Emirates","EMRO",432,5365,5,33
"2020-04-17","AE","United Arab Emirates","EMRO",460,5825,2,35
"2020-04-18","AE","United Arab Emirates","EMRO",477,6302,2,37
"2020-04-19","AE","United Arab Emirates","EMRO",479,6781,4,41
"2020-04-20","AE","United Arab Emirates","EMRO",484,7265,2,43
"2020-04-21","AE","United Arab Emirates","EMRO",490,7755,3,46
"2020-04-22","AE","United Arab Emirates","EMRO",483,8238,6,52
"2020-04-23","AE","United Arab Emirates","EMRO",518,8756,4,56
"2020-04-24","AE","United Arab Emirates","EMRO",525,9281,8,64
"2020-04-25","AE","United Arab Emirates","EMRO",0,9281,0,64
"2020-04-26","AE","United Arab Emirates","EMRO",1068,10349,12,76
"2020-04-27","AE","United Arab Emirates","EMRO",0,10349,0,76
"2020-04-28","AE","United Arab Emirates","EMRO",1031,11380,13,89
"2020-04-29","AE","United Arab Emirates","EMRO",0,11380,0,89
"2020-04-30","AE","United Arab Emirates","EMRO",1101,12481,16,105
"2020-05-01","AE","United Arab Emirates","EMRO",557,13038,6,111
"2020-05-02","AE","United Arab Emirates","EMRO",0,13038,0,111
"2020-05-03","AE","United Arab Emirates","EMRO",1125,14163,15,126
"2020-05-04","AE","United Arab Emirates","EMRO",0,14163,0,126
"2020-05-05","AE","United Arab Emirates","EMRO",1029,15192,20,146
"2020-05-06","AE","United Arab Emirates","EMRO",0,15192,0,146
"2020-05-07","AE","United Arab Emirates","EMRO",1048,16240,19,165
"2020-05-08","AE","United Arab Emirates","EMRO",553,16793,9,174
"2020-05-09","AE","United Arab Emirates","EMRO",0,16793,0,174
"2020-05-10","AE","United Arab Emirates","EMRO",1405,18198,24,198
"2020-05-11","AE","United Arab Emirates","EMRO",0,18198,0,198
"2020-05-12","AE","United Arab Emirates","EMRO",1463,19661,5,203
"2020-05-13","AE","United Arab Emirates","EMRO",0,19661,0,203
"2020-05-14","AE","United Arab Emirates","EMRO",1423,21084,5,208
"2020-05-15","AE","United Arab Emirates","EMRO",747,21831,2,210
"2020-05-16","AE","United Arab Emirates","EMRO",0,21831,0,210
"2020-05-17","AE","United Arab Emirates","EMRO",1527,23358,10,220
"2020-05-18","AE","United Arab Emirates","EMRO",0,23358,0,220
"2020-05-19","AE","United Arab Emirates","EMRO",1705,25063,7,227
"2020-05-20","AE","United Arab Emirates","EMRO",0,25063,0,227
"2020-05-21","AE","United Arab Emirates","EMRO",941,26004,6,233
"2020-05-22","AE","United Arab Emirates","EMRO",894,26898,4,237
"2020-05-23","AE","United Arab Emirates","EMRO",994,27892,4,241
"2020-05-24","AE","United Arab Emirates","EMRO",812,28704,3,244
"2020-05-25","AE","United Arab Emirates","EMRO",781,29485,1,245
"2020-05-26","AE","United Arab Emirates","EMRO",822,30307,3,248
"2020-05-27","AE","United Arab Emirates","EMRO",779,31086,5,253
"2020-05-28","AE","United Arab Emirates","EMRO",883,31969,2,255
"2020-05-29","AE","United Arab Emirates","EMRO",563,32532,3,258
"2020-05-30","AE","United Arab Emirates","EMRO",638,33170,2,260
"2020-05-31","AE","United Arab Emirates","EMRO",726,33896,2,262
"2020-06-01","AE","United Arab Emirates","EMRO",661,34557,2,264
"2020-06-02","AE","United Arab Emirates","EMRO",635,35192,2,266
"2020-06-03","AE","United Arab Emirates","EMRO",596,35788,3,269
"2020-06-04","AE","United Arab Emirates","EMRO",571,36359,1,270
"2020-06-05","AE","United Arab Emirates","EMRO",659,37018,3,273
"2020-06-06","AE","United Arab Emirates","EMRO",624,37642,1,274
"2020-06-07","AE","United Arab Emirates","EMRO",626,38268,1,275
"2020-06-08","AE","United Arab Emirates","EMRO",540,38808,1,276
"2020-06-09","AE","United Arab Emirates","EMRO",568,39376,5,281
"2020-06-10","AE","United Arab Emirates","EMRO",528,39904,2,283
"2020-06-11","AE","United Arab Emirates","EMRO",603,40507,1,284
"2020-06-12","AE","United Arab Emirates","EMRO",479,40986,2,286
"2020-06-13","AE","United Arab Emirates","EMRO",513,41499,1,287
"2020-06-14","AE","United Arab Emirates","EMRO",491,41990,1,288
"2020-06-15","AE","United Arab Emirates","EMRO",304,42294,1,289
"2020-06-16","AE","United Arab Emirates","EMRO",342,42636,2,291
"2020-06-17","AE","United Arab Emirates","EMRO",346,42982,2,293
"2020-06-18","AE","United Arab Emirates","EMRO",382,43364,2,295
"2020-06-19","AE","United Arab Emirates","EMRO",388,43752,3,298
"2020-06-20","AE","United Arab Emirates","EMRO",393,44145,2,300
"2020-06-21","AE","United Arab Emirates","EMRO",388,44533,1,301
"2020-06-22","AE","United Arab Emirates","EMRO",392,44925,1,302
"2020-06-23","AE","United Arab Emirates","EMRO",378,45303,1,303
"2020-06-24","AE","United Arab Emirates","EMRO",380,45683,2,305
"2020-06-25","AE","United Arab Emirates","EMRO",450,46133,2,307
"2020-06-26","AE","United Arab Emirates","EMRO",430,46563,1,308
"2020-06-27","AE","United Arab Emirates","EMRO",410,46973,2,310
"2020-06-28","AE","United Arab Emirates","EMRO",387,47360,1,311
"2020-06-29","AE","United Arab Emirates","EMRO",437,47797,2,313
"2020-06-30","AE","United Arab Emirates","EMRO",449,48246,1,314
"2020-07-01","AE","United Arab Emirates","EMRO",421,48667,1,315
"2020-07-02","AE","United Arab Emirates","EMRO",402,49069,1,316
"2020-07-03","AE","United Arab Emirates","EMRO",400,49469,1,317
"2020-07-04","AE","United Arab Emirates","EMRO",672,50141,1,318
"2020-07-05","AE","United Arab Emirates","EMRO",716,50857,3,321
"2020-07-06","AE","United Arab Emirates","EMRO",683,51540,2,323
"2020-07-07","AE","United Arab Emirates","EMRO",528,52068,1,324
"2020-07-08","AE","United Arab Emirates","EMRO",532,52600,2,326
"2020-07-09","AE","United Arab Emirates","EMRO",445,53045,1,327
"2020-07-10","AE","United Arab Emirates","EMRO",532,53577,1,328
"2020-07-11","AE","United Arab Emirates","EMRO",473,54050,2,330
"2020-07-12","AE","United Arab Emirates","EMRO",403,54453,1,331
"2020-07-13","AE","United Arab Emirates","EMRO",401,54854,2,333
"2020-07-14","AE","United Arab Emirates","EMRO",344,55198,1,334
"2020-07-15","AE","United Arab Emirates","EMRO",375,55573,1,335
"2020-07-16","AE","United Arab Emirates","EMRO",275,55848,0,335
"2020-07-17","AE","United Arab Emirates","EMRO",281,56129,0,335
"2020-07-18","AE","United Arab Emirates","EMRO",293,56422,2,337
"2020-07-19","AE","United Arab Emirates","EMRO",289,56711,1,338
"2020-07-20","AE","United Arab Emirates","EMRO",211,56922,1,339
"2020-07-21","AE","United Arab Emirates","EMRO",271,57193,1,340
"2020-07-22","AE","United Arab Emirates","EMRO",305,57498,1,341
"2020-07-23","AE","United Arab Emirates","EMRO",236,57734,1,342
"2020-07-24","AE","United Arab Emirates","EMRO",254,57988,0,342
"2020-07-25","AE","United Arab Emirates","EMRO",261,58249,1,343
"2020-07-26","AE","United Arab Emirates","EMRO",313,58562,0,343
"2020-07-27","AE","United Arab Emirates","EMRO",351,58913,1,344
"2020-07-28","AE","United Arab Emirates","EMRO",264,59177,1,345
"2020-07-29","AE","United Arab Emirates","EMRO",369,59546,2,347
"2020-07-30","AE","United Arab Emirates","EMRO",375,59921,0,347
"2020-07-31","AE","United Arab Emirates","EMRO",302,60223,2,349
"2020-08-01","AE","United Arab Emirates","EMRO",283,60506,2,351
"2020-08-02","AE","United Arab Emirates","EMRO",254,60760,0,351
"2020-08-03","AE","United Arab Emirates","EMRO",239,60999,0,351
"2020-08-04","AE","United Arab Emirates","EMRO",164,61163,0,351
"2020-08-05","AE","United Arab Emirates","EMRO",189,61352,0,351
"2020-08-06","AE","United Arab Emirates","EMRO",254,61606,2,353
"2020-08-07","AE","United Arab Emirates","EMRO",239,61845,1,354
"2020-08-08","AE","United Arab Emirates","EMRO",216,62061,2,356
"2020-08-09","AE","United Arab Emirates","EMRO",239,62300,0,356
"2020-08-10","AE","United Arab Emirates","EMRO",225,62525,1,357
"2020-08-11","AE","United Arab Emirates","EMRO",179,62704,0,357
"2020-08-12","AE","United Arab Emirates","EMRO",262,62966,1,358
"2020-08-13","AE","United Arab Emirates","EMRO",246,63212,0,358
"2020-08-14","AE","United Arab Emirates","EMRO",277,63489,0,358
"2020-08-15","AE","United Arab Emirates","EMRO",330,63819,1,359
"2020-08-16","AE","United Arab Emirates","EMRO",283,64102,2,361
"2020-08-17","AE","United Arab Emirates","EMRO",210,64312,3,364
"2020-08-18","AE","United Arab Emirates","EMRO",229,64541,0,364
"2020-08-19","AE","United Arab Emirates","EMRO",365,64906,2,366
"2020-08-20","AE","United Arab Emirates","EMRO",435,65341,1,367
"2020-08-21","AE","United Arab Emirates","EMRO",461,65802,2,369
"2020-08-22","AE","United Arab Emirates","EMRO",391,66193,1,370
"2020-08-23","AE","United Arab Emirates","EMRO",424,66617,2,372
"2020-08-24","AE","United Arab Emirates","EMRO",390,67007,3,375
"2020-08-25","AE","United Arab Emirates","EMRO",275,67282,1,376
"2020-08-26","AE","United Arab Emirates","EMRO",339,67621,1,377
"2020-08-27","AE","United Arab Emirates","EMRO",399,68020,1,378
"2020-08-28","AE","United Arab Emirates","EMRO",491,68511,0,378
"2020-08-29","AE","United Arab Emirates","EMRO",390,68901,1,379
"2020-08-30","AE","United Arab Emirates","EMRO",427,69328,0,379
"2020-08-31","AE","United Arab Emirates","EMRO",362,69690,3,382
"2020-09-01","AE","United Arab Emirates","EMRO",541,70231,2,384
"2020-09-02","AE","United Arab Emirates","EMRO",574,70805,0,384
"2020-09-03","AE","United Arab Emirates","EMRO",735,71540,3,387
"2020-09-04","AE","United Arab Emirates","EMRO",614,72154,0,387
"2020-09-05","AE","United Arab Emirates","EMRO",612,72766,0,387
"2020-09-06","AE","United Arab Emirates","EMRO",705,73471,1,388
"2020-09-07","AE","United Arab Emirates","EMRO",513,73984,0,388
"2020-09-08","AE","United Arab Emirates","EMRO",470,74454,2,390
"2020-09-09","AE","United Arab Emirates","EMRO",644,75098,1,391
"2020-09-10","AE","United Arab Emirates","EMRO",883,75981,2,393
"2020-09-11","AE","United Arab Emirates","EMRO",930,76911,5,398
"2020-09-12","AE","United Arab Emirates","EMRO",931,77842,0,398
"2020-09-13","AE","United Arab Emirates","EMRO",1007,78849,1,399
"2020-09-14","AE","United Arab Emirates","EMRO",640,79489,0,399
"2020-09-15","AE","United Arab Emirates","EMRO",777,80266,0,399
"2020-09-16","AE","United Arab Emirates","EMRO",674,80940,2,401
"2020-09-17","AE","United Arab Emirates","EMRO",842,81782,1,402
"2020-09-18","AE","United Arab Emirates","EMRO",786,82568,0,402
"2020-09-19","AE","United Arab Emirates","EMRO",865,83433,1,403
"2020-09-20","AE","United Arab Emirates","EMRO",809,84242,1,404
"2020-09-21","AE","United Arab Emirates","EMRO",674,84916,0,404
"2020-09-22","AE","United Arab Emirates","EMRO",679,85595,1,405
"2020-09-23","AE","United Arab Emirates","EMRO",852,86447,0,405
"2020-09-24","AE","United Arab Emirates","EMRO",1083,87530,1,406
"2020-09-25","AE","United Arab Emirates","EMRO",1002,88532,1,407
"2020-09-26","AE","United Arab Emirates","EMRO",1008,89540,2,409
"2020-09-27","AE","United Arab Emirates","EMRO",1078,90618,2,411
"2020-09-28","AE","United Arab Emirates","EMRO",851,91469,1,412
"2020-09-29","AE","United Arab Emirates","EMRO",626,92095,1,413
"2020-09-30","AE","United Arab Emirates","EMRO",995,93090,3,416
"2020-10-01","AE","United Arab Emirates","EMRO",1100,94190,3,419
"2020-10-02","AE","United Arab Emirates","EMRO",1158,95348,2,421
"2020-10-03","AE","United Arab Emirates","EMRO",1181,96529,3,424
"2020-10-04","AE","United Arab Emirates","EMRO",1231,97760,2,426
"2020-10-05","AE","United Arab Emirates","EMRO",1041,98801,0,426
"2020-10-06","AE","United Arab Emirates","EMRO",932,99733,3,429
"2020-10-07","AE","United Arab Emirates","EMRO",1061,100794,6,435
"2020-10-08","AE","United Arab Emirates","EMRO",1046,101840,1,436
"2020-10-09","AE","United Arab Emirates","EMRO",1089,102929,2,438
"2020-10-10","AE","United Arab Emirates","EMRO",1075,104004,4,442
"2020-10-11","AE","United Arab Emirates","EMRO",1129,105133,1,443
"2020-10-12","AE","United Arab Emirates","EMRO",1096,106229,2,445
"2020-10-13","AE","United Arab Emirates","EMRO",1064,107293,1,446
"2020-10-14","AE","United Arab Emirates","EMRO",1315,108608,2,448
"2020-10-15","AE","United Arab Emirates","EMRO",1431,110039,2,450
"2020-10-16","AE","United Arab Emirates","EMRO",1398,111437,2,452
"2020-10-17","AE","United Arab Emirates","EMRO",1412,112849,3,455
"2020-10-18","AE","United Arab Emirates","EMRO",1538,114387,4,459
"2020-10-19","AE","United Arab Emirates","EMRO",1215,115602,4,463
"2020-10-20","AE","United Arab Emirates","EMRO",915,116517,3,466
"2020-10-21","AE","United Arab Emirates","EMRO",1077,117594,4,470
"2020-10-22","AE","United Arab Emirates","EMRO",1538,119132,2,472
"2020-10-23","AE","United Arab Emirates","EMRO",1578,120710,2,474
"2020-10-24","AE","United Arab Emirates","EMRO",1563,122273,1,475
"2020-10-25","AE","United Arab Emirates","EMRO",1491,123764,0,475
"2020-10-26","AE","United Arab Emirates","EMRO",1359,125123,2,477
"2020-10-27","AE","United Arab Emirates","EMRO",1111,126234,3,480
"2020-10-28","AE","United Arab Emirates","EMRO",1390,127624,2,482
"2020-10-29","AE","United Arab Emirates","EMRO",1400,129024,3,485
"2020-10-30","AE","United Arab Emirates","EMRO",1312,130336,3,488
"2020-10-31","AE","United Arab Emirates","EMRO",1172,131508,2,490
"2020-11-01","AE","United Arab Emirates","EMRO",1121,132629,5,495
"2020-11-02","AE","United Arab Emirates","EMRO",1278,133907,1,496
"2020-11-03","AE","United Arab Emirates","EMRO",1234,135141,1,497
"2020-11-04","AE","United Arab Emirates","EMRO",1008,136149,6,503
"2020-11-05","AE","United Arab Emirates","EMRO",1161,137310,2,505
"2020-11-06","AE","United Arab Emirates","EMRO",1289,138599,3,508
"2020-11-07","AE","United Arab Emirates","EMRO",1292,139891,2,510
"2020-11-08","AE","United Arab Emirates","EMRO",1141,141032,4,514
"2020-11-09","AE","United Arab Emirates","EMRO",1111,142143,0,514
"2020-11-10","AE","United Arab Emirates","EMRO",1146,143289,1,515
"2020-11-11","AE","United Arab Emirates","EMRO",1096,144385,3,518
"2020-11-12","AE","United Arab Emirates","EMRO",1214,145599,2,520
"2020-11-13","AE","United Arab Emirates","EMRO",1136,146735,3,523
"2020-11-14","AE","United Arab Emirates","EMRO",1226,147961,5,528
"2020-11-15","AE","United Arab Emirates","EMRO",1174,149135,0,528
"2020-11-16","AE","United Arab Emirates","EMRO",1210,150345,2,530
"2020-11-17","AE","United Arab Emirates","EMRO",1209,151554,4,534
"2020-11-18","AE","United Arab Emirates","EMRO",1255,152809,4,538
"2020-11-19","AE","United Arab Emirates","EMRO",1292,154101,4,542
"2020-11-20","AE","United Arab Emirates","EMRO",1153,155254,2,544
"2020-11-21","AE","United Arab Emirates","EMRO",1269,156523,3,547
"2020-11-22","AE","United Arab Emirates","EMRO",1262,157785,1,548
"2020-11-23","AE","United Arab Emirates","EMRO",1205,158990,4,552
"2020-11-24","AE","United Arab Emirates","EMRO",1065,160055,2,554
"2020-11-25","AE","United Arab Emirates","EMRO",1310,161365,5,559
"2020-11-26","AE","United Arab Emirates","EMRO",1297,162662,4,563
"2020-11-27","AE","United Arab Emirates","EMRO",1305,163967,1,564
"2020-11-28","AE","United Arab Emirates","EMRO",1283,165250,3,567
"2020-11-29","AE","United Arab Emirates","EMRO",1252,166502,2,569
"2020-11-30","AE","United Arab Emirates","EMRO",1251,167753,1,570
"2020-12-01","AE","United Arab Emirates","EMRO",1107,168860,2,572
"2020-12-02","AE","United Arab Emirates","EMRO",1289,170149,4,576
"2020-12-03","AE","United Arab Emirates","EMRO",1285,171434,4,580
"2020-12-04","AE","United Arab Emirates","EMRO",1317,172751,5,585
"2020-12-05","AE","United Arab Emirates","EMRO",1311,174062,1,586
"2020-12-06","AE","United Arab Emirates","EMRO",1214,175276,3,589
"2020-12-07","AE","United Arab Emirates","EMRO",1153,176429,3,592
"2020-12-08","AE","United Arab Emirates","EMRO",1148,177577,2,594
"2020-12-09","AE","United Arab Emirates","EMRO",1260,178837,2,596
"2020-12-10","AE","United Arab Emirates","EMRO",1313,180150,2,598
"2020-12-11","AE","United Arab Emirates","EMRO",1255,181405,4,602
"2020-12-12","AE","United Arab Emirates","EMRO",1196,182601,5,607
