"Fecha_de_reporte","Codigo_pais","Paises","Region","Casos_nuevos","Casos_acumulados","defunciones_nuevas","defunciones_acumuladas"
"2020-01-03","UY","Uruguay","AMRO",0,0,0,0
"2020-01-04","UY","Uruguay","AMRO",0,0,0,0
"2020-01-05","UY","Uruguay","AMRO",0,0,0,0
"2020-01-06","UY","Uruguay","AMRO",0,0,0,0
"2020-01-07","UY","Uruguay","AMRO",0,0,0,0
"2020-01-08","UY","Uruguay","AMRO",0,0,0,0
"2020-01-09","UY","Uruguay","AMRO",0,0,0,0
"2020-01-10","UY","Uruguay","AMRO",0,0,0,0
"2020-01-11","UY","Uruguay","AMRO",0,0,0,0
"2020-01-12","UY","Uruguay","AMRO",0,0,0,0
"2020-01-13","UY","Uruguay","AMRO",0,0,0,0
"2020-01-14","UY","Uruguay","AMRO",0,0,0,0
"2020-01-15","UY","Uruguay","AMRO",0,0,0,0
"2020-01-16","UY","Uruguay","AMRO",0,0,0,0
"2020-01-17","UY","Uruguay","AMRO",0,0,0,0
"2020-01-18","UY","Uruguay","AMRO",0,0,0,0
"2020-01-19","UY","Uruguay","AMRO",0,0,0,0
"2020-01-20","UY","Uruguay","AMRO",0,0,0,0
"2020-01-21","UY","Uruguay","AMRO",0,0,0,0
"2020-01-22","UY","Uruguay","AMRO",0,0,0,0
"2020-01-23","UY","Uruguay","AMRO",0,0,0,0
"2020-01-24","UY","Uruguay","AMRO",0,0,0,0
"2020-01-25","UY","Uruguay","AMRO",0,0,0,0
"2020-01-26","UY","Uruguay","AMRO",0,0,0,0
"2020-01-27","UY","Uruguay","AMRO",0,0,0,0
"2020-01-28","UY","Uruguay","AMRO",0,0,0,0
"2020-01-29","UY","Uruguay","AMRO",0,0,0,0
"2020-01-30","UY","Uruguay","AMRO",0,0,0,0
"2020-01-31","UY","Uruguay","AMRO",0,0,0,0
"2020-02-01","UY","Uruguay","AMRO",0,0,0,0
"2020-02-02","UY","Uruguay","AMRO",0,0,0,0
"2020-02-03","UY","Uruguay","AMRO",0,0,0,0
"2020-02-04","UY","Uruguay","AMRO",0,0,0,0
"2020-02-05","UY","Uruguay","AMRO",0,0,0,0
"2020-02-06","UY","Uruguay","AMRO",0,0,0,0
"2020-02-07","UY","Uruguay","AMRO",0,0,0,0
"2020-02-08","UY","Uruguay","AMRO",0,0,0,0
"2020-02-09","UY","Uruguay","AMRO",0,0,0,0
"2020-02-10","UY","Uruguay","AMRO",0,0,0,0
"2020-02-11","UY","Uruguay","AMRO",0,0,0,0
"2020-02-12","UY","Uruguay","AMRO",0,0,0,0
"2020-02-13","UY","Uruguay","AMRO",0,0,0,0
"2020-02-14","UY","Uruguay","AMRO",0,0,0,0
"2020-02-15","UY","Uruguay","AMRO",0,0,0,0
"2020-02-16","UY","Uruguay","AMRO",0,0,0,0
"2020-02-17","UY","Uruguay","AMRO",0,0,0,0
"2020-02-18","UY","Uruguay","AMRO",0,0,0,0
"2020-02-19","UY","Uruguay","AMRO",0,0,0,0
"2020-02-20","UY","Uruguay","AMRO",0,0,0,0
"2020-02-21","UY","Uruguay","AMRO",0,0,0,0
"2020-02-22","UY","Uruguay","AMRO",0,0,0,0
"2020-02-23","UY","Uruguay","AMRO",0,0,0,0
"2020-02-24","UY","Uruguay","AMRO",0,0,0,0
"2020-02-25","UY","Uruguay","AMRO",0,0,0,0
"2020-02-26","UY","Uruguay","AMRO",0,0,0,0
"2020-02-27","UY","Uruguay","AMRO",0,0,0,0
"2020-02-28","UY","Uruguay","AMRO",0,0,0,0
"2020-02-29","UY","Uruguay","AMRO",0,0,0,0
"2020-03-01","UY","Uruguay","AMRO",0,0,0,0
"2020-03-02","UY","Uruguay","AMRO",0,0,0,0
"2020-03-03","UY","Uruguay","AMRO",0,0,0,0
"2020-03-04","UY","Uruguay","AMRO",0,0,0,0
"2020-03-05","UY","Uruguay","AMRO",0,0,0,0
"2020-03-06","UY","Uruguay","AMRO",0,0,0,0
"2020-03-07","UY","Uruguay","AMRO",0,0,0,0
"2020-03-08","UY","Uruguay","AMRO",0,0,0,0
"2020-03-09","UY","Uruguay","AMRO",0,0,0,0
"2020-03-10","UY","Uruguay","AMRO",0,0,0,0
"2020-03-11","UY","Uruguay","AMRO",0,0,0,0
"2020-03-12","UY","Uruguay","AMRO",0,0,0,0
"2020-03-13","UY","Uruguay","AMRO",0,0,0,0
"2020-03-14","UY","Uruguay","AMRO",0,0,0,0
"2020-03-15","UY","Uruguay","AMRO",8,8,0,0
"2020-03-16","UY","Uruguay","AMRO",0,8,0,0
"2020-03-17","UY","Uruguay","AMRO",2,10,0,0
"2020-03-18","UY","Uruguay","AMRO",23,33,0,0
"2020-03-19","UY","Uruguay","AMRO",46,79,0,0
"2020-03-20","UY","Uruguay","AMRO",15,94,0,0
"2020-03-21","UY","Uruguay","AMRO",0,94,0,0
"2020-03-22","UY","Uruguay","AMRO",0,94,0,0
"2020-03-23","UY","Uruguay","AMRO",41,135,0,0
"2020-03-24","UY","Uruguay","AMRO",27,162,0,0
"2020-03-25","UY","Uruguay","AMRO",0,162,0,0
"2020-03-26","UY","Uruguay","AMRO",55,217,0,0
"2020-03-27","UY","Uruguay","AMRO",0,217,0,0
"2020-03-28","UY","Uruguay","AMRO",21,238,0,0
"2020-03-29","UY","Uruguay","AMRO",36,274,0,0
"2020-03-30","UY","Uruguay","AMRO",29,303,0,0
"2020-03-31","UY","Uruguay","AMRO",6,309,0,0
"2020-04-01","UY","Uruguay","AMRO",11,320,1,1
"2020-04-02","UY","Uruguay","AMRO",18,338,1,2
"2020-04-03","UY","Uruguay","AMRO",12,350,2,4
"2020-04-04","UY","Uruguay","AMRO",19,369,0,4
"2020-04-05","UY","Uruguay","AMRO",17,386,0,4
"2020-04-06","UY","Uruguay","AMRO",14,400,1,5
"2020-04-07","UY","Uruguay","AMRO",6,406,1,6
"2020-04-08","UY","Uruguay","AMRO",9,415,0,6
"2020-04-09","UY","Uruguay","AMRO",9,424,1,7
"2020-04-10","UY","Uruguay","AMRO",22,446,0,7
"2020-04-11","UY","Uruguay","AMRO",7,453,0,7
"2020-04-12","UY","Uruguay","AMRO",12,465,0,7
"2020-04-13","UY","Uruguay","AMRO",7,472,0,7
"2020-04-14","UY","Uruguay","AMRO",11,483,0,7
"2020-04-15","UY","Uruguay","AMRO",0,483,1,8
"2020-04-16","UY","Uruguay","AMRO",9,492,0,8
"2020-04-17","UY","Uruguay","AMRO",1,493,1,9
"2020-04-18","UY","Uruguay","AMRO",9,502,0,9
"2020-04-19","UY","Uruguay","AMRO",6,508,0,9
"2020-04-20","UY","Uruguay","AMRO",9,517,0,9
"2020-04-21","UY","Uruguay","AMRO",11,528,1,10
"2020-04-22","UY","Uruguay","AMRO",7,535,0,10
"2020-04-23","UY","Uruguay","AMRO",8,543,2,12
"2020-04-24","UY","Uruguay","AMRO",6,549,0,12
"2020-04-25","UY","Uruguay","AMRO",8,557,0,12
"2020-04-26","UY","Uruguay","AMRO",6,563,0,12
"2020-04-27","UY","Uruguay","AMRO",33,596,2,14
"2020-04-28","UY","Uruguay","AMRO",10,606,1,15
"2020-04-29","UY","Uruguay","AMRO",14,620,0,15
"2020-04-30","UY","Uruguay","AMRO",5,625,0,15
"2020-05-01","UY","Uruguay","AMRO",5,630,0,15
"2020-05-02","UY","Uruguay","AMRO",13,643,2,17
"2020-05-03","UY","Uruguay","AMRO",5,648,0,17
"2020-05-04","UY","Uruguay","AMRO",4,652,0,17
"2020-05-05","UY","Uruguay","AMRO",3,655,0,17
"2020-05-06","UY","Uruguay","AMRO",2,657,0,17
"2020-05-07","UY","Uruguay","AMRO",13,670,0,17
"2020-05-08","UY","Uruguay","AMRO",3,673,0,17
"2020-05-09","UY","Uruguay","AMRO",11,684,0,17
"2020-05-10","UY","Uruguay","AMRO",10,694,0,17
"2020-05-11","UY","Uruguay","AMRO",8,702,0,17
"2020-05-12","UY","Uruguay","AMRO",5,707,2,19
"2020-05-13","UY","Uruguay","AMRO",4,711,0,19
"2020-05-14","UY","Uruguay","AMRO",6,717,0,19
"2020-05-15","UY","Uruguay","AMRO",2,719,0,19
"2020-05-16","UY","Uruguay","AMRO",5,724,0,19
"2020-05-17","UY","Uruguay","AMRO",8,732,0,19
"2020-05-18","UY","Uruguay","AMRO",2,734,0,19
"2020-05-19","UY","Uruguay","AMRO",0,734,1,20
"2020-05-20","UY","Uruguay","AMRO",3,737,0,20
"2020-05-21","UY","Uruguay","AMRO",1,738,0,20
"2020-05-22","UY","Uruguay","AMRO",8,746,0,20
"2020-05-23","UY","Uruguay","AMRO",3,749,0,20
"2020-05-24","UY","Uruguay","AMRO",4,753,0,20
"2020-05-25","UY","Uruguay","AMRO",11,764,2,22
"2020-05-26","UY","Uruguay","AMRO",5,769,0,22
"2020-05-27","UY","Uruguay","AMRO",18,787,0,22
"2020-05-28","UY","Uruguay","AMRO",2,789,0,22
"2020-05-29","UY","Uruguay","AMRO",14,803,0,22
"2020-05-30","UY","Uruguay","AMRO",8,811,0,22
"2020-05-31","UY","Uruguay","AMRO",5,816,0,22
"2020-06-01","UY","Uruguay","AMRO",5,821,0,22
"2020-06-02","UY","Uruguay","AMRO",2,823,0,22
"2020-06-03","UY","Uruguay","AMRO",2,825,1,23
"2020-06-04","UY","Uruguay","AMRO",1,826,0,23
"2020-06-05","UY","Uruguay","AMRO",2,828,0,23
"2020-06-06","UY","Uruguay","AMRO",4,832,0,23
"2020-06-07","UY","Uruguay","AMRO",2,834,0,23
"2020-06-08","UY","Uruguay","AMRO",11,845,0,23
"2020-06-09","UY","Uruguay","AMRO",0,845,0,23
"2020-06-10","UY","Uruguay","AMRO",0,845,0,23
"2020-06-11","UY","Uruguay","AMRO",1,846,0,23
"2020-06-12","UY","Uruguay","AMRO",1,847,0,23
"2020-06-13","UY","Uruguay","AMRO",0,847,0,23
"2020-06-14","UY","Uruguay","AMRO",0,847,0,23
"2020-06-15","UY","Uruguay","AMRO",0,847,0,23
"2020-06-16","UY","Uruguay","AMRO",1,848,0,23
"2020-06-17","UY","Uruguay","AMRO",0,848,0,23
"2020-06-18","UY","Uruguay","AMRO",1,849,1,24
"2020-06-19","UY","Uruguay","AMRO",0,849,0,24
"2020-06-20","UY","Uruguay","AMRO",1,850,0,24
"2020-06-21","UY","Uruguay","AMRO",3,853,0,24
"2020-06-22","UY","Uruguay","AMRO",6,859,1,25
"2020-06-23","UY","Uruguay","AMRO",17,876,0,25
"2020-06-24","UY","Uruguay","AMRO",6,882,0,25
"2020-06-25","UY","Uruguay","AMRO",3,885,0,25
"2020-06-26","UY","Uruguay","AMRO",17,902,1,26
"2020-06-27","UY","Uruguay","AMRO",5,907,0,26
"2020-06-28","UY","Uruguay","AMRO",12,919,0,26
"2020-06-29","UY","Uruguay","AMRO",5,924,0,26
"2020-06-30","UY","Uruguay","AMRO",5,929,1,27
"2020-07-01","UY","Uruguay","AMRO",3,932,0,27
"2020-07-02","UY","Uruguay","AMRO",4,936,0,27
"2020-07-03","UY","Uruguay","AMRO",7,943,1,28
"2020-07-04","UY","Uruguay","AMRO",4,947,0,28
"2020-07-05","UY","Uruguay","AMRO",5,952,0,28
"2020-07-06","UY","Uruguay","AMRO",3,955,0,28
"2020-07-07","UY","Uruguay","AMRO",1,956,0,28
"2020-07-08","UY","Uruguay","AMRO",4,960,1,29
"2020-07-09","UY","Uruguay","AMRO",5,965,0,29
"2020-07-10","UY","Uruguay","AMRO",9,974,0,29
"2020-07-11","UY","Uruguay","AMRO",3,977,0,29
"2020-07-12","UY","Uruguay","AMRO",8,985,0,29
"2020-07-13","UY","Uruguay","AMRO",1,986,1,30
"2020-07-14","UY","Uruguay","AMRO",1,987,1,31
"2020-07-15","UY","Uruguay","AMRO",2,989,0,31
"2020-07-16","UY","Uruguay","AMRO",8,997,0,31
"2020-07-17","UY","Uruguay","AMRO",12,1009,0,31
"2020-07-18","UY","Uruguay","AMRO",17,1026,1,32
"2020-07-19","UY","Uruguay","AMRO",11,1037,0,32
"2020-07-20","UY","Uruguay","AMRO",7,1044,1,33
"2020-07-21","UY","Uruguay","AMRO",10,1054,0,33
"2020-07-22","UY","Uruguay","AMRO",10,1064,0,33
"2020-07-23","UY","Uruguay","AMRO",32,1096,0,33
"2020-07-24","UY","Uruguay","AMRO",21,1117,1,34
"2020-07-25","UY","Uruguay","AMRO",24,1141,0,34
"2020-07-26","UY","Uruguay","AMRO",25,1166,0,34
"2020-07-27","UY","Uruguay","AMRO",8,1174,0,34
"2020-07-28","UY","Uruguay","AMRO",18,1192,0,34
"2020-07-29","UY","Uruguay","AMRO",10,1202,1,35
"2020-07-30","UY","Uruguay","AMRO",16,1218,0,35
"2020-07-31","UY","Uruguay","AMRO",19,1237,0,35
"2020-08-01","UY","Uruguay","AMRO",6,1243,0,35
"2020-08-02","UY","Uruguay","AMRO",22,1265,0,35
"2020-08-03","UY","Uruguay","AMRO",13,1278,0,35
"2020-08-04","UY","Uruguay","AMRO",8,1286,1,36
"2020-08-05","UY","Uruguay","AMRO",5,1291,0,36
"2020-08-06","UY","Uruguay","AMRO",9,1300,1,37
"2020-08-07","UY","Uruguay","AMRO",9,1309,0,37
"2020-08-08","UY","Uruguay","AMRO",9,1318,0,37
"2020-08-09","UY","Uruguay","AMRO",7,1325,0,37
"2020-08-10","UY","Uruguay","AMRO",10,1335,0,37
"2020-08-11","UY","Uruguay","AMRO",18,1353,0,37
"2020-08-12","UY","Uruguay","AMRO",11,1364,0,37
"2020-08-13","UY","Uruguay","AMRO",21,1385,0,37
"2020-08-14","UY","Uruguay","AMRO",8,1393,0,37
"2020-08-15","UY","Uruguay","AMRO",16,1409,0,37
"2020-08-16","UY","Uruguay","AMRO",12,1421,1,38
"2020-08-17","UY","Uruguay","AMRO",13,1434,0,38
"2020-08-18","UY","Uruguay","AMRO",6,1440,0,38
"2020-08-19","UY","Uruguay","AMRO",17,1457,2,40
"2020-08-20","UY","Uruguay","AMRO",28,1485,0,40
"2020-08-21","UY","Uruguay","AMRO",8,1493,0,40
"2020-08-22","UY","Uruguay","AMRO",13,1506,1,41
"2020-08-23","UY","Uruguay","AMRO",10,1516,1,42
"2020-08-24","UY","Uruguay","AMRO",5,1521,0,42
"2020-08-25","UY","Uruguay","AMRO",6,1527,0,42
"2020-08-26","UY","Uruguay","AMRO",6,1533,0,42
"2020-08-27","UY","Uruguay","AMRO",3,1536,1,43
"2020-08-28","UY","Uruguay","AMRO",7,1543,0,43
"2020-08-29","UY","Uruguay","AMRO",8,1551,0,43
"2020-08-30","UY","Uruguay","AMRO",5,1556,0,43
"2020-08-31","UY","Uruguay","AMRO",14,1570,1,44
"2020-09-01","UY","Uruguay","AMRO",15,1585,0,44
"2020-09-02","UY","Uruguay","AMRO",10,1595,0,44
"2020-09-03","UY","Uruguay","AMRO",16,1611,0,44
"2020-09-04","UY","Uruguay","AMRO",15,1626,0,44
"2020-09-05","UY","Uruguay","AMRO",10,1636,0,44
"2020-09-06","UY","Uruguay","AMRO",17,1653,1,45
"2020-09-07","UY","Uruguay","AMRO",16,1669,0,45
"2020-09-08","UY","Uruguay","AMRO",10,1679,0,45
"2020-09-09","UY","Uruguay","AMRO",14,1693,0,45
"2020-09-10","UY","Uruguay","AMRO",19,1712,0,45
"2020-09-11","UY","Uruguay","AMRO",29,1741,0,45
"2020-09-12","UY","Uruguay","AMRO",18,1759,0,45
"2020-09-13","UY","Uruguay","AMRO",14,1773,0,45
"2020-09-14","UY","Uruguay","AMRO",7,1780,0,45
"2020-09-15","UY","Uruguay","AMRO",28,1808,0,45
"2020-09-16","UY","Uruguay","AMRO",4,1812,0,45
"2020-09-17","UY","Uruguay","AMRO",15,1827,0,45
"2020-09-18","UY","Uruguay","AMRO",29,1856,0,45
"2020-09-19","UY","Uruguay","AMRO",20,1876,1,46
"2020-09-20","UY","Uruguay","AMRO",14,1890,0,46
"2020-09-21","UY","Uruguay","AMRO",14,1904,0,46
"2020-09-22","UY","Uruguay","AMRO",13,1917,0,46
"2020-09-23","UY","Uruguay","AMRO",10,1927,0,46
"2020-09-24","UY","Uruguay","AMRO",7,1934,0,46
"2020-09-25","UY","Uruguay","AMRO",12,1946,1,47
"2020-09-26","UY","Uruguay","AMRO",13,1959,0,47
"2020-09-27","UY","Uruguay","AMRO",8,1967,0,47
"2020-09-28","UY","Uruguay","AMRO",31,1998,0,47
"2020-09-29","UY","Uruguay","AMRO",10,2008,0,47
"2020-09-30","UY","Uruguay","AMRO",2,2010,0,47
"2020-10-01","UY","Uruguay","AMRO",23,2033,1,48
"2020-10-02","UY","Uruguay","AMRO",13,2046,0,48
"2020-10-03","UY","Uruguay","AMRO",15,2061,0,48
"2020-10-04","UY","Uruguay","AMRO",36,2097,0,48
"2020-10-05","UY","Uruguay","AMRO",25,2122,0,48
"2020-10-06","UY","Uruguay","AMRO",23,2145,0,48
"2020-10-07","UY","Uruguay","AMRO",10,2155,0,48
"2020-10-08","UY","Uruguay","AMRO",22,2177,1,49
"2020-10-09","UY","Uruguay","AMRO",29,2206,0,49
"2020-10-10","UY","Uruguay","AMRO",20,2226,0,49
"2020-10-11","UY","Uruguay","AMRO",25,2251,0,49
"2020-10-12","UY","Uruguay","AMRO",17,2268,1,50
"2020-10-13","UY","Uruguay","AMRO",26,2294,0,50
"2020-10-14","UY","Uruguay","AMRO",19,2313,1,51
"2020-10-15","UY","Uruguay","AMRO",24,2337,0,51
"2020-10-16","UY","Uruguay","AMRO",51,2388,0,51
"2020-10-17","UY","Uruguay","AMRO",29,2417,0,51
"2020-10-18","UY","Uruguay","AMRO",33,2450,0,51
"2020-10-19","UY","Uruguay","AMRO",51,2501,0,51
"2020-10-20","UY","Uruguay","AMRO",30,2531,0,51
"2020-10-21","UY","Uruguay","AMRO",29,2560,0,51
"2020-10-22","UY","Uruguay","AMRO",63,2623,1,52
"2020-10-23","UY","Uruguay","AMRO",40,2663,1,53
"2020-10-24","UY","Uruguay","AMRO",38,2701,0,53
"2020-10-25","UY","Uruguay","AMRO",58,2759,0,53
"2020-10-26","UY","Uruguay","AMRO",48,2807,0,53
"2020-10-27","UY","Uruguay","AMRO",44,2851,0,53
"2020-10-28","UY","Uruguay","AMRO",21,2872,1,54
"2020-10-29","UY","Uruguay","AMRO",44,2916,0,54
"2020-10-30","UY","Uruguay","AMRO",65,2981,1,55
"2020-10-31","UY","Uruguay","AMRO",63,3044,2,57
"2020-11-01","UY","Uruguay","AMRO",38,3082,1,58
"2020-11-02","UY","Uruguay","AMRO",42,3124,0,58
"2020-11-03","UY","Uruguay","AMRO",25,3149,1,59
"2020-11-04","UY","Uruguay","AMRO",16,3165,1,60
"2020-11-05","UY","Uruguay","AMRO",31,3196,1,61
"2020-11-06","UY","Uruguay","AMRO",49,3245,0,61
"2020-11-07","UY","Uruguay","AMRO",64,3309,0,61
"2020-11-08","UY","Uruguay","AMRO",61,3370,0,61
"2020-11-09","UY","Uruguay","AMRO",71,3441,0,61
"2020-11-10","UY","Uruguay","AMRO",73,3514,1,62
"2020-11-11","UY","Uruguay","AMRO",46,3560,0,62
"2020-11-12","UY","Uruguay","AMRO",60,3620,0,62
"2020-11-13","UY","Uruguay","AMRO",80,3700,1,63
"2020-11-14","UY","Uruguay","AMRO",95,3795,0,63
"2020-11-15","UY","Uruguay","AMRO",88,3883,1,64
"2020-11-16","UY","Uruguay","AMRO",74,3957,0,64
"2020-11-17","UY","Uruguay","AMRO",73,4030,1,65
"2020-11-18","UY","Uruguay","AMRO",74,4104,2,67
"2020-11-19","UY","Uruguay","AMRO",104,4208,1,68
"2020-11-20","UY","Uruguay","AMRO",88,4296,0,68
"2020-11-21","UY","Uruguay","AMRO",81,4377,1,69
"2020-11-22","UY","Uruguay","AMRO",100,4477,0,69
"2020-11-23","UY","Uruguay","AMRO",87,4564,0,69
"2020-11-24","UY","Uruguay","AMRO",135,4699,2,71
"2020-11-25","UY","Uruguay","AMRO",64,4763,0,71
"2020-11-26","UY","Uruguay","AMRO",107,4870,1,72
"2020-11-27","UY","Uruguay","AMRO",118,4988,1,73
"2020-11-28","UY","Uruguay","AMRO",129,5117,1,74
"2020-11-29","UY","Uruguay","AMRO",186,5303,0,74
"2020-11-30","UY","Uruguay","AMRO",208,5511,1,75
"2020-12-01","UY","Uruguay","AMRO",205,5716,1,76
"2020-12-02","UY","Uruguay","AMRO",141,5857,1,77
"2020-12-03","UY","Uruguay","AMRO",167,6024,1,78
"2020-12-04","UY","Uruguay","AMRO",201,6225,2,80
"2020-12-05","UY","Uruguay","AMRO",230,6455,0,80
"2020-12-06","UY","Uruguay","AMRO",276,6731,0,80
"2020-12-07","UY","Uruguay","AMRO",234,6965,1,81
"2020-12-08","UY","Uruguay","AMRO",338,7303,1,82
"2020-12-09","UY","Uruguay","AMRO",202,7505,1,83
"2020-12-10","UY","Uruguay","AMRO",301,7806,3,86
"2020-12-11","UY","Uruguay","AMRO",298,8104,1,87
"2020-12-12","UY","Uruguay","AMRO",383,8487,3,90
