"Fecha_de_reporte","Codigo_pais","Paises","Region","Casos_nuevos","Casos_acumulados","defunciones_nuevas","defunciones_acumuladas"
"2020-01-03","UZ","Uzbekistan","EURO",0,0,0,0
"2020-01-04","UZ","Uzbekistan","EURO",0,0,0,0
"2020-01-05","UZ","Uzbekistan","EURO",0,0,0,0
"2020-01-06","UZ","Uzbekistan","EURO",0,0,0,0
"2020-01-07","UZ","Uzbekistan","EURO",0,0,0,0
"2020-01-08","UZ","Uzbekistan","EURO",0,0,0,0
"2020-01-09","UZ","Uzbekistan","EURO",0,0,0,0
"2020-01-10","UZ","Uzbekistan","EURO",0,0,0,0
"2020-01-11","UZ","Uzbekistan","EURO",0,0,0,0
"2020-01-12","UZ","Uzbekistan","EURO",0,0,0,0
"2020-01-13","UZ","Uzbekistan","EURO",0,0,0,0
"2020-01-14","UZ","Uzbekistan","EURO",0,0,0,0
"2020-01-15","UZ","Uzbekistan","EURO",0,0,0,0
"2020-01-16","UZ","Uzbekistan","EURO",0,0,0,0
"2020-01-17","UZ","Uzbekistan","EURO",0,0,0,0
"2020-01-18","UZ","Uzbekistan","EURO",0,0,0,0
"2020-01-19","UZ","Uzbekistan","EURO",0,0,0,0
"2020-01-20","UZ","Uzbekistan","EURO",0,0,0,0
"2020-01-21","UZ","Uzbekistan","EURO",0,0,0,0
"2020-01-22","UZ","Uzbekistan","EURO",0,0,0,0
"2020-01-23","UZ","Uzbekistan","EURO",0,0,0,0
"2020-01-24","UZ","Uzbekistan","EURO",0,0,0,0
"2020-01-25","UZ","Uzbekistan","EURO",0,0,0,0
"2020-01-26","UZ","Uzbekistan","EURO",0,0,0,0
"2020-01-27","UZ","Uzbekistan","EURO",0,0,0,0
"2020-01-28","UZ","Uzbekistan","EURO",0,0,0,0
"2020-01-29","UZ","Uzbekistan","EURO",0,0,0,0
"2020-01-30","UZ","Uzbekistan","EURO",0,0,0,0
"2020-01-31","UZ","Uzbekistan","EURO",0,0,0,0
"2020-02-01","UZ","Uzbekistan","EURO",0,0,0,0
"2020-02-02","UZ","Uzbekistan","EURO",0,0,0,0
"2020-02-03","UZ","Uzbekistan","EURO",0,0,0,0
"2020-02-04","UZ","Uzbekistan","EURO",0,0,0,0
"2020-02-05","UZ","Uzbekistan","EURO",0,0,0,0
"2020-02-06","UZ","Uzbekistan","EURO",0,0,0,0
"2020-02-07","UZ","Uzbekistan","EURO",0,0,0,0
"2020-02-08","UZ","Uzbekistan","EURO",0,0,0,0
"2020-02-09","UZ","Uzbekistan","EURO",0,0,0,0
"2020-02-10","UZ","Uzbekistan","EURO",0,0,0,0
"2020-02-11","UZ","Uzbekistan","EURO",0,0,0,0
"2020-02-12","UZ","Uzbekistan","EURO",0,0,0,0
"2020-02-13","UZ","Uzbekistan","EURO",0,0,0,0
"2020-02-14","UZ","Uzbekistan","EURO",0,0,0,0
"2020-02-15","UZ","Uzbekistan","EURO",0,0,0,0
"2020-02-16","UZ","Uzbekistan","EURO",0,0,0,0
"2020-02-17","UZ","Uzbekistan","EURO",0,0,0,0
"2020-02-18","UZ","Uzbekistan","EURO",0,0,0,0
"2020-02-19","UZ","Uzbekistan","EURO",0,0,0,0
"2020-02-20","UZ","Uzbekistan","EURO",0,0,0,0
"2020-02-21","UZ","Uzbekistan","EURO",0,0,0,0
"2020-02-22","UZ","Uzbekistan","EURO",0,0,0,0
"2020-02-23","UZ","Uzbekistan","EURO",0,0,0,0
"2020-02-24","UZ","Uzbekistan","EURO",0,0,0,0
"2020-02-25","UZ","Uzbekistan","EURO",0,0,0,0
"2020-02-26","UZ","Uzbekistan","EURO",0,0,0,0
"2020-02-27","UZ","Uzbekistan","EURO",0,0,0,0
"2020-02-28","UZ","Uzbekistan","EURO",0,0,0,0
"2020-02-29","UZ","Uzbekistan","EURO",0,0,0,0
"2020-03-01","UZ","Uzbekistan","EURO",0,0,0,0
"2020-03-02","UZ","Uzbekistan","EURO",0,0,0,0
"2020-03-03","UZ","Uzbekistan","EURO",0,0,0,0
"2020-03-04","UZ","Uzbekistan","EURO",0,0,0,0
"2020-03-05","UZ","Uzbekistan","EURO",0,0,0,0
"2020-03-06","UZ","Uzbekistan","EURO",0,0,0,0
"2020-03-07","UZ","Uzbekistan","EURO",0,0,0,0
"2020-03-08","UZ","Uzbekistan","EURO",0,0,0,0
"2020-03-09","UZ","Uzbekistan","EURO",0,0,0,0
"2020-03-10","UZ","Uzbekistan","EURO",0,0,0,0
"2020-03-11","UZ","Uzbekistan","EURO",0,0,0,0
"2020-03-12","UZ","Uzbekistan","EURO",0,0,0,0
"2020-03-13","UZ","Uzbekistan","EURO",0,0,0,0
"2020-03-14","UZ","Uzbekistan","EURO",0,0,0,0
"2020-03-15","UZ","Uzbekistan","EURO",0,0,0,0
"2020-03-16","UZ","Uzbekistan","EURO",4,4,0,0
"2020-03-17","UZ","Uzbekistan","EURO",0,4,0,0
"2020-03-18","UZ","Uzbekistan","EURO",0,4,0,0
"2020-03-19","UZ","Uzbekistan","EURO",0,4,0,0
"2020-03-20","UZ","Uzbekistan","EURO",17,21,0,0
"2020-03-21","UZ","Uzbekistan","EURO",20,41,0,0
"2020-03-22","UZ","Uzbekistan","EURO",0,41,0,0
"2020-03-23","UZ","Uzbekistan","EURO",5,46,0,0
"2020-03-24","UZ","Uzbekistan","EURO",4,50,0,0
"2020-03-25","UZ","Uzbekistan","EURO",6,56,0,0
"2020-03-26","UZ","Uzbekistan","EURO",9,65,0,0
"2020-03-27","UZ","Uzbekistan","EURO",23,88,0,0
"2020-03-28","UZ","Uzbekistan","EURO",16,104,1,1
"2020-03-29","UZ","Uzbekistan","EURO",40,144,1,2
"2020-03-30","UZ","Uzbekistan","EURO",5,149,0,2
"2020-03-31","UZ","Uzbekistan","EURO",18,167,0,2
"2020-04-01","UZ","Uzbekistan","EURO",6,173,0,2
"2020-04-02","UZ","Uzbekistan","EURO",17,190,0,2
"2020-04-03","UZ","Uzbekistan","EURO",31,221,0,2
"2020-04-04","UZ","Uzbekistan","EURO",20,241,0,2
"2020-04-05","UZ","Uzbekistan","EURO",57,298,0,2
"2020-04-06","UZ","Uzbekistan","EURO",92,390,0,2
"2020-04-07","UZ","Uzbekistan","EURO",82,472,0,2
"2020-04-08","UZ","Uzbekistan","EURO",62,534,1,3
"2020-04-09","UZ","Uzbekistan","EURO",21,555,0,3
"2020-04-10","UZ","Uzbekistan","EURO",69,624,0,3
"2020-04-11","UZ","Uzbekistan","EURO",0,624,0,3
"2020-04-12","UZ","Uzbekistan","EURO",172,796,0,3
"2020-04-13","UZ","Uzbekistan","EURO",100,896,1,4
"2020-04-14","UZ","Uzbekistan","EURO",158,1054,0,4
"2020-04-15","UZ","Uzbekistan","EURO",160,1214,0,4
"2020-04-16","UZ","Uzbekistan","EURO",135,1349,0,4
"2020-04-17","UZ","Uzbekistan","EURO",31,1380,0,4
"2020-04-18","UZ","Uzbekistan","EURO",70,1450,0,4
"2020-04-19","UZ","Uzbekistan","EURO",45,1495,1,5
"2020-04-20","UZ","Uzbekistan","EURO",70,1565,0,5
"2020-04-21","UZ","Uzbekistan","EURO",92,1657,0,5
"2020-04-22","UZ","Uzbekistan","EURO",0,1657,1,6
"2020-04-23","UZ","Uzbekistan","EURO",59,1716,1,7
"2020-04-24","UZ","Uzbekistan","EURO",62,1778,0,7
"2020-04-25","UZ","Uzbekistan","EURO",58,1836,1,8
"2020-04-26","UZ","Uzbekistan","EURO",29,1865,0,8
"2020-04-27","UZ","Uzbekistan","EURO",22,1887,0,8
"2020-04-28","UZ","Uzbekistan","EURO",37,1924,0,8
"2020-04-29","UZ","Uzbekistan","EURO",31,1955,0,8
"2020-04-30","UZ","Uzbekistan","EURO",76,2031,1,9
"2020-05-01","UZ","Uzbekistan","EURO",15,2046,0,9
"2020-05-02","UZ","Uzbekistan","EURO",48,2094,0,9
"2020-05-03","UZ","Uzbekistan","EURO",33,2127,0,9
"2020-05-04","UZ","Uzbekistan","EURO",33,2160,1,10
"2020-05-05","UZ","Uzbekistan","EURO",29,2189,0,10
"2020-05-06","UZ","Uzbekistan","EURO",28,2217,0,10
"2020-05-07","UZ","Uzbekistan","EURO",49,2266,0,10
"2020-05-08","UZ","Uzbekistan","EURO",48,2314,0,10
"2020-05-09","UZ","Uzbekistan","EURO",22,2336,0,10
"2020-05-10","UZ","Uzbekistan","EURO",51,2387,0,10
"2020-05-11","UZ","Uzbekistan","EURO",24,2411,0,10
"2020-05-12","UZ","Uzbekistan","EURO",98,2509,0,10
"2020-05-13","UZ","Uzbekistan","EURO",89,2598,0,10
"2020-05-14","UZ","Uzbekistan","EURO",22,2620,1,11
"2020-05-15","UZ","Uzbekistan","EURO",32,2652,0,11
"2020-05-16","UZ","Uzbekistan","EURO",39,2691,0,11
"2020-05-17","UZ","Uzbekistan","EURO",50,2741,0,11
"2020-05-18","UZ","Uzbekistan","EURO",21,2762,1,12
"2020-05-19","UZ","Uzbekistan","EURO",40,2802,1,13
"2020-05-20","UZ","Uzbekistan","EURO",78,2880,0,13
"2020-05-21","UZ","Uzbekistan","EURO",70,2950,0,13
"2020-05-22","UZ","Uzbekistan","EURO",56,3006,0,13
"2020-05-23","UZ","Uzbekistan","EURO",72,3078,0,13
"2020-05-24","UZ","Uzbekistan","EURO",54,3132,0,13
"2020-05-25","UZ","Uzbekistan","EURO",48,3180,0,13
"2020-05-26","UZ","Uzbekistan","EURO",81,3261,0,13
"2020-05-27","UZ","Uzbekistan","EURO",72,3333,1,14
"2020-05-28","UZ","Uzbekistan","EURO",63,3396,0,14
"2020-05-29","UZ","Uzbekistan","EURO",67,3463,0,14
"2020-05-30","UZ","Uzbekistan","EURO",50,3513,0,14
"2020-05-31","UZ","Uzbekistan","EURO",41,3554,0,14
"2020-06-01","UZ","Uzbekistan","EURO",108,3662,1,15
"2020-06-02","UZ","Uzbekistan","EURO",56,3718,0,15
"2020-06-03","UZ","Uzbekistan","EURO",0,3718,0,15
"2020-06-04","UZ","Uzbekistan","EURO",156,3874,1,16
"2020-06-05","UZ","Uzbekistan","EURO",91,3965,0,16
"2020-06-06","UZ","Uzbekistan","EURO",57,4022,0,16
"2020-06-07","UZ","Uzbekistan","EURO",159,4181,1,17
"2020-06-08","UZ","Uzbekistan","EURO",171,4352,0,17
"2020-06-09","UZ","Uzbekistan","EURO",96,4448,1,18
"2020-06-10","UZ","Uzbekistan","EURO",99,4547,0,18
"2020-06-11","UZ","Uzbekistan","EURO",148,4695,1,19
"2020-06-12","UZ","Uzbekistan","EURO",124,4819,0,19
"2020-06-13","UZ","Uzbekistan","EURO",82,4901,0,19
"2020-06-14","UZ","Uzbekistan","EURO",93,4994,0,19
"2020-06-15","UZ","Uzbekistan","EURO",109,5103,0,19
"2020-06-16","UZ","Uzbekistan","EURO",190,5293,0,19
"2020-06-17","UZ","Uzbekistan","EURO",268,5561,0,19
"2020-06-18","UZ","Uzbekistan","EURO",136,5697,0,19
"2020-06-19","UZ","Uzbekistan","EURO",158,5855,0,19
"2020-06-20","UZ","Uzbekistan","EURO",170,6025,0,19
"2020-06-21","UZ","Uzbekistan","EURO",191,6216,0,19
"2020-06-22","UZ","Uzbekistan","EURO",142,6358,0,19
"2020-06-23","UZ","Uzbekistan","EURO",142,6500,0,19
"2020-06-24","UZ","Uzbekistan","EURO",255,6755,0,19
"2020-06-25","UZ","Uzbekistan","EURO",235,6990,0,19
"2020-06-26","UZ","Uzbekistan","EURO",238,7228,1,20
"2020-06-27","UZ","Uzbekistan","EURO",262,7490,0,20
"2020-06-28","UZ","Uzbekistan","EURO",235,7725,0,20
"2020-06-29","UZ","Uzbekistan","EURO",306,8031,2,22
"2020-06-30","UZ","Uzbekistan","EURO",267,8298,2,24
"2020-07-01","UZ","Uzbekistan","EURO",329,8627,2,26
"2020-07-02","UZ","Uzbekistan","EURO",277,8904,0,26
"2020-07-03","UZ","Uzbekistan","EURO",295,9199,1,27
"2020-07-04","UZ","Uzbekistan","EURO",301,9500,2,29
"2020-07-05","UZ","Uzbekistan","EURO",329,9829,2,31
"2020-07-06","UZ","Uzbekistan","EURO",314,10143,4,35
"2020-07-07","UZ","Uzbekistan","EURO",316,10459,3,38
"2020-07-08","UZ","Uzbekistan","EURO",379,10838,3,41
"2020-07-09","UZ","Uzbekistan","EURO",421,11259,6,47
"2020-07-10","UZ","Uzbekistan","EURO",464,11723,5,52
"2020-07-11","UZ","Uzbekistan","EURO",483,12206,3,55
"2020-07-12","UZ","Uzbekistan","EURO",500,12706,3,58
"2020-07-13","UZ","Uzbekistan","EURO",487,13193,3,61
"2020-07-14","UZ","Uzbekistan","EURO",679,13872,3,64
"2020-07-15","UZ","Uzbekistan","EURO",421,14293,4,68
"2020-07-16","UZ","Uzbekistan","EURO",494,14787,4,72
"2020-07-17","UZ","Uzbekistan","EURO",562,15349,4,76
"2020-07-18","UZ","Uzbekistan","EURO",547,15896,4,80
"2020-07-19","UZ","Uzbekistan","EURO",533,16429,4,84
"2020-07-20","UZ","Uzbekistan","EURO",537,16966,4,88
"2020-07-21","UZ","Uzbekistan","EURO",624,17590,4,92
"2020-07-22","UZ","Uzbekistan","EURO",581,18171,4,96
"2020-07-23","UZ","Uzbekistan","EURO",360,18531,3,99
"2020-07-24","UZ","Uzbekistan","EURO",455,18986,4,103
"2020-07-25","UZ","Uzbekistan","EURO",667,19653,1,104
"2020-07-26","UZ","Uzbekistan","EURO",573,20226,8,112
"2020-07-27","UZ","Uzbekistan","EURO",594,20820,5,117
"2020-07-28","UZ","Uzbekistan","EURO",686,21506,2,119
"2020-07-29","UZ","Uzbekistan","EURO",663,22169,10,129
"2020-07-30","UZ","Uzbekistan","EURO",703,22872,3,132
"2020-07-31","UZ","Uzbekistan","EURO",686,23558,5,137
"2020-08-01","UZ","Uzbekistan","EURO",746,24304,6,143
"2020-08-02","UZ","Uzbekistan","EURO",736,25040,6,149
"2020-08-03","UZ","Uzbekistan","EURO",788,25828,6,155
"2020-08-04","UZ","Uzbekistan","EURO",722,26550,6,161
"2020-08-05","UZ","Uzbekistan","EURO",764,27314,6,167
"2020-08-06","UZ","Uzbekistan","EURO",755,28069,6,173
"2020-08-07","UZ","Uzbekistan","EURO",740,28809,6,179
"2020-08-08","UZ","Uzbekistan","EURO",650,29459,6,185
"2020-08-09","UZ","Uzbekistan","EURO",738,30197,5,190
"2020-08-10","UZ","Uzbekistan","EURO",623,30820,6,196
"2020-08-11","UZ","Uzbekistan","EURO",725,31545,6,202
"2020-08-12","UZ","Uzbekistan","EURO",670,32215,6,208
"2020-08-13","UZ","Uzbekistan","EURO",622,32837,5,213
"2020-08-14","UZ","Uzbekistan","EURO",724,33561,5,218
"2020-08-15","UZ","Uzbekistan","EURO",690,34251,5,223
"2020-08-16","UZ","Uzbekistan","EURO",693,34944,5,228
"2020-08-17","UZ","Uzbekistan","EURO",569,35513,6,234
"2020-08-18","UZ","Uzbekistan","EURO",587,36100,6,240
"2020-08-19","UZ","Uzbekistan","EURO",660,36760,5,245
"2020-08-20","UZ","Uzbekistan","EURO",606,37366,5,250
"2020-08-21","UZ","Uzbekistan","EURO",459,37825,6,256
"2020-08-22","UZ","Uzbekistan","EURO",406,38231,6,262
"2020-08-23","UZ","Uzbekistan","EURO",467,38698,7,269
"2020-08-24","UZ","Uzbekistan","EURO",367,39065,6,275
"2020-08-25","UZ","Uzbekistan","EURO",441,39506,7,282
"2020-08-26","UZ","Uzbekistan","EURO",284,39790,7,289
"2020-08-27","UZ","Uzbekistan","EURO",405,40195,6,295
"2020-08-28","UZ","Uzbekistan","EURO",418,40613,5,300
"2020-08-29","UZ","Uzbekistan","EURO",340,40953,5,305
"2020-08-30","UZ","Uzbekistan","EURO",350,41303,6,311
"2020-08-31","UZ","Uzbekistan","EURO",348,41651,6,317
"2020-09-01","UZ","Uzbekistan","EURO",343,41994,5,322
"2020-09-02","UZ","Uzbekistan","EURO",376,42370,4,326
"2020-09-03","UZ","Uzbekistan","EURO",170,42540,3,329
"2020-09-04","UZ","Uzbekistan","EURO",363,42903,7,336
"2020-09-05","UZ","Uzbekistan","EURO",266,43169,2,338
"2020-09-06","UZ","Uzbekistan","EURO",307,43476,5,343
"2020-09-07","UZ","Uzbekistan","EURO",299,43775,7,350
"2020-09-08","UZ","Uzbekistan","EURO",332,44107,6,356
"2020-09-09","UZ","Uzbekistan","EURO",450,44557,6,362
"2020-09-10","UZ","Uzbekistan","EURO",603,45160,6,368
"2020-09-11","UZ","Uzbekistan","EURO",767,45927,7,375
"2020-09-12","UZ","Uzbekistan","EURO",571,46498,7,382
"2020-09-13","UZ","Uzbekistan","EURO",544,47042,6,388
"2020-09-14","UZ","Uzbekistan","EURO",578,47620,6,394
"2020-09-15","UZ","Uzbekistan","EURO",572,48192,6,400
"2020-09-16","UZ","Uzbekistan","EURO",584,48776,5,405
"2020-09-17","UZ","Uzbekistan","EURO",609,49385,6,411
"2020-09-18","UZ","Uzbekistan","EURO",609,49994,6,417
"2020-09-19","UZ","Uzbekistan","EURO",640,50634,6,423
"2020-09-20","UZ","Uzbekistan","EURO",601,51235,6,429
"2020-09-21","UZ","Uzbekistan","EURO",554,51789,6,435
"2020-09-22","UZ","Uzbekistan","EURO",702,52491,5,440
"2020-09-23","UZ","Uzbekistan","EURO",560,53051,3,443
"2020-09-24","UZ","Uzbekistan","EURO",616,53667,2,445
"2020-09-25","UZ","Uzbekistan","EURO",514,54181,3,448
"2020-09-26","UZ","Uzbekistan","EURO",281,54462,2,450
"2020-09-27","UZ","Uzbekistan","EURO",491,54953,4,454
"2020-09-28","UZ","Uzbekistan","EURO",640,55593,6,460
"2020-09-29","UZ","Uzbekistan","EURO",475,56068,3,463
"2020-09-30","UZ","Uzbekistan","EURO",451,56519,5,468
"2020-10-01","UZ","Uzbekistan","EURO",800,57319,6,474
"2020-10-02","UZ","Uzbekistan","EURO",457,57776,1,475
"2020-10-03","UZ","Uzbekistan","EURO",0,57776,0,475
"2020-10-04","UZ","Uzbekistan","EURO",645,58421,4,479
"2020-10-05","UZ","Uzbekistan","EURO",438,58859,4,483
"2020-10-06","UZ","Uzbekistan","EURO",338,59197,4,487
"2020-10-07","UZ","Uzbekistan","EURO",382,59579,4,491
"2020-10-08","UZ","Uzbekistan","EURO",326,59905,3,494
"2020-10-09","UZ","Uzbekistan","EURO",328,60233,3,497
"2020-10-10","UZ","Uzbekistan","EURO",329,60562,3,500
"2020-10-11","UZ","Uzbekistan","EURO",332,60894,3,503
"2020-10-12","UZ","Uzbekistan","EURO",311,61205,4,507
"2020-10-13","UZ","Uzbekistan","EURO",329,61534,3,510
"2020-10-14","UZ","Uzbekistan","EURO",325,61859,2,512
"2020-10-15","UZ","Uzbekistan","EURO",316,62175,4,516
"2020-10-16","UZ","Uzbekistan","EURO",309,62484,3,519
"2020-10-17","UZ","Uzbekistan","EURO",325,62809,3,522
"2020-10-18","UZ","Uzbekistan","EURO",315,63124,3,525
"2020-10-19","UZ","Uzbekistan","EURO",306,63430,4,529
"2020-10-20","UZ","Uzbekistan","EURO",307,63737,4,533
"2020-10-21","UZ","Uzbekistan","EURO",273,64010,1,534
"2020-10-22","UZ","Uzbekistan","EURO",325,64335,4,538
"2020-10-23","UZ","Uzbekistan","EURO",298,64633,3,541
"2020-10-24","UZ","Uzbekistan","EURO",290,64923,3,544
"2020-10-25","UZ","Uzbekistan","EURO",277,65200,3,547
"2020-10-26","UZ","Uzbekistan","EURO",280,65480,3,550
"2020-10-27","UZ","Uzbekistan","EURO",285,65765,4,554
"2020-10-28","UZ","Uzbekistan","EURO",272,66037,3,557
"2020-10-29","UZ","Uzbekistan","EURO",276,66313,3,560
"2020-10-30","UZ","Uzbekistan","EURO",229,66542,2,562
"2020-10-31","UZ","Uzbekistan","EURO",259,66801,2,564
"2020-11-01","UZ","Uzbekistan","EURO",254,67055,4,568
"2020-11-02","UZ","Uzbekistan","EURO",199,67254,3,571
"2020-11-03","UZ","Uzbekistan","EURO",247,67501,2,573
"2020-11-04","UZ","Uzbekistan","EURO",197,67698,2,575
"2020-11-05","UZ","Uzbekistan","EURO",234,67932,4,579
"2020-11-06","UZ","Uzbekistan","EURO",207,68139,0,579
"2020-11-07","UZ","Uzbekistan","EURO",84,68223,0,579
"2020-11-08","UZ","Uzbekistan","EURO",370,68593,2,581
"2020-11-09","UZ","Uzbekistan","EURO",195,68788,4,585
"2020-11-10","UZ","Uzbekistan","EURO",239,69027,3,588
"2020-11-11","UZ","Uzbekistan","EURO",146,69173,1,589
"2020-11-12","UZ","Uzbekistan","EURO",224,69397,2,591
"2020-11-13","UZ","Uzbekistan","EURO",283,69680,3,594
"2020-11-14","UZ","Uzbekistan","EURO",234,69914,2,596
"2020-11-15","UZ","Uzbekistan","EURO",188,70102,2,598
"2020-11-16","UZ","Uzbekistan","EURO",141,70243,0,598
"2020-11-17","UZ","Uzbekistan","EURO",201,70444,0,598
"2020-11-18","UZ","Uzbekistan","EURO",204,70648,1,599
"2020-11-19","UZ","Uzbekistan","EURO",210,70858,2,601
"2020-11-20","UZ","Uzbekistan","EURO",213,71071,1,602
"2020-11-21","UZ","Uzbekistan","EURO",209,71280,1,603
"2020-11-22","UZ","Uzbekistan","EURO",272,71552,0,603
"2020-11-23","UZ","Uzbekistan","EURO",161,71713,0,603
"2020-11-24","UZ","Uzbekistan","EURO",134,71847,1,604
"2020-11-25","UZ","Uzbekistan","EURO",192,72039,1,605
"2020-11-26","UZ","Uzbekistan","EURO",188,72227,1,606
"2020-11-27","UZ","Uzbekistan","EURO",182,72409,1,607
"2020-11-28","UZ","Uzbekistan","EURO",173,72582,1,608
"2020-11-29","UZ","Uzbekistan","EURO",227,72809,0,608
"2020-11-30","UZ","Uzbekistan","EURO",111,72920,0,608
"2020-12-01","UZ","Uzbekistan","EURO",174,73094,2,610
"2020-12-02","UZ","Uzbekistan","EURO",182,73276,1,611
"2020-12-03","UZ","Uzbekistan","EURO",155,73431,0,611
"2020-12-04","UZ","Uzbekistan","EURO",161,73592,0,611
"2020-12-05","UZ","Uzbekistan","EURO",159,73751,0,611
"2020-12-06","UZ","Uzbekistan","EURO",153,73904,0,611
"2020-12-07","UZ","Uzbekistan","EURO",149,74053,0,611
"2020-12-08","UZ","Uzbekistan","EURO",153,74206,0,611
"2020-12-09","UZ","Uzbekistan","EURO",146,74352,0,611
"2020-12-10","UZ","Uzbekistan","EURO",146,74498,0,611
"2020-12-11","UZ","Uzbekistan","EURO",166,74664,0,611
"2020-12-12","UZ","Uzbekistan","EURO",147,74811,1,612
